  R1   R2   R3      I1   I2   I3      A1   A2           dist.               Jij
   0    0    0       0    0    0       1    1      0.00000000000000  86.96334932384818
   0    0    1       0    0    1       1    1      2.48901998513811   2.73987743313641
   0    0   -1       0    0    9       1    1      2.48901998513811   2.73987743313641
   0    1    0       0    1    0       1    1      2.48901998513811   2.73986712258891
   0    1   -1       0    1    9       1    1      2.48901998513811   2.73985547257669
   0   -1    0       0    9    0       1    1      2.48901998513811   2.73986712258891
   0   -1    1       0    9    1       1    1      2.48901998513811   2.73985547257669
   1    0    0       1    0    0       1    1      2.48901998513811   2.73985187350296
   1    0   -1       1    0    9       1    1      2.48901998513811   2.73986523023935
   1   -1    0       1    9    0       1    1      2.48901998513811   2.73987932444194
  -1    0    0       9    0    0       1    1      2.48901998513811   2.73985187350296
  -1    0    1       9    0    1       1    1      2.48901998513811   2.73986523023935
  -1    1    0       9    1    0       1    1      2.48901998513811   2.73987932444194
   1    1   -1       1    1    9       1    1      3.52000582000000  -0.05296108013791
   1   -1    1       1    9    1       1    1      3.52000582000000  -0.05286019715191
   1   -1   -1       1    9    9       1    1      3.52000582000000  -0.05294652368665
  -1    1    1       9    1    1       1    1      3.52000582000000  -0.05294652368665
  -1    1   -1       9    1    9       1    1      3.52000582000000  -0.05286019715191
  -1   -1    1       9    9    1       1    1      3.52000582000000  -0.05296108013791
   0    1    1       0    1    1       1    1      4.31110907531355   0.28779458820566
   0    1   -2       0    1    8       1    1      4.31110907531355   0.28779078869020
   0    2   -1       0    2    9       1    1      4.31110907531355   0.28778030993776
   0   -2    1       0    8    1       1    1      4.31110907531355   0.28778030993776
   0   -1    2       0    9    2       1    1      4.31110907531355   0.28779078869020
   0   -1   -1       0    9    9       1    1      4.31110907531355   0.28779458820566
   1    0    1       1    0    1       1    1      4.31110907531355   0.28780413977553
   1    0   -2       1    0    8       1    1      4.31110907531355   0.28779994692393
   1    1    0       1    1    0       1    1      4.31110907531355   0.28779082944817
   1    1   -2       1    1    8       1    1      4.31110907531355   0.28778070803918
   1   -2    0       1    8    0       1    1      4.31110907531355   0.28779554755989
   1   -2    1       1    8    1       1    1      4.31110907531355   0.28779039201954
   2    0   -1       2    0    9       1    1      4.31110907531355   0.28779406032887
   2   -1    0       2    9    0       1    1      4.31110907531355   0.28780091067072
   2   -1   -1       2    9    9       1    1      4.31110907531355   0.28779458562739
  -2    0    1       8    0    1       1    1      4.31110907531355   0.28779406032887
  -2    1    0       8    1    0       1    1      4.31110907531355   0.28780091067072
  -2    1    1       8    1    1       1    1      4.31110907531355   0.28779458562739
  -1    0    2       9    0    2       1    1      4.31110907531355   0.28779994692393
  -1    0   -1       9    0    9       1    1      4.31110907531355   0.28780413977553
  -1    2    0       9    2    0       1    1      4.31110907531355   0.28779554755989
  -1    2   -1       9    2    9       1    1      4.31110907531355   0.28779039201954
  -1   -1    0       9    9    0       1    1      4.31110907531355   0.28779082944817
  -1   -1    2       9    9    2       1    1      4.31110907531355   0.28778070803918
   0    0    2       0    0    2       1    1      4.97803997027623   0.16449534755209
   0    0   -2       0    0    8       1    1      4.97803997027623   0.16449534755209
   0    2    0       0    2    0       1    1      4.97803997027623   0.16452112414859
   0    2   -2       0    2    8       1    1      4.97803997027623   0.16451884765025
   0   -2    0       0    8    0       1    1      4.97803997027623   0.16452112414859
   0   -2    2       0    8    2       1    1      4.97803997027623   0.16451884765025
   2    0    0       2    0    0       1    1      4.97803997027623   0.16452203312852
   2    0   -2       2    0    8       1    1      4.97803997027623   0.16451408822075
   2   -2    0       2    8    0       1    1      4.97803997027623   0.16450238472742
  -2    0    0       8    0    0       1    1      4.97803997027623   0.16452203312852
  -2    0    2       8    0    2       1    1      4.97803997027623   0.16451408822075
  -2    2    0       8    2    0       1    1      4.97803997027623   0.16450238472742
   1    2   -2       1    2    8       1    1      5.56561788412434   0.03036072170881
   1    2   -1       1    2    9       1    1      5.56561788412434   0.03037158979047
   1   -2    2       1    8    2       1    1      5.56561788412434   0.03037188918333
   1   -2   -1       1    8    9       1    1      5.56561788412434   0.03035961408555
   1   -1    2       1    9    2       1    1      5.56561788412434   0.03036752831513
   1   -1   -2       1    9    8       1    1      5.56561788412434   0.03035997423737
   2    1   -2       2    1    8       1    1      5.56561788412434   0.03037379839942
   2    1   -1       2    1    9       1    1      5.56561788412434   0.03036125144596
   2   -2    1       2    8    1       1    1      5.56561788412434   0.03036532251007
   2   -2   -1       2    8    9       1    1      5.56561788412434   0.03035807343173
   2   -1    1       2    9    1       1    1      5.56561788412434   0.03037242250958
   2   -1   -2       2    9    8       1    1      5.56561788412434   0.03036151922567
  -2    1    2       8    1    2       1    1      5.56561788412434   0.03036151922567
  -2    1   -1       8    1    9       1    1      5.56561788412434   0.03037242250958
  -2    2    1       8    2    1       1    1      5.56561788412434   0.03035807343173
  -2    2   -1       8    2    9       1    1      5.56561788412434   0.03036532251007
  -2   -1    1       8    9    1       1    1      5.56561788412434   0.03036125144596
  -2   -1    2       8    9    2       1    1      5.56561788412434   0.03037379839942
  -1    1    2       9    1    2       1    1      5.56561788412434   0.03035997423737
  -1    1   -2       9    1    8       1    1      5.56561788412434   0.03036752831513
  -1    2    1       9    2    1       1    1      5.56561788412434   0.03035961408555
  -1    2   -2       9    2    8       1    1      5.56561788412434   0.03037188918333
  -1   -2    1       9    8    1       1    1      5.56561788412434   0.03037158979047
  -1   -2    2       9    8    2       1    1      5.56561788412434   0.03036072170881
   1    1    1       1    1    1       1    1      6.09682892317815  -0.02219343353040
  -1   -1   -1       9    9    9       1    1      6.09682892317815  -0.02219343353040
   1    1   -3       1    1    7       1    1      6.09682892317815  -0.02220206226133
   1   -3    1       1    7    1       1    1      6.09682892317815  -0.02219802366407
   3   -1   -1       3    9    9       1    1      6.09682892317815  -0.02219343485524
  -3    1    1       7    1    1       1    1      6.09682892317815  -0.02219343485524
  -1    3   -1       9    3    9       1    1      6.09682892317815  -0.02219802366407
  -1   -1    3       9    9    3       1    1      6.09682892317815  -0.02220206226133
   0    1    2       0    1    2       1    1      6.58532788894513   0.12130396424858
   0    1   -3       0    1    7       1    1      6.58532788894513   0.12131200147352
   0    2    1       0    2    1       1    1      6.58532788894513   0.12130497541913
   0    2   -3       0    2    7       1    1      6.58532788894513   0.12130811354073
   0    3   -2       0    3    8       1    1      6.58532788894513   0.12131011435901
   0    3   -1       0    3    9       1    1      6.58532788894513   0.12130705841975
   0   -3    1       0    7    1       1    1      6.58532788894513   0.12130705841975
   0   -3    2       0    7    2       1    1      6.58532788894513   0.12131011435901
   0   -2    3       0    8    3       1    1      6.58532788894513   0.12130811354073
   0   -2   -1       0    8    9       1    1      6.58532788894513   0.12130497541913
   0   -1    3       0    9    3       1    1      6.58532788894513   0.12131200147352
   0   -1   -2       0    9    8       1    1      6.58532788894513   0.12130396424858
   1    0    2       1    0    2       1    1      6.58532788894513   0.12131972998434
   1    0   -3       1    0    7       1    1      6.58532788894513   0.12131199798965
   1    2    0       1    2    0       1    1      6.58532788894513   0.12130787994217
   1    2   -3       1    2    7       1    1      6.58532788894513   0.12130758732593
   1   -3    0       1    7    0       1    1      6.58532788894513   0.12130753465308
   1   -3    2       1    7    2       1    1      6.58532788894513   0.12131064090041
   2    0    1       2    0    1       1    1      6.58532788894513   0.12131063621871
   2    0   -3       2    0    7       1    1      6.58532788894513   0.12130966223446
   2    1    0       2    1    0       1    1      6.58532788894513   0.12130338225425
   2    1   -3       2    1    7       1    1      6.58532788894513   0.12130266431214
   2   -3    0       2    7    0       1    1      6.58532788894513   0.12130987299672
   2   -3    1       2    7    1       1    1      6.58532788894513   0.12131639925805
   3    0   -2       3    0    8       1    1      6.58532788894513   0.12131039153917
   3    0   -1       3    0    9       1    1      6.58532788894513   0.12131010765487
   3   -2    0       3    8    0       1    1      6.58532788894513   0.12131721928482
   3   -2   -1       3    8    9       1    1      6.58532788894513   0.12130731124774
   3   -1    0       3    9    0       1    1      6.58532788894513   0.12130390608646
   3   -1   -2       3    9    8       1    1      6.58532788894513   0.12130162669508
  -3    0    1       7    0    1       1    1      6.58532788894513   0.12131010765487
  -3    0    2       7    0    2       1    1      6.58532788894513   0.12131039153917
  -3    1    0       7    1    0       1    1      6.58532788894513   0.12130390608646
  -3    1    2       7    1    2       1    1      6.58532788894513   0.12130162669508
  -3    2    0       7    2    0       1    1      6.58532788894513   0.12131721928482
  -3    2    1       7    2    1       1    1      6.58532788894513   0.12130731124774
  -2    0    3       8    0    3       1    1      6.58532788894513   0.12130966223446
  -2    0   -1       8    0    9       1    1      6.58532788894513   0.12131063621871
  -2    3    0       8    3    0       1    1      6.58532788894513   0.12130987299672
  -2    3   -1       8    3    9       1    1      6.58532788894513   0.12131639925805
  -2   -1    0       8    9    0       1    1      6.58532788894513   0.12130338225425
  -2   -1    3       8    9    3       1    1      6.58532788894513   0.12130266431214
  -1    0    3       9    0    3       1    1      6.58532788894513   0.12131199798965
  -1    0   -2       9    0    8       1    1      6.58532788894513   0.12131972998434
  -1    3    0       9    3    0       1    1      6.58532788894513   0.12130753465308
  -1    3   -2       9    3    8       1    1      6.58532788894513   0.12131064090041
  -1   -2    0       9    8    0       1    1      6.58532788894513   0.12130787994217
  -1   -2    3       9    8    3       1    1      6.58532788894513   0.12130758732593
   2    2   -2       2    2    8       1    1      7.04001164000000   0.00497340585177
   2   -2    2       2    8    2       1    1      7.04001164000000   0.00497386948260
   2   -2   -2       2    8    8       1    1      7.04001164000000   0.00498843728696
  -2    2    2       8    2    2       1    1      7.04001164000000   0.00498843728696
  -2    2   -2       8    2    8       1    1      7.04001164000000   0.00497386948260
  -2   -2    2       8    8    2       1    1      7.04001164000000   0.00497340585177
   1    3   -2       1    3    8       1    1      7.46705995541434   0.01376991396580
   2    2   -3       2    2    7       1    1      7.46705995541434   0.01376863606082
   2    2   -1       2    2    9       1    1      7.46705995541434   0.01376719737497
   3    1   -2       3    1    8       1    1      7.46705995541434   0.01377192600908
  -3   -1    2       7    9    2       1    1      7.46705995541434   0.01377192600908
  -2   -2    1       8    8    1       1    1      7.46705995541434   0.01376719737497
  -2   -2    3       8    8    3       1    1      7.46705995541434   0.01376863606082
  -1   -3    2       9    7    2       1    1      7.46705995541434   0.01376991396580
   0    0    3       0    0    3       1    1      7.46705995541434  -0.08237108195720
   0    0   -3       0    0    7       1    1      7.46705995541434  -0.08237108195720
   0    3    0       0    3    0       1    1      7.46705995541434  -0.08237187454487
   0    3   -3       0    3    7       1    1      7.46705995541434  -0.08238268445235
   0   -3    0       0    7    0       1    1      7.46705995541434  -0.08237187454487
   0   -3    3       0    7    3       1    1      7.46705995541434  -0.08238268445235
   1   -2    3       1    8    3       1    1      7.46705995541434   0.01376899179962
   1   -2   -2       1    8    8       1    1      7.46705995541434   0.01376185709125
   2   -3    2       2    7    2       1    1      7.46705995541434   0.01377026938522
   2   -3   -1       2    7    9       1    1      7.46705995541434   0.01375926917845
   2   -1    2       2    9    2       1    1      7.46705995541434   0.01377228148900
   2   -1   -3       2    9    7       1    1      7.46705995541434   0.01376238248562
   3    0    0       3    0    0       1    1      7.46705995541434  -0.08238446187395
   3    0   -3       3    0    7       1    1      7.46705995541434  -0.08237815631659
   3   -3    0       3    7    0       1    1      7.46705995541434  -0.08236480604511
   3   -2    1       3    8    1       1    1      7.46705995541434   0.01376755318069
   3   -2   -2       3    8    8       1    1      7.46705995541434   0.01376185724080
  -3    0    0       7    0    0       1    1      7.46705995541434  -0.08238446187395
  -3    0    3       7    0    3       1    1      7.46705995541434  -0.08237815631659
  -3    2    2       7    2    2       1    1      7.46705995541434   0.01376185724080
  -3    2   -1       7    2    9       1    1      7.46705995541434   0.01376755318069
  -3    3    0       7    3    0       1    1      7.46705995541434  -0.08236480604511
  -2    1    3       8    1    3       1    1      7.46705995541434   0.01376238248562
  -2    1   -2       8    1    8       1    1      7.46705995541434   0.01377228148900
  -2    3    1       8    3    1       1    1      7.46705995541434   0.01375926917845
  -2    3   -2       8    3    8       1    1      7.46705995541434   0.01377026938522
  -1    2    2       9    2    2       1    1      7.46705995541434   0.01376185709125
  -1    2   -3       9    2    7       1    1      7.46705995541434   0.01376899179962
   1    3   -3       1    3    7       1    1      7.87097229471489   0.00193854923976
   1    3   -1       1    3    9       1    1      7.87097229471489   0.00194483608136
   1   -3    3       1    7    3       1    1      7.87097229471489   0.00193982554955
   1   -3   -1       1    7    9       1    1      7.87097229471489   0.00192619809629
   1   -1    3       1    9    3       1    1      7.87097229471489   0.00193077179565
   1   -1   -3       1    9    7       1    1      7.87097229471489   0.00193069172050
   3    1   -3       3    1    7       1    1      7.87097229471489   0.00194615894634
   3    1   -1       3    1    9       1    1      7.87097229471489   0.00193804803049
   3   -3    1       3    7    1       1    1      7.87097229471489   0.00192944960046
   3   -3   -1       3    7    9       1    1      7.87097229471489   0.00192946851042
   3   -1    1       3    9    1       1    1      7.87097229471489   0.00193932569304
   3   -1   -3       3    9    7       1    1      7.87097229471489   0.00192742003879
  -3    1    3       7    1    3       1    1      7.87097229471489   0.00192742003879
  -3    1   -1       7    1    9       1    1      7.87097229471489   0.00193932569304
  -3    3    1       7    3    1       1    1      7.87097229471489   0.00192946851042
  -3    3   -1       7    3    9       1    1      7.87097229471489   0.00192944960046
  -3   -1    1       7    9    1       1    1      7.87097229471489   0.00193804803049
  -3   -1    3       7    9    3       1    1      7.87097229471489   0.00194615894634
  -1    1    3       9    1    3       1    1      7.87097229471489   0.00193069172050
  -1    1   -3       9    1    7       1    1      7.87097229471489   0.00193077179565
  -1    3    1       9    3    1       1    1      7.87097229471489   0.00192619809629
  -1    3   -3       9    3    7       1    1      7.87097229471489   0.00193982554955
  -1   -3    1       9    7    1       1    1      7.87097229471489   0.00194483608136
  -1   -3    3       9    7    3       1    1      7.87097229471489   0.00193854923976
   1    1    2       1    1    2       1    1      8.25514538639910  -0.00751997627770
   1    1   -4       1    1    6       1    1      8.25514538639910  -0.00752607033180
   1    2    1       1    2    1       1    1      8.25514538639910  -0.00752711012452
   1    2   -4       1    2    6       1    1      8.25514538639910  -0.00752525132590
   1   -4    1       1    6    1       1    1      8.25514538639910  -0.00752975755834
   1   -4    2       1    6    2       1    1      8.25514538639910  -0.00752128777711
   2    1    1       2    1    1       1    1      8.25514538639910  -0.00752079937530
   2    1   -4       2    1    6       1    1      8.25514538639910  -0.00753067767031
   2   -4    1       2    6    1       1    1      8.25514538639910  -0.00752514753492
   4   -2   -1       4    8    9       1    1      8.25514538639910  -0.00752250232646
   4   -1   -2       4    9    8       1    1      8.25514538639910  -0.00752458409392
   4   -1   -1       4    9    9       1    1      8.25514538639910  -0.00752080070812
  -4    1    1       6    1    1       1    1      8.25514538639910  -0.00752080070812
  -4    1    2       6    1    2       1    1      8.25514538639910  -0.00752458409392
  -4    2    1       6    2    1       1    1      8.25514538639910  -0.00752250232646
  -2    4   -1       8    4    9       1    1      8.25514538639910  -0.00752514753492
  -2   -1    4       8    9    4       1    1      8.25514538639910  -0.00753067767031
  -2   -1   -1       8    9    9       1    1      8.25514538639910  -0.00752079937530
  -1    4   -2       9    4    8       1    1      8.25514538639910  -0.00752128777711
  -1    4   -1       9    4    9       1    1      8.25514538639910  -0.00752975755834
  -1   -2    4       9    8    4       1    1      8.25514538639910  -0.00752525132590
  -1   -2   -1       9    8    9       1    1      8.25514538639910  -0.00752711012452
  -1   -1    4       9    9    4       1    1      8.25514538639910  -0.00752607033180
  -1   -1   -2       9    9    8       1    1      8.25514538639910  -0.00751997627770
   0    2    2       0    2    2       1    1      8.62221815062709   0.01651600329127
   0    2   -4       0    2    6       1    1      8.62221815062709   0.01651050101975
   0    4   -2       0    4    8       1    1      8.62221815062709   0.01651392994274
   0   -4    2       0    6    2       1    1      8.62221815062709   0.01651392994274
   0   -2    4       0    8    4       1    1      8.62221815062709   0.01651050101975
   0   -2   -2       0    8    8       1    1      8.62221815062709   0.01651600329127
   2    0    2       2    0    2       1    1      8.62221815062709   0.01651239729372
   2    0   -4       2    0    6       1    1      8.62221815062709   0.01651647016913
   2    2    0       2    2    0       1    1      8.62221815062709   0.01651285975765
   2    2   -4       2    2    6       1    1      8.62221815062709   0.01651320625012
   2   -4    0       2    6    0       1    1      8.62221815062709   0.01651480215213
   2   -4    2       2    6    2       1    1      8.62221815062709   0.01651122443621
   4    0   -2       4    0    8       1    1      8.62221815062709   0.01651510365186
   4   -2    0       4    8    0       1    1      8.62221815062709   0.01651015431168
   4   -2   -2       4    8    8       1    1      8.62221815062709   0.01651600313273
  -4    0    2       6    0    2       1    1      8.62221815062709   0.01651510365186
  -4    2    0       6    2    0       1    1      8.62221815062709   0.01651015431168
  -4    2    2       6    2    2       1    1      8.62221815062709   0.01651600313273
  -2    0    4       8    0    4       1    1      8.62221815062709   0.01651647016913
  -2    0   -2       8    0    8       1    1      8.62221815062709   0.01651239729372
  -2    4    0       8    4    0       1    1      8.62221815062709   0.01651480215213
  -2    4   -2       8    4    8       1    1      8.62221815062709   0.01651122443621
  -2   -2    0       8    8    0       1    1      8.62221815062709   0.01651285975765
  -2   -2    4       8    8    4       1    1      8.62221815062709   0.01651320625012
   0    1    3       0    1    3       1    1      8.97428918207009   0.05631755850958
   0    1   -4       0    1    6       1    1      8.97428918207009   0.05632806217436
   0    3   -4       0    3    6       1    1      8.97428918207009   0.05632210936710
   0   -3    4       0    7    4       1    1      8.97428918207009   0.05632210936710
   0   -1    4       0    9    4       1    1      8.97428918207009   0.05632806217436
   0   -1   -3       0    9    7       1    1      8.97428918207009   0.05631755850958
   1    0    3       1    0    3       1    1      8.97428918207009   0.05633245191920
   1    0   -4       1    0    6       1    1      8.97428918207009   0.05632174576775
   1   -4    3       1    6    3       1    1      8.97428918207009   0.05632571647409
   2    3   -3       2    3    7       1    1      8.97428918207009  -0.00602829457162
   2    3   -2       2    3    8       1    1      8.97428918207009  -0.00601834536121
   2   -3    3       2    7    3       1    1      8.97428918207009  -0.00602032174696
   2   -3   -2       2    7    8       1    1      8.97428918207009  -0.00601397675066
   2   -2    3       2    8    3       1    1      8.97428918207009  -0.00602304112572
   2   -2   -3       2    8    7       1    1      8.97428918207009  -0.00601991883307
   3    0   -4       3    0    6       1    1      8.97428918207009   0.05632390724713
   3    2   -3       3    2    7       1    1      8.97428918207009  -0.00601611938803
   3    2   -2       3    2    8       1    1      8.97428918207009  -0.00602620803964
   3   -4    0       3    6    0       1    1      8.97428918207009   0.05632280926937
   3   -4    1       3    6    1       1    1      8.97428918207009   0.05633327607346
   3   -3    2       3    7    2       1    1      8.97428918207009  -0.00602526843138
   3   -3   -2       3    7    8       1    1      8.97428918207009  -0.00602154082727
   3   -2    2       3    8    2       1    1      8.97428918207009  -0.00601823471892
   3   -2   -3       3    8    7       1    1      8.97428918207009  -0.00601235530063
   4   -3    0       4    7    0       1    1      8.97428918207009   0.05633164965794
   4   -3   -1       4    7    9       1    1      8.97428918207009   0.05631967082613
   4   -1   -3       4    9    7       1    1      8.97428918207009   0.05631971835101
  -4    1    3       6    1    3       1    1      8.97428918207009   0.05631971835101
  -4    3    0       6    3    0       1    1      8.97428918207009   0.05633164965794
  -4    3    1       6    3    1       1    1      8.97428918207009   0.05631967082613
  -3    0    4       7    0    4       1    1      8.97428918207009   0.05632390724713
  -3    2    3       7    2    3       1    1      8.97428918207009  -0.00601235530063
  -3    2   -2       7    2    8       1    1      8.97428918207009  -0.00601823471892
  -3    3    2       7    3    2       1    1      8.97428918207009  -0.00602154082727
  -3    3   -2       7    3    8       1    1      8.97428918207009  -0.00602526843138
  -3    4    0       7    4    0       1    1      8.97428918207009   0.05632280926937
  -3    4   -1       7    4    9       1    1      8.97428918207009   0.05633327607346
  -3   -2    2       7    8    2       1    1      8.97428918207009  -0.00602620803964
  -3   -2    3       7    8    3       1    1      8.97428918207009  -0.00601611938803
  -2    2    3       8    2    3       1    1      8.97428918207009  -0.00601991883307
  -2    2   -3       8    2    7       1    1      8.97428918207009  -0.00602304112572
  -2    3    2       8    3    2       1    1      8.97428918207009  -0.00601397675066
  -2    3   -3       8    3    7       1    1      8.97428918207009  -0.00602032174696
  -2   -3    2       8    7    2       1    1      8.97428918207009  -0.00601834536121
  -2   -3    3       8    7    3       1    1      8.97428918207009  -0.00602829457162
  -1    0    4       9    0    4       1    1      8.97428918207009   0.05632174576775
  -1    0   -3       9    0    7       1    1      8.97428918207009   0.05633245191920
  -1    4   -3       9    4    7       1    1      8.97428918207009   0.05632571647409
   0    3    1       0    3    1       1    1      8.97428918207009   0.05632183389988
   0    4   -3       0    4    7       1    1      8.97428918207009   0.05632285578880
   0    4   -1       0    4    9       1    1      8.97428918207009   0.05632774268874
   0   -4    1       0    6    1       1    1      8.97428918207009   0.05632774268874
   0   -4    3       0    6    3       1    1      8.97428918207009   0.05632285578880
   0   -3   -1       0    7    9       1    1      8.97428918207009   0.05632183389988
   1    3    0       1    3    0       1    1      8.97428918207009   0.05632611837599
   1    3   -4       1    3    6       1    1      8.97428918207009   0.05631924911342
   1   -4    0       1    6    0       1    1      8.97428918207009   0.05632497180028
   3    0    1       3    0    1       1    1      8.97428918207009   0.05632495169524
   3    1    0       3    1    0       1    1      8.97428918207009   0.05631853027054
   3    1   -4       3    1    6       1    1      8.97428918207009   0.05632252931362
   4    0   -3       4    0    7       1    1      8.97428918207009   0.05632691639580
   4    0   -1       4    0    9       1    1      8.97428918207009   0.05632208939049
   4   -1    0       4    9    0       1    1      8.97428918207009   0.05632138800904
  -4    0    1       6    0    1       1    1      8.97428918207009   0.05632208939049
  -4    0    3       6    0    3       1    1      8.97428918207009   0.05632691639580
  -4    1    0       6    1    0       1    1      8.97428918207009   0.05632138800904
  -3    0   -1       7    0    9       1    1      8.97428918207009   0.05632495169524
  -3   -1    0       7    9    0       1    1      8.97428918207009   0.05631853027054
  -3   -1    4       7    9    4       1    1      8.97428918207009   0.05632252931362
  -1    4    0       9    4    0       1    1      8.97428918207009   0.05632497180028
  -1   -3    0       9    7    0       1    1      8.97428918207009   0.05632611837599
  -1   -3    4       9    7    4       1    1      8.97428918207009   0.05631924911342
   1    4   -2       1    4    8       1    1      9.63993295081735   0.00247422060178
   1   -3    4       1    7    4       1    1      9.63993295081735   0.00247579390429
   1   -3   -2       1    7    8       1    1      9.63993295081735   0.00247374994749
   1   -2    4       1    8    4       1    1      9.63993295081735   0.00247169589399
   1   -2   -3       1    8    7       1    1      9.63993295081735   0.00247182760003
   2    3   -4       2    3    6       1    1      9.63993295081735   0.00247564370902
   2   -4    3       2    6    3       1    1      9.63993295081735   0.00247613812802
   2   -4   -1       2    6    9       1    1      9.63993295081735   0.00247471402063
   2   -1    3       2    9    3       1    1      9.63993295081735   0.00247185969353
   2   -1   -4       2    9    6       1    1      9.63993295081735   0.00247292604422
   3    2   -4       3    2    6       1    1      9.63993295081735   0.00247257614964
   3   -4    2       3    6    2       1    1      9.63993295081735   0.00247334012796
   3   -4   -1       3    6    9       1    1      9.63993295081735   0.00247337826753
   3   -1    2       3    9    2       1    1      9.63993295081735   0.00247667244981
   3   -1   -4       3    9    6       1    1      9.63993295081735   0.00247425966205
   4    1   -2       4    1    8       1    1      9.63993295081735   0.00247652038060
   4   -3    1       4    7    1       1    1      9.63993295081735   0.00247159264928
   4   -3   -2       4    7    8       1    1      9.63993295081735   0.00247241554909
   4   -2    1       4    8    1       1    1      9.63993295081735   0.00247568477336
   4   -2   -3       4    8    7       1    1      9.63993295081735   0.00247316215766
  -4    2    3       6    2    3       1    1      9.63993295081735   0.00247316215766
  -4    2   -1       6    2    9       1    1      9.63993295081735   0.00247568477336
  -4    3    2       6    3    2       1    1      9.63993295081735   0.00247241554909
  -4    3   -1       6    3    9       1    1      9.63993295081735   0.00247159264928
  -4   -1    2       6    9    2       1    1      9.63993295081735   0.00247652038060
  -3    1    4       7    1    4       1    1      9.63993295081735   0.00247425966205
  -3    1   -2       7    1    8       1    1      9.63993295081735   0.00247667244981
  -3    4    1       7    4    1       1    1      9.63993295081735   0.00247337826753
  -3    4   -2       7    4    8       1    1      9.63993295081735   0.00247334012796
  -3   -2    4       7    8    4       1    1      9.63993295081735   0.00247257614964
  -2    1    4       8    1    4       1    1      9.63993295081735   0.00247292604422
  -2    1   -3       8    1    7       1    1      9.63993295081735   0.00247185969353
  -2    4    1       8    4    1       1    1      9.63993295081735   0.00247471402063
  -2    4   -3       8    4    7       1    1      9.63993295081735   0.00247613812802
  -2   -3    4       8    7    4       1    1      9.63993295081735   0.00247564370902
  -1    2    3       9    2    3       1    1      9.63993295081735   0.00247182760003
  -1    2   -4       9    2    6       1    1      9.63993295081735   0.00247169589399
  -1    3    2       9    3    2       1    1      9.63993295081735   0.00247374994749
  -1    3   -4       9    3    6       1    1      9.63993295081735   0.00247579390429
  -1   -4    2       9    6    2       1    1      9.63993295081735   0.00247422060178
   1    4   -3       1    4    7       1    1      9.63993295081735   0.00247598755791
   2    3   -1       2    3    9       1    1      9.63993295081735   0.00247247371326
   3    2   -1       3    2    9       1    1      9.63993295081735   0.00247553356951
   4    1   -3       4    1    7       1    1      9.63993295081735   0.00247273860487
  -4   -1    3       6    9    3       1    1      9.63993295081735   0.00247273860487
  -3   -2    1       7    8    1       1    1      9.63993295081735   0.00247553356951
  -2   -3    1       8    7    1       1    1      9.63993295081735   0.00247247371326
  -1   -4    3       9    6    3       1    1      9.63993295081735   0.00247598755791
   0    0    4       0    0    4       1    1      9.95607994055246   0.09109789348039
   0    0   -4       0    0    6       1    1      9.95607994055246   0.09109789348039
   0    4    0       0    4    0       1    1      9.95607994055246   0.09109626637322
   0    4   -4       0    4    6       1    1      9.95607994055246   0.09107482237376
   0   -4    0       0    6    0       1    1      9.95607994055246   0.09109626637322
   0   -4    4       0    6    4       1    1      9.95607994055246   0.09107482237376
   4    0    0       4    0    0       1    1      9.95607994055246   0.09107338718640
   4    0   -4       4    0    6       1    1      9.95607994055246   0.09109249967484
   4   -4    0       4    6    0       1    1      9.95607994055246   0.09110166110226
  -4    0    0       6    0    0       1    1      9.95607994055246   0.09107338718640
  -4    0    4       6    0    4       1    1      9.95607994055246   0.09109249967484
  -4    4    0       6    4    0       1    1      9.95607994055246   0.09110166110226
   1    2    2       1    2    2       1    1     10.26249230299774  -0.01405426553628
   1    2   -5       1    2    5       1    1     10.26249230299774  -0.01406069916637
   1    4   -4       1    4    6       1    1     10.26249230299774   0.00871821994655
   1    4   -1       1    4    9       1    1     10.26249230299774   0.00872451239931
   1   -5    2       1    5    2       1    1     10.26249230299774  -0.01404765056844
   1   -4    4       1    6    4       1    1     10.26249230299774   0.00871631245624
   1   -4   -1       1    6    9       1    1     10.26249230299774   0.00870979560379
   1   -1    4       1    9    4       1    1     10.26249230299774   0.00871651568797
   1   -1   -4       1    9    6       1    1     10.26249230299774   0.00871370668670
   2    1    2       2    1    2       1    1     10.26249230299774  -0.01405756637760
   2    1   -5       2    1    5       1    1     10.26249230299774  -0.01405779977946
   2    2    1       2    2    1       1    1     10.26249230299774  -0.01404628161763
   2    2   -5       2    2    5       1    1     10.26249230299774  -0.01404896400391
   2   -5    1       2    5    1       1    1     10.26249230299774  -0.01405645446640
   2   -5    2       2    5    2       1    1     10.26249230299774  -0.01405938273390
   4    1   -4       4    1    6       1    1     10.26249230299774   0.00872268551371
   4    1   -1       4    1    9       1    1     10.26249230299774   0.00871876917360
   4   -4    1       4    6    1       1    1     10.26249230299774   0.00871834195543
   4   -4   -1       4    6    9       1    1     10.26249230299774   0.00871553247902
   4   -1    1       4    9    1       1    1     10.26249230299774   0.00871686335071
   4   -1   -4       4    9    6       1    1     10.26249230299774   0.00870796831396
  -5    1    2       5    1    2       1    1     10.26249230299774  -0.01404583096649
  -5    2    1       5    2    1       1    1     10.26249230299774  -0.01405801524007
  -5    2    2       5    2    2       1    1     10.26249230299774  -0.01405426450555
  -4    1    4       6    1    4       1    1     10.26249230299774   0.00870796831396
  -4    1   -1       6    1    9       1    1     10.26249230299774   0.00871686335071
  -4    4    1       6    4    1       1    1     10.26249230299774   0.00871553247902
  -4    4   -1       6    4    9       1    1     10.26249230299774   0.00871834195543
  -4   -1    1       6    9    1       1    1     10.26249230299774   0.00871876917360
  -4   -1    4       6    9    4       1    1     10.26249230299774   0.00872268551371
  -2   -2   -1       8    8    9       1    1     10.26249230299774  -0.01404628161763
  -2   -1   -2       8    9    8       1    1     10.26249230299774  -0.01405756637760
  -1    1    4       9    1    4       1    1     10.26249230299774   0.00871370668670
  -1    1   -4       9    1    6       1    1     10.26249230299774   0.00871651568797
  -1    4    1       9    4    1       1    1     10.26249230299774   0.00870979560379
  -1    4   -4       9    4    6       1    1     10.26249230299774   0.00871631245624
  -1   -4    1       9    6    1       1    1     10.26249230299774   0.00872451239931
  -1   -4    4       9    6    4       1    1     10.26249230299774   0.00871821994655
  -1   -2   -2       9    8    8       1    1     10.26249230299774  -0.01405426553628
   1    1    3       1    1    3       1    1     10.56001746000000   0.00864741561121
   1    1   -5       1    1    5       1    1     10.56001746000000   0.00864453501534
   1    3    1       1    3    1       1    1     10.56001746000000   0.00864956632948
   1    3   -5       1    3    5       1    1     10.56001746000000   0.00863265663506
   1   -5    1       1    5    1       1    1     10.56001746000000   0.00864987745148
   1   -5    3       1    5    3       1    1     10.56001746000000   0.00863579372864
   3    1    1       3    1    1       1    1     10.56001746000000   0.00863578004490
   3    1   -5       3    1    5       1    1     10.56001746000000   0.00864525801811
   3    3   -3       3    3    7       1    1     10.56001746000000  -0.00603330137865
   3   -5    1       3    5    1       1    1     10.56001746000000   0.00864915677547
   3   -3    3       3    7    3       1    1     10.56001746000000  -0.00603221438028
   3   -3   -3       3    7    7       1    1     10.56001746000000  -0.00601798857710
  -5    1    1       5    1    1       1    1     10.56001746000000   0.00863577954543
  -5    1    3       5    1    3       1    1     10.56001746000000   0.00864813728471
  -5    3    1       5    3    1       1    1     10.56001746000000   0.00864884311131
  -3    3    3       7    3    3       1    1     10.56001746000000  -0.00601798857710
  -3    3   -3       7    3    7       1    1     10.56001746000000  -0.00603221438028
  -3   -3    3       7    7    3       1    1     10.56001746000000  -0.00603330137865
  -3   -1   -1       7    9    9       1    1     10.56001746000000   0.00863578004490
  -1   -3   -1       9    7    9       1    1     10.56001746000000   0.00864956632948
  -1   -1   -3       9    9    7       1    1     10.56001746000000   0.00864741561121
   0    2    3       0    2    3       1    1     10.84938658367015   0.00205258988064
   0    2   -5       0    2    5       1    1     10.84938658367015   0.00205238537926
   0    3    2       0    3    2       1    1     10.84938658367015   0.00206093132110
   0    3   -5       0    3    5       1    1     10.84938658367015   0.00205956349125
   0   -5    2       0    5    2       1    1     10.84938658367015   0.00205534463199
   0   -5    3       0    5    3       1    1     10.84938658367015   0.00205306834306
   0   -3   -2       0    7    8       1    1     10.84938658367015   0.00206093132110
   0   -2   -3       0    8    7       1    1     10.84938658367015   0.00205258988064
   2    0    3       2    0    3       1    1     10.84938658367015   0.00205287756676
   2    0   -5       2    0    5       1    1     10.84938658367015   0.00205615684116
   2    3    0       2    3    0       1    1     10.84938658367015   0.00205660594790
   2    3   -5       2    3    5       1    1     10.84938658367015   0.00205549699457
   2   -5    0       2    5    0       1    1     10.84938658367015   0.00206036213850
   2   -5    3       2    5    3       1    1     10.84938658367015   0.00205713416237
   2   -3    4       2    7    4       1    1     10.84938658367015  -0.00253200482823
   2   -3   -3       2    7    7       1    1     10.84938658367015  -0.00253600709831
   3    0    2       3    0    2       1    1     10.84938658367015   0.00205901158519
   3    0   -5       3    0    5       1    1     10.84938658367015   0.00206168802215
   3    2    0       3    2    0       1    1     10.84938658367015   0.00205360745198
   3    2   -5       3    2    5       1    1     10.84938658367015   0.00205459232871
   3    3   -4       3    3    6       1    1     10.84938658367015  -0.00253779516331
   3   -5    0       3    5    0       1    1     10.84938658367015   0.00205482996586
   3   -5    2       3    5    2       1    1     10.84938658367015   0.00205313448939
   3   -4    3       3    6    3       1    1     10.84938658367015  -0.00253238765917
   3   -4   -2       3    6    8       1    1     10.84938658367015  -0.00253331721153
   3   -2    3       3    8    3       1    1     10.84938658367015  -0.00252938031624
   3   -2   -4       3    8    6       1    1     10.84938658367015  -0.00253104519629
   4   -3    2       4    7    2       1    1     10.84938658367015  -0.00253145395532
   4   -3   -3       4    7    7       1    1     10.84938658367015  -0.00253600691522
  -5    0    2       5    0    2       1    1     10.84938658367015   0.00205494669317
  -5    0    3       5    0    3       1    1     10.84938658367015   0.00205508722358
  -5    2    0       5    2    0       1    1     10.84938658367015   0.00205767568280
  -5    2    3       5    2    3       1    1     10.84938658367015   0.00205812221809
  -5    3    0       5    3    0       1    1     10.84938658367015   0.00205439837339
  -5    3    2       5    3    2       1    1     10.84938658367015   0.00205540069127
  -4    3    3       6    3    3       1    1     10.84938658367015  -0.00253600691522
  -4    3   -2       6    3    8       1    1     10.84938658367015  -0.00253145395532
  -3    0   -2       7    0    8       1    1     10.84938658367015   0.00205901158519
  -3    2    4       7    2    4       1    1     10.84938658367015  -0.00253104519629
  -3    2   -3       7    2    7       1    1     10.84938658367015  -0.00252938031624
  -3    4    2       7    4    2       1    1     10.84938658367015  -0.00253331721153
  -3    4   -3       7    4    7       1    1     10.84938658367015  -0.00253238765917
  -3   -3    4       7    7    4       1    1     10.84938658367015  -0.00253779516331
  -3   -2    0       7    8    0       1    1     10.84938658367015   0.00205360745198
  -2    0   -3       8    0    7       1    1     10.84938658367015   0.00205287756676
  -2    3    3       8    3    3       1    1     10.84938658367015  -0.00253600709831
  -2    3   -4       8    3    6       1    1     10.84938658367015  -0.00253200482823
  -2   -3    0       8    7    0       1    1     10.84938658367015   0.00205660594790
   2    4   -3       2    4    7       1    1     10.84938658367015  -0.00253817666482
   3    3   -2       3    3    8       1    1     10.84938658367015  -0.00253724483993
   4    2   -3       4    2    7       1    1     10.84938658367015  -0.00253517018106
  -4   -2    3       6    8    3       1    1     10.84938658367015  -0.00253517018106
  -3   -3    2       7    7    2       1    1     10.84938658367015  -0.00253724483993
  -2   -4    3       8    6    3       1    1     10.84938658367015  -0.00253817666482
   2    4   -4       2    4    6       1    1     11.13123576824868   0.00877299063454
   2    4   -2       2    4    8       1    1     11.13123576824868   0.00876838896882
   2   -4    4       2    6    4       1    1     11.13123576824868   0.00877292450589
   2   -4   -2       2    6    8       1    1     11.13123576824868   0.00877195155122
   2   -2    4       2    8    4       1    1     11.13123576824868   0.00877124770331
   2   -2   -4       2    8    6       1    1     11.13123576824868   0.00877404828635
   4    2   -4       4    2    6       1    1     11.13123576824868   0.00876934356391
   4    2   -2       4    2    8       1    1     11.13123576824868   0.00877320214712
   4   -4    2       4    6    2       1    1     11.13123576824868   0.00877029398454
   4   -4   -2       4    6    8       1    1     11.13123576824868   0.00877384274160
   4   -2    2       4    8    2       1    1     11.13123576824868   0.00877313412480
   4   -2   -4       4    8    6       1    1     11.13123576824868   0.00877215858421
  -4    2    4       6    2    4       1    1     11.13123576824868   0.00877215858421
  -4    2   -2       6    2    8       1    1     11.13123576824868   0.00877313412480
  -4    4    2       6    4    2       1    1     11.13123576824868   0.00877384274160
  -4    4   -2       6    4    8       1    1     11.13123576824868   0.00877029398454
  -4   -2    2       6    8    2       1    1     11.13123576824868   0.00877320214712
  -4   -2    4       6    8    4       1    1     11.13123576824868   0.00876934356391
  -2    2    4       8    2    4       1    1     11.13123576824868   0.00877404828635
  -2    2   -4       8    2    6       1    1     11.13123576824868   0.00877124770331
  -2    4    2       8    4    2       1    1     11.13123576824868   0.00877195155122
  -2    4   -4       8    4    6       1    1     11.13123576824868   0.00877292450589
  -2   -4    2       8    6    2       1    1     11.13123576824868   0.00876838896882
  -2   -4    4       8    6    4       1    1     11.13123576824868   0.00877299063454
   0    1    4       0    1    4       1    1     11.40612248815327   0.00297157819497
   0    1   -5       0    1    5       1    1     11.40612248815327   0.00297380953511
   0    4    1       0    4    1       1    1     11.40612248815327   0.00297312947046
   0    4   -5       0    4    5       1    1     11.40612248815327   0.00297441212031
   0   -5    1       0    5    1       1    1     11.40612248815327   0.00297262332117
   0   -5    4       0    5    4       1    1     11.40612248815327   0.00297336988042
   0   -4   -1       0    6    9       1    1     11.40612248815327   0.00297312947046
   0   -1   -4       0    9    6       1    1     11.40612248815327   0.00297157819497
   1    0    4       1    0    4       1    1     11.40612248815327   0.00297584972442
   1    0   -5       1    0    5       1    1     11.40612248815327   0.00297155633931
   1    4    0       1    4    0       1    1     11.40612248815327   0.00297195738570
   1    4   -5       1    4    5       1    1     11.40612248815327   0.00297073178415
   1   -5    0       1    5    0       1    1     11.40612248815327   0.00297600690507
   1   -5    4       1    5    4       1    1     11.40612248815327   0.00297705052777
   4    0    1       4    0    1       1    1     11.40612248815327   0.00297552534220
   4    0   -5       4    0    5       1    1     11.40612248815327   0.00297344528071
   4    1    0       4    1    0       1    1     11.40612248815327   0.00297137933321
   4    1   -5       4    1    5       1    1     11.40612248815327   0.00297034253481
   4   -5    0       4    5    0       1    1     11.40612248815327   0.00297411978617
   4   -5    1       4    5    1       1    1     11.40612248815327   0.00297609465015
  -5    0    1       5    0    1       1    1     11.40612248815327   0.00297184360010
  -5    0    4       5    0    4       1    1     11.40612248815327   0.00297237990391
  -5    1    0       5    1    0       1    1     11.40612248815327   0.00297505973829
  -5    1    4       5    1    4       1    1     11.40612248815327   0.00297346502745
  -5    4    0       5    4    0       1    1     11.40612248815327   0.00297542707334
  -5    4    1       5    4    1       1    1     11.40612248815327   0.00297124198657
  -4    0   -1       6    0    9       1    1     11.40612248815327   0.00297552534220
  -4   -1    0       6    9    0       1    1     11.40612248815327   0.00297137933321
  -1    0   -4       9    0    6       1    1     11.40612248815327   0.00297584972442
  -1   -4    0       9    6    0       1    1     11.40612248815327   0.00297195738570
   3    3   -5       3    3    5       1    1     11.67453856480729  -0.00243857532101
   3   -5    3       3    5    3       1    1     11.67453856480729  -0.00243606805499
   3   -5   -1       3    5    9       1    1     11.67453856480729  -0.00243873490903
  -5    3    3       5    3    3       1    1     11.67453856480729  -0.00243868268473
  -5    3   -1       5    3    9       1    1     11.67453856480729  -0.00243907643073
   1   -3   -3       1    7    7       1    1     11.67453856480729  -0.00243868248038
   3    3   -1       3    3    9       1    1     11.67453856480729  -0.00243910594573
   3   -1    3       3    9    3       1    1     11.67453856480729  -0.00243656079707
   3   -1   -5       3    9    5       1    1     11.67453856480729  -0.00243784554055
  -5   -1    3       5    9    3       1    1     11.67453856480729  -0.00243659216662
  -3    1   -3       7    1    7       1    1     11.67453856480729  -0.00243656079707
  -3   -3    1       7    7    1       1    1     11.67453856480729  -0.00243910594573
  -1    3    3       9    3    3       1    1     11.67453856480729  -0.00243868248038
  -1    3   -5       9    3    5       1    1     11.67453856480729  -0.00243854721422
  -1   -5    3       9    5    3       1    1     11.67453856480729  -0.00243609905609
   1   -4   -2       1    6    8       1    1     11.93692050688072  -0.00295903001496
   1   -2   -4       1    8    6       1    1     11.93692050688072  -0.00296415251473
   2    4   -5       2    4    5       1    1     11.93692050688072  -0.00296301310165
   2    4   -1       2    4    9       1    1     11.93692050688072  -0.00296010923266
   2   -5    4       2    5    4       1    1     11.93692050688072  -0.00296176948574
   2   -5   -1       2    5    9       1    1     11.93692050688072  -0.00295818047225
   2   -1    4       2    9    4       1    1     11.93692050688072  -0.00296226485110
   2   -1   -5       2    9    5       1    1     11.93692050688072  -0.00296373078641
   4    2   -5       4    2    5       1    1     11.93692050688072  -0.00295976970952
   4    2   -1       4    2    9       1    1     11.93692050688072  -0.00296260357523
   4   -5    2       4    5    2       1    1     11.93692050688072  -0.00296209625172
   4   -5   -1       4    5    9       1    1     11.93692050688072  -0.00296358157780
   4   -1    2       4    9    2       1    1     11.93692050688072  -0.00296156695089
   4   -1   -5       4    9    5       1    1     11.93692050688072  -0.00295832980472
  -5    2    4       5    2    4       1    1     11.93692050688072  -0.00295875055438
  -5    2   -1       5    2    9       1    1     11.93692050688072  -0.00296186795425
  -5    4    2       5    4    2       1    1     11.93692050688072  -0.00296443138966
  -5    4   -1       5    4    9       1    1     11.93692050688072  -0.00296277860031
  -5   -1    2       5    9    2       1    1     11.93692050688072  -0.00296230262661
  -5   -1    4       5    9    4       1    1     11.93692050688072  -0.00295959540228
  -4    1   -2       6    1    8       1    1     11.93692050688072  -0.00296156695089
  -4   -2    1       6    8    1       1    1     11.93692050688072  -0.00296260357523
  -2    1   -4       8    1    6       1    1     11.93692050688072  -0.00296226485110
  -2   -4    1       8    6    1       1    1     11.93692050688072  -0.00296010923266
  -1    2    4       9    2    4       1    1     11.93692050688072  -0.00296415251473
  -1    2   -5       9    2    5       1    1     11.93692050688072  -0.00296243983821
  -1    4    2       9    4    2       1    1     11.93692050688072  -0.00295903001496
  -1    4   -5       9    4    5       1    1     11.93692050688072  -0.00296227822948
  -1   -5    2       9    5    2       1    1     11.93692050688072  -0.00295942675068
  -1   -5    4       9    5    4       1    1     11.93692050688072  -0.00296250439296
   2    2    2       2    2    2       1    1     12.19365784635630   0.00617490813284
  -2   -2   -2       8    8    8       1    1     12.19365784635630   0.00617490813284
   0    0   -5       0    0    5       1    1     12.44509992569057   0.20221882326589
   0   -5    0       0    5    0       1    1     12.44509992569057   0.20221679953570
   1    2    3       1    2    3       1    1     12.44509992569057   0.00370720987596
   1    3    2       1    3    2       1    1     12.44509992569057   0.00370724262458
   2    1    3       2    1    3       1    1     12.44509992569057   0.00370726623716
   2    3    1       2    3    1       1    1     12.44509992569057   0.00370990105617
   3    1    2       3    1    2       1    1     12.44509992569057   0.00370574326300
   3    2    1       3    2    1       1    1     12.44509992569057   0.00370835368604
   3    4   -4       3    4    6       1    1     12.44509992569057   0.00098693555347
   3    4   -3       3    4    7       1    1     12.44509992569057   0.00098232513791
   3   -4    4       3    6    4       1    1     12.44509992569057   0.00098866994085
   3   -4   -3       3    6    7       1    1     12.44509992569057   0.00098163760854
   3   -3    4       3    7    4       1    1     12.44509992569057   0.00098787434180
   3   -3   -4       3    7    6       1    1     12.44509992569057   0.00098558281104
   4    3   -4       4    3    6       1    1     12.44509992569057   0.00098300861098
   4    3   -3       4    3    7       1    1     12.44509992569057   0.00098699498490
   4   -4    3       4    6    3       1    1     12.44509992569057   0.00098719120991
   4   -4   -3       4    6    7       1    1     12.44509992569057   0.00098514305162
   4   -3    3       4    7    3       1    1     12.44509992569057   0.00098872943961
   4   -3   -4       4    7    6       1    1     12.44509992569057   0.00098207780629
  -5    0    0       5    0    0       1    1     12.44509992569057   0.20220184371332
  -4    3    4       6    3    4       1    1     12.44509992569057   0.00098207780629
  -4    3   -3       6    3    7       1    1     12.44509992569057   0.00098872943961
  -4    4    3       6    4    3       1    1     12.44509992569057   0.00098514305162
  -4    4   -3       6    4    7       1    1     12.44509992569057   0.00098719120991
  -4   -3    3       6    7    3       1    1     12.44509992569057   0.00098699498490
  -4   -3    4       6    7    4       1    1     12.44509992569057   0.00098300861098
  -3    3    4       7    3    4       1    1     12.44509992569057   0.00098558281104
  -3    3   -4       7    3    6       1    1     12.44509992569057   0.00098787434180
  -3    4    3       7    4    3       1    1     12.44509992569057   0.00098163760854
  -3    4   -4       7    4    6       1    1     12.44509992569057   0.00098866994085
  -3   -4    3       7    6    3       1    1     12.44509992569057   0.00098232513791
  -3   -4    4       7    6    4       1    1     12.44509992569057   0.00098693555347
  -3   -2   -1       7    8    9       1    1     12.44509992569057   0.00370835368604
  -3   -1   -2       7    9    8       1    1     12.44509992569057   0.00370574326300
  -2   -3   -1       8    7    9       1    1     12.44509992569057   0.00370990105617
  -2   -1   -3       8    9    7       1    1     12.44509992569057   0.00370726623716
  -1   -3   -2       9    7    8       1    1     12.44509992569057   0.00370724262458
  -1   -2   -3       9    8    7       1    1     12.44509992569057   0.00370720987596
   1   -5   -1       1    5    9       1    1     12.69156147394167   0.01117885713341
   1   -1   -5       1    9    5       1    1     12.69156147394167   0.01116657835377
  -5    1   -1       5    1    9       1    1     12.69156147394167   0.01117932577263
  -5   -1    1       5    9    1       1    1     12.69156147394167   0.01117932577263
  -1    1   -5       9    1    5       1    1     12.69156147394167   0.01116657835377
  -1   -5    1       9    5    1       1    1     12.69156147394167   0.01117885713341
   3   -5   -2       3    5    8       1    1     12.93332722594063  -0.00126254246879
   3   -2   -5       3    8    5       1    1     12.93332722594063  -0.00126203140492
  -5    3   -2       5    3    8       1    1     12.93332722594063  -0.00126356484304
  -2    3   -5       8    3    5       1    1     12.93332722594063  -0.00126209238419
   0    3    3       0    3    3       1    1     12.93332722594064   0.00183482083736
   0   -3   -3       0    7    7       1    1     12.93332722594064   0.00183482083736
   1    1    4       1    1    4       1    1     12.93332722594064   0.01549432194210
   1    4    1       1    4    1       1    1     12.93332722594064   0.01549299149704
   3    0    3       3    0    3       1    1     12.93332722594064   0.00183329276908
   3    3    0       3    3    0       1    1     12.93332722594064   0.00183459325783
   3   -5    4       3    5    4       1    1     12.93332722594064  -0.00126326889922
   4    1    1       4    1    1       1    1     12.93332722594064   0.01548194741426
   4   -5    3       4    5    3       1    1     12.93332722594064  -0.00126240820712
   4   -5   -2       4    5    8       1    1     12.93332722594064  -0.00126181678009
   4   -2   -5       4    8    5       1    1     12.93332722594064  -0.00126275613604
  -5    3    4       5    3    4       1    1     12.93332722594064  -0.00126251888784
  -5    4    3       5    4    3       1    1     12.93332722594064  -0.00126245352352
  -5    4   -2       5    4    8       1    1     12.93332722594064  -0.00126237015249
  -5   -2    3       5    8    3       1    1     12.93332722594064  -0.00126314287094
  -5   -2    4       5    8    4       1    1     12.93332722594064  -0.00126245445996
  -4   -1   -1       6    9    9       1    1     12.93332722594064   0.01548194741426
  -3    0   -3       7    0    7       1    1     12.93332722594064   0.00183329276908
  -3   -3    0       7    7    0       1    1     12.93332722594064   0.00183459325783
  -2    4   -5       8    4    5       1    1     12.93332722594064  -0.00126372279972
  -2   -5    3       8    5    3       1    1     12.93332722594064  -0.00126263066014
  -2   -5    4       8    5    4       1    1     12.93332722594064  -0.00126225468441
  -1   -4   -1       9    6    9       1    1     12.93332722594064   0.01549299149704
  -1   -1   -4       9    9    6       1    1     12.93332722594064   0.01549432194210
   2   -4   -3       2    6    7       1    1     12.93332722594064  -0.00126317817417
   2   -3   -4       2    7    6       1    1     12.93332722594064  -0.00126179484987
   3    4   -5       3    4    5       1    1     12.93332722594064  -0.00126271200684
   3    4   -2       3    4    8       1    1     12.93332722594064  -0.00126259313480
   3   -2    4       3    8    4       1    1     12.93332722594064  -0.00126223315035
   4    3   -5       4    3    5       1    1     12.93332722594064  -0.00126231541224
   4    3   -2       4    3    8       1    1     12.93332722594064  -0.00126255306077
   4   -2    3       4    8    3       1    1     12.93332722594064  -0.00126415580693
  -4    2   -3       6    2    7       1    1     12.93332722594064  -0.00126415580693
  -4   -3    2       6    7    2       1    1     12.93332722594064  -0.00126255306077
  -3    2   -4       7    2    6       1    1     12.93332722594064  -0.00126223315035
  -3   -4    2       7    6    2       1    1     12.93332722594064  -0.00126259313480
  -2    3    4       8    3    4       1    1     12.93332722594064  -0.00126179484987
  -2    4    3       8    4    3       1    1     12.93332722594064  -0.00126317817417
   0    2    4       0    2    4       1    1     13.17065577789027   0.00339578917176
   0    4    2       0    4    2       1    1     13.17065577789027   0.00339480019715
   0   -4   -2       0    6    8       1    1     13.17065577789027   0.00339480019715
   0   -2   -4       0    8    6       1    1     13.17065577789027   0.00339578917176
   2    0    4       2    0    4       1    1     13.17065577789027   0.00339878023968
   2    4    0       2    4    0       1    1     13.17065577789027   0.00339493588288
   4    0    2       4    0    2       1    1     13.17065577789027   0.00339623105026
   4    2    0       4    2    0       1    1     13.17065577789027   0.00339402289403
  -4    0   -2       6    0    8       1    1     13.17065577789027   0.00339623105026
  -4   -2    0       6    8    0       1    1     13.17065577789027   0.00339402289403
  -2    0   -4       8    0    6       1    1     13.17065577789027   0.00339878023968
  -2   -4    0       8    6    0       1    1     13.17065577789027   0.00339493588288
   2   -5   -2       2    5    8       1    1     13.40378282822022   0.00982787045257
   2   -2   -5       2    8    5       1    1     13.40378282822022   0.00983116743893
  -5    2   -2       5    2    8       1    1     13.40378282822022   0.00983034365433
  -5   -2    2       5    8    2       1    1     13.40378282822022   0.00983034365433
  -2    2   -5       8    2    5       1    1     13.40378282822022   0.00983116743893
  -2   -5    2       8    5    2       1    1     13.40378282822022   0.00982787045257
   0   -5   -1       0    5    9       1    1     13.85827677162370   0.00297262332117
   0   -1   -5       0    9    5       1    1     13.85827677162370   0.00297380953511
  -5    0   -1       5    0    9       1    1     13.85827677162370   0.00297184360010
  -5   -1    0       5    9    0       1    1     13.85827677162370   0.00297505973829
  -1    0   -5       9    0    5       1    1     13.85827677162370   0.00297155633931
  -1   -5    0       9    5    0       1    1     13.85827677162370   0.00297600690507
   1   -4   -3       1    6    7       1    1     13.85827677162370  -0.00380482235394
   1   -3   -4       1    7    6       1    1     13.85827677162370  -0.00380865610358
   3    4   -1       3    4    9       1    1     13.85827677162370  -0.00380590136114
   3   -1    4       3    9    4       1    1     13.85827677162370  -0.00380851888173
   4    3   -1       4    3    9       1    1     13.85827677162370  -0.00380539710521
   4   -1    3       4    9    3       1    1     13.85827677162370  -0.00380412707494
  -4    1   -3       6    1    7       1    1     13.85827677162370  -0.00380412707494
  -4   -3    1       6    7    1       1    1     13.85827677162370  -0.00380539710521
  -3    1   -4       7    1    6       1    1     13.85827677162370  -0.00380851888173
  -3   -4    1       7    6    1       1    1     13.85827677162370  -0.00380590136114
  -1    3    4       9    3    4       1    1     13.85827677162370  -0.00380865610358
  -1    4    3       9    4    3       1    1     13.85827677162370  -0.00380482235394
   4    4   -4       4    4    6       1    1     14.08002328000000  -0.00071680155309
   4   -4    4       4    6    4       1    1     14.08002328000000  -0.00071717600096
   4   -4   -4       4    6    6       1    1     14.08002328000000  -0.00072626960354
  -4    4    4       6    4    4       1    1     14.08002328000000  -0.00072626960354
  -4    4   -4       6    4    6       1    1     14.08002328000000  -0.00071717600096
  -4   -4    4       6    6    4       1    1     14.08002328000000  -0.00071680155309
   1   -5   -2       1    5    8       1    1     14.29833123311105  -0.00295942675068
   1   -2   -5       1    8    5       1    1     14.29833123311105  -0.00296243983821
   2    2    3       2    2    3       1    1     14.29833123311105   0.00361314318159
   3   -4   -4       3    6    6       1    1     14.29833123311105  -0.00061244968916
   4    4   -5       4    4    5       1    1     14.29833123311105  -0.00060950749353
   4    4   -3       4    4    7       1    1     14.29833123311105  -0.00061098517564
   4   -5    4       4    5    4       1    1     14.29833123311105  -0.00061128718026
   4   -5   -3       4    5    7       1    1     14.29833123311105  -0.00061224003660
   4   -3    4       4    7    4       1    1     14.29833123311105  -0.00061182255185
   4   -3   -5       4    7    5       1    1     14.29833123311105  -0.00061157133371
  -5    1   -2       5    1    8       1    1     14.29833123311105  -0.00296230262661
  -5    4    4       5    4    4       1    1     14.29833123311105  -0.00061244879266
  -5    4   -3       5    4    7       1    1     14.29833123311105  -0.00061214105609
  -5   -3    4       5    7    4       1    1     14.29833123311105  -0.00061066491242
  -5   -2    1       5    8    1       1    1     14.29833123311105  -0.00296186795425
  -4    3   -4       6    3    6       1    1     14.29833123311105  -0.00061182255185
  -4   -4    3       6    6    3       1    1     14.29833123311105  -0.00061098517564
  -3    4    4       7    4    4       1    1     14.29833123311105  -0.00061244968916
  -3    4   -5       7    4    5       1    1     14.29833123311105  -0.00061066383397
  -3   -5    4       7    5    4       1    1     14.29833123311105  -0.00061012960799
  -2    1   -5       8    1    5       1    1     14.29833123311105  -0.00296373078641
  -2   -5    1       8    5    1       1    1     14.29833123311105  -0.00295818047225
  -2   -2   -3       8    8    7       1    1     14.29833123311105   0.00361314318159
   2    3    2       2    3    2       1    1     14.29833123311105   0.00361573494740
   3    2    2       3    2    2       1    1     14.29833123311105   0.00361499189824
  -3   -2   -2       7    8    8       1    1     14.29833123311105   0.00361499189824
  -2   -3   -2       8    7    8       1    1     14.29833123311105   0.00361573494740
   3   -5   -3       3    5    7       1    1     14.51335579864891   0.00063624900424
   3   -3   -5       3    7    5       1    1     14.51335579864891   0.00064065806036
  -5    3   -3       5    3    7       1    1     14.51335579864891   0.00064141517402
  -5   -3    3       5    7    3       1    1     14.51335579864891   0.00064141517402
  -3    3   -5       7    3    5       1    1     14.51335579864891   0.00064065806036
  -3   -5    3       7    5    3       1    1     14.51335579864891   0.00063624900424
   1    3    3       1    3    3       1    1     14.51335579864891   0.01008063863649
   3    1    3       3    1    3       1    1     14.51335579864891   0.01008059676855
   3    3    1       3    3    1       1    1     14.51335579864891   0.01008405026655
  -3   -3   -1       7    7    9       1    1     14.51335579864891   0.01008405026655
  -3   -1   -3       7    9    7       1    1     14.51335579864891   0.01008059676855
  -1   -3   -3       9    7    7       1    1     14.51335579864891   0.01008063863649
   1    2    4       1    2    4       1    1     14.72524081380650   0.00370622737781
   1    4    2       1    4    2       1    1     14.72524081380650   0.00370788308339
   2    1    4       2    1    4       1    1     14.72524081380650   0.00370781956322
   2    4    1       2    4    1       1    1     14.72524081380650   0.00370671403954
   4    1    2       4    1    2       1    1     14.72524081380650   0.00370841123046
   4    2    1       4    2    1       1    1     14.72524081380650   0.00370568757749
  -4   -2   -1       6    8    9       1    1     14.72524081380650   0.00370568757749
  -4   -1   -2       6    9    8       1    1     14.72524081380650   0.00370841123046
  -2   -4   -1       8    6    9       1    1     14.72524081380650   0.00370671403954
  -2   -1   -4       8    9    6       1    1     14.72524081380650   0.00370781956322
  -1   -4   -2       9    6    8       1    1     14.72524081380650   0.00370788308339
  -1   -2   -4       9    8    6       1    1     14.72524081380650   0.00370622737781
   4    4   -2       4    4    8       1    1     14.93411991082868   0.00029165376728
  -4   -4    2       6    6    2       1    1     14.93411991082868   0.00029165376728
   2   -4   -4       2    6    6       1    1     14.93411991082868   0.00029232461804
   4   -2    4       4    8    4       1    1     14.93411991082868   0.00029395889368
  -4    2   -4       6    2    6       1    1     14.93411991082868   0.00029395889368
  -2    4    4       8    4    4       1    1     14.93411991082868   0.00029232461804
   0    3    4       0    3    4       1    1     15.14011750276155   0.00183618810021
   0    4    3       0    4    3       1    1     15.14011750276155   0.00183346786184
   0   -4   -3       0    6    7       1    1     15.14011750276155   0.00183346786184
   0   -3   -4       0    7    6       1    1     15.14011750276155   0.00183618810021
   2   -5   -3       2    5    7       1    1     15.14011750276155  -0.00126263066014
   2   -3   -5       2    7    5       1    1     15.14011750276155  -0.00126209238419
   3    0    4       3    0    4       1    1     15.14011750276155   0.00183629737800
   4    0    3       4    0    3       1    1     15.14011750276155   0.00183274912424
  -5    2   -3       5    2    7       1    1     15.14011750276155  -0.00126314287094
  -5   -3    2       5    7    2       1    1     15.14011750276155  -0.00126356484304
  -4    0   -3       6    0    7       1    1     15.14011750276155   0.00183274912424
  -3    0   -4       7    0    6       1    1     15.14011750276155   0.00183629737800
  -3    2   -5       7    2    5       1    1     15.14011750276155  -0.00126203140492
  -3   -5    2       7    5    2       1    1     15.14011750276155  -0.00126254246879
   3    4    0       3    4    0       1    1     15.14011750276155   0.00183572128942
   4    3    0       4    3    0       1    1     15.14011750276155   0.00183514045403
  -4   -3    0       6    7    0       1    1     15.14011750276155   0.00183514045403
  -3   -4    0       7    6    0       1    1     15.14011750276155   0.00183572128942
  -5   -1   -1       5    9    9       1    1     15.34334965005502   0.00863577954543
  -1   -5   -1       9    5    9       1    1     15.34334965005502   0.00864987745148
  -1   -1   -5       9    9    5       1    1     15.34334965005502   0.00864453501534
   0   -5   -2       0    5    8       1    1     15.54392482516113   0.00205534463199
  -5    0   -2       5    0    8       1    1     15.54392482516113   0.00205494669317
  -5   -2    0       5    8    0       1    1     15.54392482516113   0.00205767568280
  -2   -5    0       8    5    0       1    1     15.54392482516113   0.00206036213850
   0   -2   -5       0    8    5       1    1     15.54392482516113   0.00205238537926
  -2    0   -5       8    0    5       1    1     15.54392482516113   0.00205615684116
   4   -5   -4       4    5    6       1    1     15.93750419429260   0.00071080947129
   4   -4   -5       4    6    5       1    1     15.93750419429260   0.00071525363887
  -5    4   -4       5    4    6       1    1     15.93750419429260   0.00071723611535
  -5   -4    4       5    6    4       1    1     15.93750419429260   0.00071723611535
  -4    4   -5       6    4    5       1    1     15.93750419429260   0.00071525363887
  -4   -5    4       6    5    4       1    1     15.93750419429260   0.00071080947129
   1   -4   -4       1    6    6       1    1     15.93750419429261  -0.00380513064432
   4    4   -1       4    4    9       1    1     15.93750419429261  -0.00380920795383
   4   -1    4       4    9    4       1    1     15.93750419429261  -0.00380521411855
  -4    1   -4       6    1    6       1    1     15.93750419429261  -0.00380521411855
  -4   -4    1       6    6    1       1    1     15.93750419429261  -0.00380920795383
  -1    4    4       9    4    4       1    1     15.93750419429261  -0.00380513064432
   1   -5   -3       1    5    7       1    1     16.13069311683510  -0.00243609905609
   1   -3   -5       1    7    5       1    1     16.13069311683510  -0.00243854721422
  -5    1   -3       5    1    7       1    1     16.13069311683510  -0.00243659216662
  -5   -3    1       5    7    1       1    1     16.13069311683510  -0.00243907643073
  -3    1   -5       7    1    5       1    1     16.13069311683510  -0.00243784554055
  -3   -5    1       7    5    1       1    1     16.13069311683510  -0.00243873490903
   3   -5   -4       3    5    6       1    1     16.32159553830226  -0.00061012960799
   3   -4   -5       3    6    5       1    1     16.32159553830226  -0.00061066383397
  -5    3   -4       5    3    6       1    1     16.32159553830226  -0.00061066491242
  -5   -4    3       5    6    3       1    1     16.32159553830226  -0.00061214105609
  -4    3   -5       6    3    5       1    1     16.32159553830226  -0.00061157133371
  -4   -5    3       6    5    3       1    1     16.32159553830226  -0.00061224003660
   2    3    3       2    3    3       1    1     16.32159553830226   0.00361344703188
   3    2    3       3    2    3       1    1     16.32159553830226   0.00361429300574
   3    3    2       3    3    2       1    1     16.32159553830226   0.00361458405915
  -3   -3   -2       7    7    8       1    1     16.32159553830226   0.00361458405915
  -3   -2   -3       7    8    7       1    1     16.32159553830226   0.00361429300574
  -2   -3   -3       8    7    7       1    1     16.32159553830226   0.00361344703188
   2    2    4       2    2    4       1    1     16.51029077279820   0.00617406028827
   2    4    2       2    4    2       1    1     16.51029077279820   0.00617443554656
   4    2    2       4    2    2       1    1     16.51029077279820   0.00617491026140
  -4   -2   -2       6    8    8       1    1     16.51029077279820   0.00617491026140
  -2   -4   -2       8    6    8       1    1     16.51029077279820   0.00617443554656
  -2   -2   -4       8    8    6       1    1     16.51029077279820   0.00617406028827
   1    3    4       1    3    4       1    1     16.69685365237302   0.00370394124458
   1    4    3       1    4    3       1    1     16.69685365237302   0.00370548127212
   3    1    4       3    1    4       1    1     16.69685365237302   0.00370609885434
   3    4    1       3    4    1       1    1     16.69685365237302   0.00370843191565
   4    1    3       4    1    3       1    1     16.69685365237302   0.00370822280289
   4    3    1       4    3    1       1    1     16.69685365237302   0.00370894318767
  -4   -3   -1       6    7    9       1    1     16.69685365237302   0.00370894318767
  -4   -1   -3       6    9    7       1    1     16.69685365237302   0.00370822280289
  -3   -4   -1       7    6    9       1    1     16.69685365237302   0.00370843191565
  -3   -1   -4       7    9    6       1    1     16.69685365237302   0.00370609885434
  -1   -4   -3       9    6    7       1    1     16.69685365237302   0.00370548127212
  -1   -3   -4       9    7    6       1    1     16.69685365237302   0.00370394124458
   2   -5   -4       2    5    6       1    1     17.06386131160225  -0.00126225468441
   2   -4   -5       2    6    5       1    1     17.06386131160225  -0.00126372279972
  -5    2   -4       5    2    6       1    1     17.06386131160225  -0.00126245445996
  -5   -4    2       5    6    2       1    1     17.06386131160225  -0.00126237015249
  -5   -2   -1       5    8    9       1    1     17.06386131160225  -0.01405801524007
  -5   -1   -2       5    9    8       1    1     17.06386131160225  -0.01404583096649
  -4    2   -5       6    2    5       1    1     17.06386131160225  -0.00126275613604
  -4   -5    2       6    5    2       1    1     17.06386131160225  -0.00126181678009
  -2   -5   -1       8    5    9       1    1     17.06386131160225  -0.01405645446640
  -2   -1   -5       8    9    5       1    1     17.06386131160225  -0.01405779977946
  -1   -5   -2       9    5    8       1    1     17.06386131160225  -0.01404765056844
  -1   -2   -5       9    8    5       1    1     17.06386131160225  -0.01406069916637
   0    4    4       0    4    4       1    1     17.24443630125418   0.00339620272842
   0   -4   -4       0    6    6       1    1     17.24443630125418   0.00339620272842
   4    0    4       4    0    4       1    1     17.24443630125418   0.00339650337242
   4    4    0       4    4    0       1    1     17.24443630125418   0.00339721289217
  -4    0   -4       6    0    6       1    1     17.24443630125418   0.00339650337242
  -4   -4    0       6    6    0       1    1     17.24443630125418   0.00339721289217
   0   -5   -3       0    5    7       1    1     17.42313989596680   0.00205306834306
   0   -3   -5       0    7    5       1    1     17.42313989596680   0.00205956349125
  -5    0   -3       5    0    7       1    1     17.42313989596680   0.00205508722358
  -5   -3    0       5    7    0       1    1     17.42313989596680   0.00205439837339
  -3    0   -5       7    0    5       1    1     17.42313989596680   0.00206168802215
  -3   -5    0       7    5    0       1    1     17.42313989596680   0.00205482996586
   4   -5   -5       4    5    5       1    1     17.77515808107663   0.00071738702844
  -5    4   -5       5    4    5       1    1     17.77515808107663   0.00071189588767
  -5   -5    4       5    5    4       1    1     17.77515808107663   0.00071416849699
   1   -5   -4       1    5    6       1    1     18.12033900842083  -0.00296250439296
   1   -4   -5       1    6    5       1    1     18.12033900842083  -0.00296227822948
  -5    1   -4       5    1    6       1    1     18.12033900842083  -0.00295959540228
  -5   -4    1       5    6    1       1    1     18.12033900842083  -0.00296277860031
  -4    1   -5       6    1    5       1    1     18.12033900842083  -0.00295832980472
  -4   -5    1       6    5    1       1    1     18.12033900842083  -0.00296358157780
   3   -5   -5       3    5    5       1    1     18.29048676953444   0.00064368781828
  -5    3   -5       5    3    5       1    1     18.29048676953444   0.00063667286883
  -5   -5    3       5    5    3       1    1     18.29048676953444   0.00064023570114
   3    3    3       3    3    3       1    1     18.29048676953445   0.01008063647523
  -3   -3   -3       7    7    7       1    1     18.29048676953445   0.01008063647523
   3    4    2       3    4    2       1    1     18.45906624813215   0.00370692425364
   4    3    2       4    3    2       1    1     18.45906624813215   0.00370896047869
  -4   -3   -2       6    7    8       1    1     18.45906624813215   0.00370896047869
  -3   -4   -2       7    6    8       1    1     18.45906624813215   0.00370692425364
   2    3    4       2    3    4       1    1     18.45906624813215   0.00370660823655
   2    4    3       2    4    3       1    1     18.45906624813215   0.00370281427462
   3    2    4       3    2    4       1    1     18.45906624813215   0.00370718291681
   4    2    3       4    2    3       1    1     18.45906624813215   0.00370549187177
  -4   -2   -3       6    8    7       1    1     18.45906624813215   0.00370549187177
  -3   -2   -4       7    8    6       1    1     18.45906624813215   0.00370718291681
  -2   -4   -3       8    6    7       1    1     18.45906624813215   0.00370281427462
  -2   -3   -4       8    7    6       1    1     18.45906624813215   0.00370660823655
   1    4    4       1    4    4       1    1     18.79168879387282   0.01548411730293
   4    1    4       4    1    4       1    1     18.79168879387282   0.01549205292215
   4    4    1       4    4    1       1    1     18.79168879387282   0.01549526170272
  -5   -2   -2       5    8    8       1    1     18.79168879387282  -0.01405426450555
  -4   -4   -1       6    6    9       1    1     18.79168879387282   0.01549526170272
  -4   -1   -4       6    9    6       1    1     18.79168879387282   0.01549205292215
  -2   -5   -2       8    5    8       1    1     18.79168879387282  -0.01405938273390
  -2   -2   -5       8    8    5       1    1     18.79168879387282  -0.01404896400391
  -1   -4   -4       9    6    6       1    1     18.79168879387282   0.01548411730293
  -5   -3   -1       5    7    9       1    1     18.95581146277263   0.00864884311131
  -5   -1   -3       5    9    7       1    1     18.95581146277263   0.00864813728471
  -3   -5   -1       7    5    9       1    1     18.95581146277263   0.00864915677547
  -3   -1   -5       7    9    5       1    1     18.95581146277263   0.00864525801811
  -1   -5   -3       9    5    7       1    1     18.95581146277263   0.00863579372864
  -1   -3   -5       9    7    5       1    1     18.95581146277263   0.00863265663506
  -5   -5    2       5    5    2       1    1     19.11852527520361   0.00983097085433
   2   -5   -5       2    5    5       1    1     19.11852527520361   0.00983266503219
  -5    2   -5       5    2    5       1    1     19.11852527520361   0.00982807057195
   0   -5   -4       0    5    6       1    1     19.43986753225014   0.00297336988042
   0   -4   -5       0    6    5       1    1     19.43986753225014   0.00297441212031
  -5    0   -4       5    0    6       1    1     19.43986753225014   0.00297237990391
  -5   -4    0       5    6    0       1    1     19.43986753225014   0.00297542707334
  -4    0   -5       6    0    5       1    1     19.43986753225014   0.00297344528071
  -4   -5    0       6    5    0       1    1     19.43986753225014   0.00297411978617
   1   -5   -5       1    5    5       1    1     20.22089394916846   0.01117630196777
  -5    1   -5       5    1    5       1    1     20.22089394916846   0.01117644369908
  -5   -5    1       5    5    1       1    1     20.22089394916846   0.01116898982484
   3    3    4       3    3    4       1    1     20.37350663459619   0.00183564387200
   3    4    3       3    4    3       1    1     20.37350663459619   0.00183401377526
   4    3    3       4    3    3       1    1     20.37350663459619   0.00183482259992
  -4   -3   -3       6    7    7       1    1     20.37350663459619   0.00183482259992
  -3   -4   -3       7    6    7       1    1     20.37350663459619   0.00183401377526
  -3   -3   -4       7    7    6       1    1     20.37350663459619   0.00183564387200
   2    4    4       2    4    4       1    1     20.52498460599549   0.00339620295969
   4    2    4       4    2    4       1    1     20.52498460599549   0.00339351308458
   4    4    2       4    4    2       1    1     20.52498460599549   0.00339707792527
  -4   -4   -2       6    6    8       1    1     20.52498460599549   0.00339707792527
  -4   -2   -4       6    8    6       1    1     20.52498460599549   0.00339351308458
  -2   -4   -4       8    6    6       1    1     20.52498460599549   0.00339620295969
  -5   -2   -3       5    8    7       1    1     20.67535280382825   0.00205812221809
  -2   -5   -3       8    5    7       1    1     20.67535280382825   0.00205713416237
  -5   -3   -2       5    7    8       1    1     20.67535280382825   0.00205540069127
  -3   -5   -2       7    5    8       1    1     20.67535280382825   0.00205313448939
  -3   -2   -5       7    8    5       1    1     20.67535280382825   0.00205459232871
  -2   -3   -5       8    7    5       1    1     20.67535280382825   0.00205549699457
  -5   -4   -1       5    6    9       1    1     20.97285518320294   0.00297124198657
  -5   -1   -4       5    9    6       1    1     20.97285518320294   0.00297346502745
  -4   -5   -1       6    5    9       1    1     20.97285518320294   0.00297609465015
  -4   -1   -5       6    9    5       1    1     20.97285518320294   0.00297034253481
  -1   -5   -4       9    5    6       1    1     20.97285518320294   0.00297705052777
  -1   -4   -5       9    6    5       1    1     20.97285518320294   0.00297073178415
   0   -5   -5       0    5    5       1    1     21.55554537656772   0.20219959575250
  -5    0   -5       5    0    5       1    1     21.55554537656772   0.20221407056349
  -5   -5    0       5    5    0       1    1     21.55554537656772   0.20222155274032
   3    4    4       3    4    4       1    1     22.40117986624303  -0.00380512934658
   4    3    4       4    3    4       1    1     22.40117986624303  -0.00380534983422
   4    4    3       4    4    3       1    1     22.40117986624303  -0.00380812681487
  -4   -4   -3       6    6    7       1    1     22.40117986624303  -0.00380812681487
  -4   -3   -4       6    7    6       1    1     22.40117986624303  -0.00380534983422
  -3   -4   -4       7    6    6       1    1     22.40117986624303  -0.00380512934658
  -5   -3   -3       5    7    7       1    1     22.53903458194669  -0.00243868268473
  -3   -5   -3       7    5    7       1    1     22.53903458194669  -0.00243606805499
  -3   -3   -5       7    7    5       1    1     22.53903458194669  -0.00243857532101
  -4   -2   -5       6    8    5       1    1     22.67605125176351  -0.00295976970952
  -2   -4   -5       8    6    5       1    1     22.67605125176351  -0.00296301310165
  -5   -4   -2       5    6    8       1    1     22.67605125176352  -0.00296443138966
  -5   -2   -4       5    8    6       1    1     22.67605125176352  -0.00295875055438
  -4   -5   -2       6    5    8       1    1     22.67605125176352  -0.00296209625172
  -2   -5   -4       8    5    6       1    1     22.67605125176352  -0.00296176948574
  -5   -5   -1       5    5    9       1    1     23.08222176983525   0.01116898982484
  -5   -1   -5       5    9    5       1    1     23.08222176983525   0.01117644369908
  -1   -5   -5       9    5    5       1    1     23.08222176983525   0.01117630196777
   4    4    4       4    4    4       1    1     24.38731569271259   0.00029232460641
  -4   -4   -4       6    6    6       1    1     24.38731569271259   0.00029232460641
  -5   -4   -3       5    6    7       1    1     24.51400389945394  -0.00126245352352
  -4   -5   -3       6    5    7       1    1     24.51400389945394  -0.00126240820712
  -5   -3   -4       5    7    6       1    1     24.51400389945394  -0.00126251888784
  -4   -3   -5       6    7    5       1    1     24.51400389945394  -0.00126231541224
  -3   -5   -4       7    5    6       1    1     24.51400389945394  -0.00126326889922
  -3   -4   -5       7    6    5       1    1     24.51400389945394  -0.00126271200684
  -5   -5   -2       5    5    8       1    1     24.76543615919729   0.00983097085433
  -5   -2   -5       5    8    5       1    1     24.76543615919729   0.00982807057195
  -2   -5   -5       8    5    5       1    1     24.76543615919729   0.00983266503219
  -5   -4   -4       5    6    6       1    1     26.45864537282878  -0.00061244879266
  -4   -5   -4       6    5    6       1    1     26.45864537282878  -0.00061128718026
  -4   -4   -5       6    6    5       1    1     26.45864537282878  -0.00060950749353
  -5   -5   -3       5    5    7       1    1     26.57546115218945   0.00064023570114
  -5   -3   -5       5    7    5       1    1     26.57546115218945   0.00063667286883
  -3   -5   -5       7    5    5       1    1     26.57546115218945   0.00064368781828
  -5   -5   -4       5    5    6       1    1     28.48813584144492   0.00071416849699
  -5   -4   -5       5    6    5       1    1     28.48813584144492   0.00071189588767
  -4   -5   -5       6    5    5       1    1     28.48813584144492   0.00071738702844
  -5   -5   -5       5    5    5       1    1     30.48414461589074  -0.00086209022288
