# Status file for ctqmc. Used to save all times t_s, t_e.
10
2
10.52896281317971 10.50259998939585 0 0
14.61388772356013 14.56932035851664 0 0
3
11.01997819765667 10.93118968889451 0 0
11.3997592880439 11.07405814719992 0 0
27.3689061918203 27.34230709328082 0 0
25
0.4482140840357971 0.3789141839549401 0 0
1.227116065875144 1.176591595338533 0 0
6.09510019488486 6.085772233537447 0 0
6.858676333055931 6.849456971984169 0 0
8.523249779430206 8.506197898439348 0 0
9.611751559004164 9.590604187049363 0 0
10.53261332975555 10.5279241445851 0 0
14.26688748197268 14.26231450411063 0 0
14.59861713480118 14.57352696358609 0 0
16.47657432340026 16.3151233414486 0 0
17.80903124764624 17.66797374180965 0 0
17.89833312896323 17.87332102406274 0 0
18.72603847834948 18.70894061406162 0 0
21.03222556103638 20.95847049501505 0 0
22.79008944273778 22.49480301004396 0 0
22.88097134201198 22.81097219155458 0 0
25.72203734069336 25.67660850541808 0 0
25.7859969549348 25.78489223514365 0 0
26.14941916094003 26.14008040517213 0 0
28.49290085464392 28.39858327418458 0 0
29.96340458628273 29.96256576328691 0 0
33.71508868428864 33.68747201009912 0 0
35.3710880864333 35.31768370149847 0 0
35.97046066279987 35.95771289020826 0 0
36.12864253960758 36.12724479993132 0 0
1
10.49117562868226 10.42660979378122 0 0
16
3.406952457511767 3.403057792689275 0 0
4.637695388342266 4.613864688615796 0 0
6.222265852938428 6.215475866633498 0 0
10.35023061644351 10.34027338311677 0 0
16.9690655765461 16.96482919965493 0 0
17.84905077265079 17.83070624070175 0 0
22.48502059458563 22.47207185609796 0 0
24.57770462678977 24.5637285237163 0 0
27.95732749669451 27.95482697865156 0 0
29.1702923735057 29.14345697475929 0 0
29.82739371140747 29.5717245505447 0 0
32.22659300296169 32.15004103770455 0 0
35.08622830568928 34.77461383676615 0 0
35.42568028514966 35.40677326141175 0 0
35.76315370973855 35.74943521268562 0 0
36.53696777497564 36.48857236482866 0 0
3
3.053291236219593 3.048483468703266 0 0
5.258941713296936 5.149065244498424 0 0
11.22546741531519 11.21731948425504 0 0
1
3.73185901385618 3.643537988547386 0 0
22
0.1085231866245095 0.182019309523838 0 0
1.395229279700404 1.436832072306841 0 0
1.47573822094541 1.576825589844317 0 0
2.508777559489408 2.52684982992759 0 0
2.690353887830002 2.934455295403775 0 0
4.19706292397092 4.260967735739153 0 0
6.115797676757319 6.384215559013641 0 0
7.233407806283523 7.292930281999391 0 0
10.62908970124613 10.71165296194285 0 0
10.95608155957745 11.39021836194676 0 0
13.95630594341386 14.10029682843163 0 0
14.53987017622329 14.77076794411905 0 0
15.25309401947561 15.57292815853937 0 0
17.88332535840565 17.90689505078884 0 0
20.40871891180078 20.43024772272839 0 0
22.514248978407 22.74138793952929 0 0
23.28160762238121 23.35725921205509 0 0
23.44075938623649 23.67534206638474 0 0
27.67618127356418 27.7003000141913 0 0
31.11986530589127 31.24307898442109 0 0
33.99764468491273 34.10805049010745 0 0
37.81942947872493 37.91039875904971 0 0
1
22.60641655301409 22.44435581513321 0 0
26
1.60467992337818 0.01893935658946333 0 0
3.144724086161315 1.767418930897693 0 0
5.871430744497951 3.168103527213226 0 0
7.562422521168403 5.915350451479613 0 0
10.3671094761473 7.605804821803725 0 0
12.91659132557944 10.39682908196641 0 0
13.34863395029446 13.01222659876149 0 0
13.42707008374332 13.41502568340508 0 0
14.00233250202857 13.47713945522569 0 0
16.52267832432981 14.45898724435678 0 0
16.92232871146799 16.8462814926604 0 0
17.09378729055435 16.99049823901873 0 0
17.90610629180108 17.20355752935912 0 0
19.19115746630852 18.04655332389867 0 0
20.82330757107744 19.56226259873583 0 0
22.91449616803487 21.07200529645155 0 0
25.25889121135173 22.93185602056426 0 0
28.6123798685298 25.32159359159684 0 0
29.99063089802556 28.68566511735365 0 0
31.19665607296499 30.2483812225958 0 0
31.61023015210203 31.2563721808175 0 0
33.46485606400576 31.9092478887738 0 0
33.92818932988774 33.57802343830321 0 0
34.07627719107246 33.94538115567234 0 0
37.43719128589257 34.15708972740769 0 0
38.66817174870756 37.55984345444996 0 0
