# Status file for ctqmc. Used to save all times t_s, t_e.
10
0
3
1.932144901957088 1.916585005505824 0 0
11.13013990383151 11.11782236208945 0 0
25.19407655904008 25.11222854604925 0 0
19
1.691165489485504 1.680881101995041 0 0
1.932899633095487 1.931576900191318 0 0
5.583030702164105 5.570236646484587 0 0
5.702723291666423 5.699524850792123 0 0
8.242202462898565 8.218905436447111 0 0
13.86768291208914 13.86424917981172 0 0
14.98511395938474 14.94188446482868 0 0
17.84126346965219 17.78483850744033 0 0
19.34885873908959 19.31673343738833 0 0
21.76733387869304 21.7201333462196 0 0
27.55560895318568 27.55322325399253 0 0
29.03065133540223 29.0255829633634 0 0
31.66514542636192 31.66082396317091 0 0
33.11820078394181 33.10285476055366 0 0
33.35915050691068 33.28411943665389 0 0
33.46526116768396 33.45672873774492 0 0
34.35959186486445 34.35499129017612 0 0
37.78306753895669 37.7809446731367 0 0
38.37887727801755 38.37407843242482 0 0
2
3.807031647470696 3.742607831599889 0 0
33.08742838344487 33.07773270114168 0 0
15
0.8434519762658521 0.822788243166654 0 0
2.697697256848912 2.602046261955886 0 0
11.26197992229388 11.2262835635044 0 0
11.82352814387057 11.80192248319618 0 0
13.01747442729014 13.00781134513025 0 0
14.41494829886256 14.41166661320029 0 0
14.75973841609989 14.66552257004383 0 0
16.31000895807474 16.30516736283624 0 0
16.79906142225594 16.78876970348604 0 0
17.0920270923355 17.07462789539754 0 0
17.19232030510596 17.13151979265638 0 0
20.28181943060599 20.26712601642179 0 0
26.36613675889106 26.32361137249778 0 0
31.34298636257945 31.34051917041717 0 0
37.99257190751081 37.98628096434711 0 0
4
6.073321267414421 6.05217035303977 0 0
11.07604884798621 11.06395369537183 0 0
20.8596611974199 20.78091632693402 0 0
34.59589384592576 34.57032558259428 0 0
2
5.759300749608485 5.725129929892617 0 0
9.048090116439283 9.003955944820017 0 0
17
0.9916379695067054 0.5339729279988958 0 0
6.072851173530871 1.252858754212574 0 0
7.370637627756356 6.095508146648394 0 0
8.281029217172206 7.812308458093288 0 0
9.164527427872493 8.88464257986935 0 0
11.21327387355079 9.361393228401335 0 0
11.40202429428555 11.39966774041263 0 0
15.00529336914592 11.45039797820701 0 0
17.22576204644495 15.01237508192102 0 0
19.17570141370814 17.50494636786899 0 0
20.56807585409999 19.29217277917669 0 0
21.97059864121665 20.66849577117629 0 0
30.75467116892441 22.05637703320454 0 0
33.09092933321384 31.04960118053359 0 0
36.73644402212882 33.21002765761673 0 0
37.60447418653888 36.86030780779723 0 0
38.42911175136437 37.82478766776358 0 0
5
5.943870184303271 5.942155345388988 0 0
11.02119525050148 11.01469814301314 0 0
18.84787199167435 18.78761968658062 0 0
25.82045462047341 25.79693316224987 0 0
26.8351127172954 26.77241114820917 0 0
16
3.936451539490491 4.040486022565538 0 0
4.313239733161147 4.386004727616121 0 0
6.560763010472879 6.76340000798958 0 0
7.084432729204493 7.237082731789886 0 0
9.674690122530128 9.990686703108398 0 0
13.20295536667 13.3196566011369 0 0
16.78668630375072 17.48909253732985 0 0
18.46116627356847 18.4974299053572 0 0
18.74071123554371 19.14742243010469 0 0
25.9263626457053 25.98854976607875 0 0
30.48890010250205 30.69777310186881 0 0
32.24573506026987 32.53733848641839 0 0
34.46600625567035 34.52597476657883 0 0
35.89471300632756 35.92788844246738 0 0
35.99884479168387 36.04175592392956 0 0
36.48312813249795 36.53611064663849 0 0
