# Status file for ctqmc. Used to save all times t_s, t_e.
10
2
11.06325197902812 11.05023492113421 0 0
23.91451375632082 23.89312940583124 0 0
2
12.57496540122934 12.53459097451363 0 0
27.83164088167605 27.79296367233544 0 0
18
1.605669273374952 1.572556497680411 0 0
3.165455627849368 3.131948687392826 0 0
4.28455493185158 3.759066255610697 0 0
4.467643940910202 4.438466852788461 0 0
8.889258632786516 8.880583644230892 0 0
9.340813199923453 9.33323828197604 0 0
13.93251019446274 13.92737689834589 0 0
19.52202332622227 19.4505399956579 0 0
24.1914448122098 24.14432072875591 0 0
25.15813545001061 25.15106263468636 0 0
25.18893303946389 25.16823273488972 0 0
28.30407498046934 28.24638878580485 0 0
28.43572935435144 28.41807673643162 0 0
30.26623654460506 30.23932814785964 0 0
32.641215104358 32.62060985552974 0 0
33.45712088454636 33.41866822311324 0 0
35.92016563073954 35.91241160445343 0 0
38.03226802566735 38.03050146113589 0 0
4
16.56065597074949 16.51585819019392 0 0
33.02818783310182 32.96145689153269 0 0
34.31640535913336 34.30994278962732 0 0
38.67517469150907 38.67497313166774 0 0
20
0.2870647272405193 0.2015535368847097 0 0
0.8975135883523251 0.8762626900881229 0 0
4.302112332206697 4.245971314470133 0 0
7.723969958644884 7.703100373997359 0 0
8.183776970579807 8.171149467316484 0 0
10.46791538322041 10.44941571829958 0 0
10.55576220377211 10.53537126268624 0 0
10.5698991600789 10.56205089333761 0 0
14.59251784345547 14.56575316511043 0 0
17.27437501579802 17.13661200008945 0 0
17.31751378304801 17.31236651050713 0 0
20.67826480964593 20.67732336188712 0 0
20.70427145870359 20.68863799555909 0 0
22.47990111350715 22.47256258982986 0 0
23.35210750655178 23.35016541061533 0 0
25.29334019617452 25.28857541425814 0 0
29.07200440764026 29.06446200378618 0 0
36.12548493583844 36.0952299569556 0 0
37.55207396816567 37.49210081562516 0 0
38.11359896882628 38.08039928683233 0 0
3
7.84402001400062 7.81726311891385 0 0
9.64788162210538 9.547939208749931 0 0
23.55333720772245 23.54249668827704 0 0
1
4.748158459314116 4.636381487906642 0 0
23
1.436979533314679 1.453639962452281 0 0
2.615849107578893 2.798056755455051 0 0
3.554145122218884 3.558849106687752 0 0
3.684312688882984 3.837527637676625 0 0
4.622290033673451 4.694294110268627 0 0
6.600841475447448 6.68627583717352 0 0
7.917781242812445 7.998668824777513 0 0
7.999310346223663 8.272186087442771 0 0
13.40790705410754 13.81577535538712 0 0
14.63754362680158 14.71879265248069 0 0
15.79177351962392 15.84045929037685 0 0
16.35040382324322 16.42545421925518 0 0
19.58074168825512 19.61503009924187 0 0
19.78188964300161 19.99418461686263 0 0
22.87198437040001 23.14725208306762 0 0
23.68492439121654 23.71947201657365 0 0
26.2360008528894 26.80093905498486 0 0
29.81601483164774 30.00334086229858 0 0
30.58327855042031 30.65098245434145 0 0
32.92957430236874 33.07788813699344 0 0
34.06883936274831 34.46336315003768 0 0
34.5033696211355 34.81141272094383 0 0
37.4298589993744 37.43627637974785 0 0
7
17.5432782842881 17.52325345895409 0 0
17.96512781775846 17.86781668179109 0 0
26.95819773294275 26.89052118594713 0 0
27.38083466631741 27.35696014134552 0 0
29.41711177542708 29.18647809937374 0 0
33.49917840567274 33.45148665689697 0 0
37.44869903943901 37.32484497563615 0 0
35
0.9966019594350344 1.078596611861689 0 0
1.931223503858284 1.93306536965578 0 0
2.053988181811834 2.062839776157973 0 0
3.612064251685334 3.67885201964538 0 0
4.737948285004109 4.76082810256832 0 0
6.641885317350924 6.659296192150213 0 0
8.264364434620145 8.69525779228082 0 0
9.836054891615602 9.875890529726492 0 0
11.02916743588438 11.03525216088394 0 0
11.8599271669451 11.88123817808507 0 0
12.38852250150608 12.51602691444675 0 0
12.73315738495234 12.79467776742467 0 0
15.0324797487053 15.43678847221759 0 0
21.07991999351637 21.15913697123028 0 0
22.16152668013807 22.30290092348837 0 0
22.99210931862162 22.99330053747675 0 0
23.39651417914114 23.55865966061419 0 0
24.10755449609006 24.1620612415703 0 0
24.62087087403407 24.62202330092755 0 0
24.87742097590115 24.9695986650291 0 0
25.55109116717209 26.08853080655067 0 0
26.76598842212471 26.86869833222096 0 0
27.89626834028595 28.30507823449804 0 0
29.71530538781279 29.79269460846702 0 0
29.83152098538038 29.84077622664473 0 0
31.1141754680191 31.1453566913605 0 0
32.20573091795281 32.5145518484974 0 0
33.7686521609915 33.89587001521104 0 0
33.90110852682842 33.90183081430612 0 0
34.86113790014583 34.96855993110039 0 0
35.43790212448661 35.53992979299224 0 0
36.00109654586623 36.19484972506289 0 0
36.27104417825048 36.27955873428495 0 0
37.71398110093281 37.71667621394327 0 0
38.58200662689014 38.63068064509427 0 0
