# Status file for ctqmc. Used to save all times t_s, t_e.
10
4
0.2794432933074233 0.2247418852252352 0 0
9.109925066699631 8.997950052805862 0 0
37.0311505919511 36.94858957596004 0 0
38.5869252826669 38.57597989997373 0 0
1
11.38895784200235 11.2912332344449 0 0
21
0.934102851306126 0.192566356112444 0 0
0.9913947303384508 0.9677242033677754 0 0
4.127866961520755 1.012980315261213 0 0
5.924106198057371 4.141971506197157 0 0
6.44619928048634 5.931786459073654 0 0
7.609172651737438 6.519443554286328 0 0
8.718592510528614 7.725226632954417 0 0
10.51753631986978 8.756348720745208 0 0
15.35416522472408 10.69314024606719 0 0
16.25256278597595 15.38936660246182 0 0
16.9833730920961 16.35797877949654 0 0
18.75015512512092 17.03757353608522 0 0
19.63055422293847 18.88863862786287 0 0
22.75272847289177 19.7764129081634 0 0
23.16544831963862 22.80020200344704 0 0
23.32663630413959 23.18824454230302 0 0
26.8424109296914 23.6646123751167 0 0
27.01839460141458 26.90451317531736 0 0
32.72811612098064 27.05873337674491 0 0
32.8096643514044 32.73695951702327 0 0
38.6813763506871 32.95434067747563 0 0
5
2.527805234546443 2.497433336261849 0 0
11.95810245687767 11.91572224436889 0 0
14.80760623489291 14.7893508970127 0 0
16.11912048983733 16.05748690872125 0 0
24.90904664248622 24.88600262473427 0 0
21
0.2161946973931043 0.3030208912123413 0 0
2.881633731194415 3.067708611104271 0 0
3.544559073313612 4.08704451817218 0 0
4.911172705892056 5.057835103305665 0 0
8.01271502632313 8.041701057722459 0 0
10.06575894834059 10.07031007892809 0 0
13.33687078436614 13.50528141167345 0 0
17.93751072156581 17.95902678645177 0 0
18.62765342624708 18.6656861407667 0 0
20.46672303249048 20.59631544002832 0 0
21.37021141596108 21.39866905472994 0 0
23.70869794251271 23.7514441494456 0 0
23.9269442613156 23.99991683671367 0 0
24.26056389248136 24.38359007701487 0 0
29.97906538823148 30.06314112127896 0 0
32.57071857846798 32.646399511815 0 0
34.46400592953005 34.6067501124358 0 0
35.93119791883628 36.05858053518108 0 0
36.36076914158943 36.65495570082456 0 0
36.6716430573926 36.68451319994789 0 0
38.34087419778731 38.38428209356098 0 0
1
10.68573514027282 10.66527034297868 0 0
2
8.93988982649603 8.802191844547114 0 0
17.03759270010062 16.88654303699724 0 0
22
0.1827651182637131 0.1374427682679555 0 0
2.499796703184447 2.429443864322978 0 0
4.097478931788084 4.054673394718351 0 0
4.61605072844755 4.584823644941042 0 0
4.97769896793071 4.898612423607314 0 0
5.37604691362458 5.002675439478035 0 0
7.745436199779659 7.72740448409372 0 0
9.207554858880213 9.104214593930108 0 0
9.578364428066221 9.56989361212753 0 0
9.608672597132026 9.596854909830315 0 0
10.52238425856235 10.49651152100886 0 0
13.65636111016804 13.65022317390558 0 0
15.69271744093481 15.61271317718615 0 0
18.4670249687039 18.45860627862432 0 0
20.89298453219299 20.84532056497595 0 0
21.34892657545534 21.33773780067034 0 0
23.05373742591262 23.03183956834467 0 0
25.77914747818208 25.76523774591346 0 0
28.66356894960929 28.64619133853677 0 0
29.87852712973411 29.85789120048826 0 0
35.68221954216018 35.67401605410257 0 0
35.81714279004986 35.80047743422296 0 0
7
18.53910810381389 18.52061359880727 0 0
19.8656431755267 19.78858053312931 0 0
22.32251786508861 22.29767316759295 0 0
25.56390111149285 25.44391032672875 0 0
30.00353746485398 29.97079993360676 0 0
30.06626035614236 30.02167156453898 0 0
30.12421902224001 30.06899524426181 0 0
20
0.271923941340432 0.2455570376860408 0 0
2.979704202197492 2.968178529819817 0 0
5.518206195403955 5.447819355726903 0 0
6.51115364715276 6.493992893047192 0 0
10.30676132064954 10.24363594731204 0 0
11.65150050379386 11.64157632789966 0 0
12.40070774858132 12.40036846209329 0 0
17.6471744280884 17.57604872280189 0 0
18.63851678300075 18.63114369996444 0 0
18.79432486258407 18.72046811482612 0 0
18.8906833794516 18.82696006842572 0 0
22.31256807107308 22.30268147819105 0 0
22.74795689007627 22.72896456159689 0 0
23.32220755184749 23.2973269007002 0 0
23.75629022185693 23.62891569892496 0 0
23.896853091254 23.86063393728073 0 0
27.86952555556541 27.81714771616525 0 0
33.18429487969689 33.16116488518439 0 0
34.56397791806327 34.56157937632089 0 0
37.61838300306444 37.53329570715542 0 0
