# Status file for ctqmc. Used to save all times t_s, t_e.
10
1
20.48870840295264 20.41763113514252 0 0
2
22.1788993181721 21.95589885984081 0 0
28.99963250888584 28.89623970707553 0 0
24
2.220310732621118 2.234849929968786 0 0
5.489051939152167 5.757502646656329 0 0
5.773470414701956 5.842156714562933 0 0
5.863506145964616 5.949908614180501 0 0
5.99978301695945 6.021770711522235 0 0
6.392965024711256 6.524954905874955 0 0
7.09250743798416 7.102623539241834 0 0
7.247877751753099 7.367011832885264 0 0
8.304199560349959 8.603642760625695 0 0
9.270577260115946 9.342347901005176 0 0
11.0495456117372 11.07764132375205 0 0
11.91927699620242 11.93429434243142 0 0
13.37354442402136 13.58402102112249 0 0
13.86596765849627 13.9205493063548 0 0
18.11805960379622 18.12315173000524 0 0
20.21778071783811 20.35450754237568 0 0
22.06222218802315 22.33314900008216 0 0
25.30156369454138 26.11995838295566 0 0
28.46092196766617 28.59329082368493 0 0
28.60256280695911 28.63697837321642 0 0
28.67491221086127 29.01547911405265 0 0
31.57270169226461 31.61268169833161 0 0
36.06828990945499 36.07016298546696 0 0
36.13124863941132 36.37146200930004 0 0
4
1.13873290081887 1.059943395943009 0 0
3.763821100031492 3.692587670038524 0 0
8.935770079826789 8.902925543230642 0 0
29.34222159301314 29.33992164070622 0 0
30
4.000738358924116 4.058436330752935 0 0
8.09413900539429 8.147808517491677 0 0
8.926856373964757 8.981872779317099 0 0
11.19827422664951 11.27299412258667 0 0
12.62635422232902 12.72148321351199 0 0
13.47976384882234 13.97367138279682 0 0
13.98169560772043 14.00254361697662 0 0
14.13884291653547 14.1674975074645 0 0
14.56158139544734 14.69122139168453 0 0
17.20559551506229 17.36428661789202 0 0
19.35877363607598 19.45177016533203 0 0
20.31364103357289 20.5768898314032 0 0
21.02202219371555 21.22912957574857 0 0
23.15073598025688 23.32245192647287 0 0
23.49838894595445 23.52153728469073 0 0
25.13919113913901 25.25358941287546 0 0
25.25701468916782 25.43129269817359 0 0
25.68495203515883 25.68979279007259 0 0
28.24209508344388 28.44388825585292 0 0
28.87340312878207 28.91258088781125 0 0
29.45278046977701 29.54589642406181 0 0
31.22277964413705 31.30061595876238 0 0
31.42673801195015 31.53160018323511 0 0
32.06932471330791 32.08507364787209 0 0
32.16827648236153 32.84901658757848 0 0
33.09455400907792 33.29867734572886 0 0
34.80985369197008 34.85986018629007 0 0
35.84615790410901 35.90201828261598 0 0
36.05094093157312 36.15254775493663 0 0
36.86180377179029 37.07108876006117 0 0
0
3
2.305228562671061 2.283555287548467 0 0
2.942281237791718 2.887245503396173 0 0
34.5665651111785 34.55099277611272 0 0
19
1.435545393831404 1.289108586879877 0 0
1.484858167515668 1.478594127817423 0 0
2.183329731473782 2.163585060804068 0 0
2.399881425019518 2.38883034564267 0 0
7.155111111062317 7.152417056873786 0 0
7.754277672532782 7.74007659895095 0 0
7.838900902038594 7.783961496721075 0 0
8.290888469111888 8.248077000578224 0 0
12.83999621467665 12.82777934396564 0 0
16.32137510127579 16.30339549706963 0 0
17.33320582610472 17.30512401090489 0 0
20.39755047404018 20.35907057295464 0 0
21.83445145104838 21.78308944704462 0 0
27.52178981213576 27.47575091888205 0 0
32.22483454368324 31.96119638118846 0 0
32.77208816350726 32.26204313566603 0 0
36.26234108309865 36.20312719748252 0 0
38.21799411703828 38.20826270013853 0 0
38.25570545575881 38.25317975326643 0 0
5
3.948227053651423 3.915021331254599 0 0
7.535107049012146 7.508749449215762 0 0
17.34209269271642 17.13615915629446 0 0
18.19460805682827 18.15470157253445 0 0
20.06626097272615 19.99832665182915 0 0
25
1.188702133467906 1.187444229388783 0 0
1.250301364813947 1.216156864651078 0 0
1.418491764395904 1.417741492774835 0 0
2.44349145160079 2.417493952440968 0 0
6.76692613878572 6.762029404741448 0 0
9.011945218268806 9.00173793030531 0 0
9.285856146204528 9.271554230854795 0 0
9.463577267450969 9.45788905215511 0 0
10.978311408351 10.97601973458167 0 0
14.49311358160813 14.43640900240668 0 0
18.83739471778618 18.78253713868348 0 0
19.8146161126603 19.81002982819601 0 0
21.14568349791471 21.14121117164227 0 0
23.36898774572529 23.34614854945696 0 0
25.0468938471646 24.93945420889525 0 0
25.21888099042343 25.14117326471007 0 0
25.5635868372009 25.43957037518847 0 0
27.90206851600546 27.88121055175085 0 0
33.10248066043636 33.00110214695682 0 0
34.46850458248577 34.46245061673741 0 0
34.89787413625016 34.8517791114317 0 0
34.92021157569143 34.90785674178208 0 0
36.56846215599198 36.47448065762212 0 0
38.37999437312089 38.36119461774923 0 0
38.48490024236531 38.40125425921588 0 0
