# Status file for ctqmc. Used to save all times t_s, t_e.
10
1
6.236493465808423 6.207498453423992 0 0
3
7.761600097055691 7.733835084466634 0 0
17.75482113111732 17.7376446318815 0 0
31.86552794635952 31.84429957349007 0 0
21
3.849030158160673 4.020073419583198 0 0
4.405584655988491 4.450230212416675 0 0
4.484100667698868 4.567964609076502 0 0
6.170645924579647 6.44352311106776 0 0
6.468866750144774 6.627454129828589 0 0
7.035680231919093 7.077425177015422 0 0
9.17063534204657 9.19756909182386 0 0
10.57458839431803 10.57848593879043 0 0
11.04986682893501 11.08112157872083 0 0
13.61270068681263 13.66375671014714 0 0
17.30814437736125 17.36883688359062 0 0
17.56372669126893 17.64916335779258 0 0
17.73977047620176 17.99559828129026 0 0
25.60176947534554 25.72994657519909 0 0
26.19341996874551 26.63946190092329 0 0
29.70999148529882 29.73075544850835 0 0
31.78097018710915 31.86523660157711 0 0
33.2969636032301 33.3086356918496 0 0
33.83822872063983 33.90873457862087 0 0
34.03114792430792 34.09163018886134 0 0
34.29595076224175 34.31993841044243 0 0
2
4.488345991457989 4.40620181099813 0 0
28.94750104273885 28.79087112905008 0 0
25
1.090537303522343 1.202071362311241 0 0
1.56641459178683 2.118488275444851 0 0
6.143751058800886 6.144865819935442 0 0
7.075300538436445 7.076925625262382 0 0
7.699102049707184 7.701723493530414 0 0
7.938294241363127 8.319709414775998 0 0
10.28724290936379 10.56379645996289 0 0
11.30752294999104 11.43591603619316 0 0
12.20358056391797 12.33089990375142 0 0
13.84293921165329 13.94043412003462 0 0
18.25137081997611 18.27945778159223 0 0
24.03608904887607 24.34119001114641 0 0
24.34322178821213 24.38498338463294 0 0
24.52659360251864 24.620737155875 0 0
26.4811330220157 26.62408958675933 0 0
26.90039122436027 27.09697302296963 0 0
27.28519159634032 27.65970674052626 0 0
27.90922682561128 28.00378884917651 0 0
29.29327853392314 29.36436058006166 0 0
29.37391051097023 29.37884107768706 0 0
33.49952682703015 33.75892945895036 0 0
34.1242226390199 34.18058172428414 0 0
35.02547710517569 35.09959818111455 0 0
36.63282494937999 36.64395842606837 0 0
36.86687597698541 36.98472464122512 0 0
5
5.711575777999479 5.61762047729691 0 0
12.51570553135708 12.45388055886867 0 0
19.34161828707718 19.29224689145034 0 0
19.93171317059904 19.75627305663251 0 0
24.45158347697953 24.4426135439141 0 0
2
3.093965379776435 3.050062889458779 0 0
5.029605018872893 4.971572510803142 0 0
22
0.2156624359848132 0.2155125406724423 0 0
5.20627261005303 5.177511809381781 0 0
6.005808689021227 5.997197330563418 0 0
7.67033102670859 7.528339077108662 0 0
9.09389591361534 9.041224228159409 0 0
9.149135318676556 9.108850100083183 0 0
10.62217907747714 10.61676903645344 0 0
13.48787544646066 13.4583192538715 0 0
15.29228238947762 15.26123477982262 0 0
16.48426290276367 16.4661007269573 0 0
17.73583220077679 17.72823809036263 0 0
22.71816464957547 22.69724413755321 0 0
23.14988445427593 23.14282487633713 0 0
24.298650447539 24.27137563809946 0 0
26.12461878354956 26.09216404815951 0 0
28.60659941778981 28.59973917185374 0 0
30.1839713873679 30.17763238896807 0 0
32.64820504718863 32.60120059018073 0 0
33.68939975698108 33.68327812429118 0 0
34.38233943609767 34.3570575640828 0 0
37.36421035683929 37.34755487412561 0 0
38.52034533446808 38.50477702292454 0 0
7
8.26637966063366 8.208880847756802 0 0
13.68411587035363 13.67585295703083 0 0
14.06349212343207 13.9461019757883 0 0
28.49283258277369 28.45244458366856 0 0
31.07726236203384 30.91699055654392 0 0
33.08473409957892 33.07908413601595 0 0
35.41516980190327 35.31721408660358 0 0
24
0.3696248008026828 0.3621102624582968 0 0
2.454402831309932 2.307348850143308 0 0
3.221153181751266 3.212103033761444 0 0
4.031858315782451 3.923654487447326 0 0
5.384675256899919 5.273638696838248 0 0
6.665400919140418 6.572753075494412 0 0
7.997051198981886 7.966685427699162 0 0
8.491873187884524 8.485888677802301 0 0
9.439625233816026 9.4028431109789 0 0
15.95940004988143 15.9518330912071 0 0
16.35131320285398 16.33514917545915 0 0
17.66782775043885 17.664271448547 0 0
18.59394449261745 18.58853098082424 0 0
18.83759298704506 18.83483693340091 0 0
20.49195901014194 20.45580573629105 0 0
21.84074055328907 21.78735032330312 0 0
23.70686572712635 23.70467351816044 0 0
25.04045932634018 25.01421745980439 0 0
26.81355802841182 26.7733047981807 0 0
29.66402410817501 29.1751320723521 0 0
30.64578665119007 30.63639205617332 0 0
34.12774701429571 34.11824327324432 0 0
37.01890119923827 36.98245554692745 0 0
38.26840863490015 38.2609479589908 0 0
