# Status file for ctqmc. Used to save all times t_s, t_e.
10
4
12.17362953019727 12.14151639181425 0 0
25.44589594369118 25.39694458491946 0 0
28.53747111006085 28.52774747495642 0 0
36.15027635354005 36.12926872690077 0 0
2
3.305301747283156 3.274151558383282 0 0
29.29616345593401 29.29145095843809 0 0
18
2.057198087262799 2.009527543086198 0 0
2.419269391433381 2.386557977501753 0 0
3.997124537634975 3.978634586411469 0 0
6.911577628095576 6.906954223727547 0 0
9.569030228448145 9.568731642216626 0 0
10.1929744275974 10.16471178398703 0 0
12.30635818859124 12.25731409577597 0 0
13.84995514318399 13.83362457000629 0 0
14.71890969844032 14.71655460058363 0 0
17.67142194980628 17.60212210742751 0 0
17.9481589385232 17.94384086789069 0 0
18.33510471930902 18.28821592047643 0 0
30.55823540623058 30.48678793587092 0 0
32.52322467671826 32.51036587457475 0 0
33.72388166847269 33.63793832099118 0 0
34.51543118621059 34.51251878834569 0 0
34.78469120843807 34.69860255965366 0 0
35.26544102115027 35.18848349660188 0 0
2
22.53904044265406 22.44680912972878 0 0
36.10798775893142 35.98171638312317 0 0
15
12.69351168863937 12.68910266283368 0 0
12.83977244379214 12.79248023591803 0 0
15.78800307702627 15.76934376938939 0 0
17.36404826398026 17.30453137545079 0 0
23.46588814825941 23.42934353809002 0 0
27.86221864416745 27.86174755719641 0 0
28.60586315971593 28.31147310777069 0 0
29.47929044664568 29.46821277244838 0 0
29.7471187821103 29.74016853476593 0 0
30.41805437769258 30.38672973805352 0 0
31.87416311107209 31.70790189845112 0 0
32.59353145714669 32.55040657472762 0 0
34.93552733714952 34.92035661553683 0 0
36.87728988504026 36.85467653380495 0 0
37.58787412063305 37.57537193052414 0 0
0
3
1.553894922750516 1.522179775555806 0 0
19.13986655761298 19.09040117004299 0 0
35.30086726890796 35.27510273770929 0 0
16
0.8188300783044937 0.9862043468489116 0 0
6.032651813058451 6.166300157939238 0 0
8.780682925656468 8.93147919121008 0 0
10.94547366141191 11.06346646089093 0 0
12.77921369638503 12.84916145436537 0 0
13.8657379295971 13.96304164852867 0 0
16.26830384132177 16.28227093006647 0 0
18.83917455247294 19.63059165623082 0 0
22.38808000260916 22.4307203655515 0 0
29.62602203767787 29.73153717000848 0 0
31.56788406718772 31.64931748318825 0 0
32.15341688923776 32.17912661031367 0 0
33.50470661566926 33.65389429727298 0 0
34.88375203020855 34.93898483446023 0 0
35.85941203184564 36.04605465223409 0 0
37.14983810554551 37.38385552790852 0 0
2
13.60383090411781 13.57807651258564 0 0
32.68548042647287 32.63814084407439 0 0
27
0.3461291788330045 0.4811349120135091 0 0
3.2534196033665 3.446505546985699 0 0
5.959813986112171 6.001304045831942 0 0
6.132520205102304 6.19200420258609 0 0
9.251385640262964 9.282248663297775 0 0
15.27697376402056 15.38904672259338 0 0
18.67724576313284 18.71577411672331 0 0
21.1059088679015 21.21280327483256 0 0
21.8059487918201 22.06908751970366 0 0
22.23758624607744 22.27071486104857 0 0
23.17589510546245 23.23840871928341 0 0
24.66074372896329 24.72463602068214 0 0
25.30403087989133 25.35382269684666 0 0
25.41412015840524 25.42361991938056 0 0
28.03128582501535 28.3432601279136 0 0
28.52817680756155 28.60781853358124 0 0
28.91169440650457 28.91325795374327 0 0
29.25034945005329 29.38667068668627 0 0
30.27520442510734 30.41003307116225 0 0
30.46255692689328 30.55153665481866 0 0
30.62295582545494 30.67657324695893 0 0
31.13624276937011 31.15214269173619 0 0
33.1824965473349 33.58753076988231 0 0
33.64517544769742 33.67722399766163 0 0
34.02265998360463 34.17163630951186 0 0
34.9182944323373 34.96819400984754 0 0
35.97052924566363 35.97872184574029 0 0
