# Status file for ctqmc. Used to save all times t_s, t_e.
10
3
15.64294741040457 15.60182308829167 0 0
16.80380691744915 16.58719510461901 0 0
21.38441977959297 21.38205896019248 0 0
2
19.75278437778896 19.71820822675306 0 0
22.99565501355413 22.98331500870089 0 0
15
5.092412519343881 5.010300064362167 0 0
5.341357383941451 5.328931241598801 0 0
8.177725718796056 8.155514267834722 0 0
10.21596162372531 10.17594676409429 0 0
12.56404126071458 12.54698470304507 0 0
14.63605135387979 14.61209098527294 0 0
15.68599851846411 15.65518623917811 0 0
16.13067573894522 16.12999427996967 0 0
20.37679254219563 20.31460853524969 0 0
26.62210372215804 26.61162039147369 0 0
29.20721276646613 29.19848136446732 0 0
33.30095540650421 33.26047187372691 0 0
36.18140159526726 36.17176531491272 0 0
36.70125863174149 36.56286007383193 0 0
37.34561541016392 37.31618858477754 0 0
7
1.287174166381427 1.28434172427945 0 0
4.043679966654059 3.89345485388073 0 0
7.563087189115842 7.522229891975408 0 0
10.35641519928715 10.33849570948666 0 0
20.85357882759715 20.8335072995981 0 0
26.87384574602664 26.86203226897921 0 0
32.67751286036682 32.66861645118988 0 0
14
1.103456862247967 1.07303783212542 0 0
6.641364941887592 6.532279777088303 0 0
10.08646666683928 10.08449181893412 0 0
12.05512172543879 12.04599650816032 0 0
15.07403820725552 15.07232818646834 0 0
16.82169945836015 16.81731914442797 0 0
19.935298697431 19.86634578650862 0 0
25.1815817776375 25.1778236627859 0 0
26.64087757977764 26.59681601540968 0 0
27.55403402274835 27.5211034796261 0 0
28.19082184665259 28.16232399004173 0 0
29.66675109585108 29.65447863216853 0 0
30.54320139358089 30.53963758255762 0 0
33.5292372808623 33.50761768855416 0 0
1
10.04803577212119 10.04202147628706 0 0
3
7.692763898332643 7.645537631210388 0 0
25.54269700184812 25.48181386891262 0 0
35.92327139532895 35.90427144927608 0 0
17
0.5852214537848752 0.8337204114354648 0 0
4.846880296799539 4.948979543590703 0 0
7.154675739920355 7.175636713572049 0 0
8.047439218915931 8.051211871514392 0 0
9.017539862541421 9.037033087393763 0 0
10.8664518001863 10.88057367621063 0 0
12.14577610785088 12.20277726306857 0 0
14.00854147698233 14.14108799190051 0 0
14.26683575098285 14.41797392522739 0 0
15.15876816169576 15.18037970630191 0 0
23.67254521772948 23.69266196307976 0 0
25.08821139836672 25.18296881335736 0 0
28.39819386985579 28.39920869050621 0 0
34.15286050016909 34.19151857921669 0 0
35.78945524289522 35.848846503218 0 0
37.21967358082141 37.25523677122394 0 0
37.39614381343164 37.64009989934163 0 0
1
34.07893979272967 34.00773100930466 0 0
27
0.1482643019021523 0.2270215427980631 0 0
1.217590886585683 1.268377426216759 0 0
3.571452443563587 3.654652917717458 0 0
3.93919166879142 4.025457002855583 0 0
5.36173315536648 5.373658592108319 0 0
5.51681574500258 5.583798098253177 0 0
6.676480311424929 6.833607014247347 0 0
8.68343549417261 9.081772212596677 0 0
9.973266177625078 10.03107336734237 0 0
14.86309391451192 15.05854261507433 0 0
15.81015167297676 15.83500577437615 0 0
16.56054943621087 16.63707940462632 0 0
17.57943276388358 17.60306760648663 0 0
17.62793909747365 17.90671047778857 0 0
19.44951418057226 19.47296172970671 0 0
21.42284986697751 21.4980810558858 0 0
22.52805750825746 22.70067491594863 0 0
24.0264330764478 24.56260702225796 0 0
25.56140241554251 25.60592254564738 0 0
27.73257121731479 27.7399653098748 0 0
28.56270431851859 28.57273596366191 0 0
30.79117487152829 31.14058986315802 0 0
31.96728171670061 31.99175155724869 0 0
32.07269974038772 32.18405439313754 0 0
33.84562226652562 33.91447405244341 0 0
36.06952980618957 36.22123762668662 0 0
38.04428513501026 38.10977148423642 0 0
