# Status file for ctqmc. Used to save all times t_s, t_e.
10
2
7.666606050971244 7.654715904104993 0 0
23.13743932836772 23.10045305149784 0 0
1
0.04381582386948395 38.66885503572518 0 0
23
2.042396609527996 2.0029284679765 0 0
4.505750524467755 4.452244712551161 0 0
5.385506124433725 5.361533933520408 0 0
7.032930535030682 7.028575250805879 0 0
7.800909937664408 7.772281004956431 0 0
10.03786659395937 10.00303865738623 0 0
11.12681213285594 11.11961972526233 0 0
11.94032001353583 11.93208131273379 0 0
14.58727278881901 14.56287840444645 0 0
14.6986439302783 14.67665412818372 0 0
15.39569699794991 15.39034915162392 0 0
15.45740893976525 15.44397105391184 0 0
16.5263641080417 16.50822468046297 0 0
17.28403552621934 17.26204948430386 0 0
18.46675712411411 18.43769835784562 0 0
24.51908134114754 24.51129259909874 0 0
27.86355496409033 27.86289391798095 0 0
30.36127293338173 30.35842602053722 0 0
30.66420231390882 30.66100283136544 0 0
30.78864977878438 30.76493980598762 0 0
36.34605397035725 36.3455826786852 0 0
36.70455302589019 36.63168746532133 0 0
36.72406683034968 36.71025609751057 0 0
3
7.193811182189085 7.171700535927597 0 0
9.113577346710962 9.094195751238068 0 0
28.86982921759998 28.80979294602312 0 0
20
1.316264952007096 1.159155107863469 0 0
1.733782014037182 1.73041696271724 0 0
7.716477139500384 7.376036495846451 0 0
9.58904285323017 9.541380209604009 0 0
10.55274961341152 10.5086073346105 0 0
11.03328336685608 11.03233983283888 0 0
11.77095041525809 11.75430088584417 0 0
12.49726234044773 12.42271513090269 0 0
12.65020769067328 12.60916614186111 0 0
14.54502931806598 14.39591817948519 0 0
18.21102889482131 18.14279337968488 0 0
20.22810854488205 20.14735181894029 0 0
20.44407180119207 20.43729278287937 0 0
23.80473743121264 23.76304777698501 0 0
24.08183505174721 24.06192703213093 0 0
27.31543133039512 27.28554989885021 0 0
32.31394035471716 32.27536397189247 0 0
33.78733328873178 33.77626046880196 0 0
34.91703670440453 34.46796836722408 0 0
35.67590612438465 35.66892343299744 0 0
2
23.17430857041226 23.16779271868072 0 0
28.69406248825366 28.68632706500404 0 0
5
3.87007067194746 3.837929331198325 0 0
13.94263466161206 13.93131129647701 0 0
15.96537768889441 15.93347826132835 0 0
22.18393994918553 22.13198244947095 0 0
35.33508855456341 35.33310189921121 0 0
14
6.485261154693042 6.909423685956573 0 0
10.49933831304645 10.57155117702246 0 0
11.79188062099834 11.87813691073401 0 0
15.99577376388681 16.05020440885007 0 0
16.74645764842678 16.89550026409542 0 0
16.925472225307 17.02880411396732 0 0
24.57464252546113 24.65280803690874 0 0
25.94089691129852 26.12653278590062 0 0
29.0463710979458 29.16248757049642 0 0
33.82833564973637 33.97863123594601 0 0
34.37958668385912 34.61930166979896 0 0
34.82011542851051 34.99543888018543 0 0
35.19143613284295 35.32022105975538 0 0
35.52381822351607 35.58235057581862 0 0
3
0.8161170356190652 0.801904845372917 0 0
1.599151498518018 1.397231052941306 0 0
7.983083333053514 7.92628935116068 0 0
23
1.187153185920667 1.229250874049086 0 0
6.7558578945198 6.856583224561023 0 0
7.592520111737212 8.030081480811027 0 0
9.482667705790135 9.636354588610532 0 0
12.58545507378929 12.65080376437473 0 0
12.95218011400268 13.14395051229237 0 0
13.97618778260121 14.1929310025529 0 0
14.35223453468085 14.71279284115659 0 0
14.7868030410566 14.79603290805933 0 0
17.4429220113776 17.5639783700316 0 0
18.40923199996618 18.53591769555798 0 0
22.99535453831597 23.17409747767829 0 0
23.47969242565739 23.51061964042669 0 0
25.07439545628634 25.17480646755512 0 0
26.79711521327388 26.88070324067795 0 0
27.88123713802424 28.09041017887251 0 0
32.43028600837764 32.54190772129965 0 0
32.83320037955937 32.89590449258393 0 0
34.27454769043606 34.53253212500005 0 0
36.3219068096805 36.334413586097 0 0
37.24555850894323 37.40841532006055 0 0
37.46320975867368 37.52410002232126 0 0
38.43567724564405 38.5851215164983 0 0
