# Status file for ctqmc. Used to save all times t_s, t_e.
10
2
4.293405337003603 4.262462573352318 0 0
8.447708721818984 8.408558517843778 0 0
0
28
0.1794038395786908 0.2630425024389083 0 0
1.176294939860764 1.344355073240295 0 0
2.468168031731616 2.514116650973812 0 0
3.30907134806202 3.71973659407556 0 0
4.137256416264834 4.180215009481861 0 0
5.233056270912133 5.311841319620794 0 0
5.977917460074806 5.992643275568089 0 0
7.43016606854762 7.450017918400774 0 0
8.168002382837303 8.21265622385698 0 0
8.298258733364502 8.400601723646039 0 0
8.403325731480157 8.43617860872307 0 0
8.901253614573935 8.931045369153662 0 0
9.061995847377945 9.220069906228796 0 0
9.701193990821571 9.772742801405496 0 0
10.55267112017793 10.71105530240292 0 0
11.38200955140591 11.4307289187566 0 0
16.02363372936202 16.10805923266331 0 0
17.01585745532815 17.02173786158888 0 0
19.52285455614112 19.58394197310195 0 0
20.47827291632763 20.59643792312293 0 0
21.17741091452473 21.24157716299277 0 0
22.69083647874146 22.74087805077144 0 0
23.26106164188757 23.33697433995672 0 0
23.70145119448526 24.3010271528497 0 0
32.06340458040754 32.25824826493088 0 0
33.04652629874211 33.05892204602188 0 0
34.22357612636338 34.33807409659334 0 0
36.8701193804577 36.91151110049488 0 0
2
14.04222872330231 13.94044228778838 0 0
37.18664115225533 37.17444740510398 0 0
18
0.5872192826896421 0.656437034058229 0 0
1.017036919678522 1.084330896847234 0 0
1.108756451030818 1.151247230885438 0 0
2.799873368123783 2.820463954611448 0 0
3.0977009720265 3.133726534322789 0 0
4.019122740003478 4.458563167952638 0 0
7.307622466586677 7.321374027773363 0 0
8.655840488546666 8.67134248349614 0 0
11.72358604181488 11.75011809234347 0 0
13.59481490049283 13.67229305729772 0 0
19.24988522188899 19.29439932096546 0 0
21.5335548143149 21.83569767538382 0 0
24.29695960706573 24.34980295632584 0 0
26.92947465018599 26.96004258153759 0 0
28.44963054053905 28.48351430107347 0 0
34.83406234703524 35.00463773891252 0 0
36.40241641413159 36.42792233580036 0 0
37.77953154539488 37.80357813396858 0 0
1
6.496906129117476 6.414139388423727 0 0
3
6.05079906684302 6.037673637843021 0 0
13.20299532221526 12.9158750547086 0 0
24.54589105554104 24.53175155095802 0 0
14
0.4824942641091852 0.4813584911058442 0 0
5.78719870634305 5.762544986596787 0 0
9.600222472518178 9.595736020103068 0 0
12.60752440729961 12.58854026282552 0 0
13.96634221143133 13.92443889675053 0 0
15.24120324654777 15.19170540156295 0 0
20.33677286818366 20.00652991408982 0 0
21.2612298505052 21.23950935382259 0 0
22.3253199295307 22.31284759912852 0 0
23.33101020139594 23.32939662942041 0 0
27.4249811747128 27.42052017479196 0 0
33.1754391019447 33.14910291770439 0 0
33.35555251895972 33.29601698731704 0 0
37.94446642172873 37.90610944177641 0 0
1
3.455237016848249 3.455087565711359 0 0
17
1.170698219153912 1.133013950554869 0 0
5.734611102852989 5.72784043554435 0 0
5.84074051721558 5.812198392985504 0 0
6.859409759833138 6.378131094610802 0 0
9.181082749460284 9.165921666289886 0 0
12.06829527287041 12.06113047076512 0 0
13.72361565876174 13.66374440140982 0 0
19.63409554819439 19.6169691385034 0 0
24.47122186975019 24.45455932240017 0 0
25.4036355794759 25.38054298565057 0 0
27.47452810251383 27.4679376881873 0 0
28.47158287964794 28.38132942325747 0 0
28.76146134530257 28.7581600193293 0 0
29.97137869294794 29.96712617541016 0 0
30.30803359817971 30.26526632278962 0 0
33.94568902121036 33.88718320097765 0 0
34.91153625378556 34.89997324178218 0 0
