# Status file for ctqmc. Used to save all times t_s, t_e.
10
1
25.90961754163661 25.88257845908248 0 0
5
6.889980945126965 6.794896451619522 0 0
7.940389091467804 7.914204721163669 0 0
8.944160816356341 8.832011193600556 0 0
24.02124591562427 23.94744635147327 0 0
28.40695717350241 28.22195178411171 0 0
14
1.049340322215073 1.018224508414638 0 0
9.468749250119531 9.437650089888093 0 0
18.84927066691423 18.8318443530567 0 0
19.75095631148969 19.71256055953669 0 0
28.10386449470241 28.06651596116468 0 0
29.33018912521087 29.29483185711914 0 0
29.61738922946176 29.61233583191077 0 0
30.59042715940606 30.56516164402879 0 0
31.51045186535419 31.44006643561488 0 0
31.57383586295026 31.55436536232008 0 0
32.52991343056921 32.52322514146307 0 0
33.29655726044987 33.24650552481513 0 0
33.78133923285664 33.73323219510532 0 0
35.3173652816739 35.23968268662107 0 0
1
34.78755235046199 34.69408750790141 0 0
12
0.8053107884066519 0.7863091453910585 0 0
1.082517507628046 1.055975148428234 0 0
1.447226497769633 1.444233396072516 0 0
7.87990242032684 7.855907477013022 0 0
8.908072295515584 8.868719338837565 0 0
11.1378672008072 11.07766794423999 0 0
24.20348580129904 24.17875199405858 0 0
25.25516729505262 25.24414085803786 0 0
28.43254385723109 28.3734589243983 0 0
34.76044293137444 34.70148409179343 0 0
35.31648186452082 35.29427291286409 0 0
37.26373722022296 37.22190872103648 0 0
2
11.64194796832744 11.5767474299401 0 0
27.49596865760934 27.4594692983286 0 0
4
15.97322499144238 15.88716398117882 0 0
19.2504421314739 19.224621087663 0 0
24.41056442338762 24.18405694321993 0 0
36.35627932172387 36.31213309828019 0 0
17
1.124714130156139 1.401890851920958 0 0
2.608576053934131 2.645189875224007 0 0
3.262104665154984 3.295522968193842 0 0
3.434038811038974 3.448376181675705 0 0
4.716640880099245 4.744467214757758 0 0
11.5325474345549 11.68407135095441 0 0
15.91539934817334 15.98400506099155 0 0
18.78086580767458 18.80120596508019 0 0
22.02048615158122 22.04719749113444 0 0
22.38900955926779 22.81260058862462 0 0
23.78263097115277 23.85250041224101 0 0
25.87600004974549 25.97279713293131 0 0
28.57547808671331 29.1029453477143 0 0
29.25533947886523 29.36509458268605 0 0
31.2928281386581 31.6598875262648 0 0
35.85831149514739 35.86524685939602 0 0
36.98896979091859 37.12923639820229 0 0
1
27.63714640739697 27.61711222625634 0 0
26
0.4809582341058984 0.6122136762723948 0 0
0.8559950944641534 0.9364288964591295 0 0
1.920285725881311 1.926227141550765 0 0
5.014108017551276 5.114403508132128 0 0
7.970319577388124 8.265372611701338 0 0
8.376239571926812 8.516022647439909 0 0
8.722689178142161 8.760334314804458 0 0
10.96921730293711 11.09085572022761 0 0
12.0680137900881 12.19007854324971 0 0
12.39023628101563 12.58370950937216 0 0
13.74657003002958 13.98268913052812 0 0
14.83907462964988 15.01257289189853 0 0
15.21194577127705 15.25240632636422 0 0
19.63523040178064 19.68524395492297 0 0
22.3696296821913 22.37931443776665 0 0
23.85104996622839 23.93003988737565 0 0
24.00480824897798 24.42137610513869 0 0
25.7470438532439 25.78319168956206 0 0
27.14409729283886 27.41785160572738 0 0
31.53009965147548 31.84396397954674 0 0
33.24227333797544 33.37899482177937 0 0
34.8584310874008 34.91970958711061 0 0
35.23208376251684 35.2490084033675 0 0
35.25240052267871 35.47741781858746 0 0
36.28861609970446 36.39426343009474 0 0
38.64983222294116 38.65599915402336 0 0
