# Status file for ctqmc. Used to save all times t_s, t_e.
10
2
12.26284845875473 12.26098594693022 0 0
34.79597484090915 34.72904616087152 0 0
2
1.604078304263213 1.594749102669475 0 0
8.574433861759218 8.568870788952383 0 0
15
0.8985766227145424 0.8969486608130632 0 0
4.548892067884287 4.548314720101996 0 0
6.96584161228836 6.917486266970668 0 0
12.27878919809827 12.14264428824846 0 0
14.40442213506979 14.40155623235587 0 0
16.21789467023986 16.20096194601341 0 0
19.28686459600333 19.24820074583089 0 0
21.58947359314154 21.54993711606137 0 0
21.77595361340681 21.76611777255582 0 0
21.84711366111307 21.81464077227979 0 0
23.59929813215467 23.58429191966723 0 0
29.50175065902514 29.49879066854666 0 0
31.26283463311539 31.26183101313609 0 0
32.70893959710412 32.70335737577787 0 0
34.86811520597196 34.81366683593812 0 0
2
18.68330050105695 18.54520029810385 0 0
26.40573972697269 26.34553374389435 0 0
15
4.615435197997156 4.601812298022202 0 0
6.760683175631263 6.756403650282801 0 0
7.424082378841707 7.30830168844378 0 0
7.855967435139015 7.836121896636119 0 0
8.261812301350687 8.131090774241123 0 0
8.460594070511192 8.460541985424983 0 0
12.17179696562179 12.1610179984453 0 0
17.03892178943181 17.02796382303023 0 0
17.69804196463362 17.64283549101281 0 0
21.16240805688771 21.15373910239557 0 0
23.01647591004896 23.01281277039573 0 0
23.90577517795267 23.8358832210478 0 0
30.90571788569187 30.89425650250636 0 0
35.62257476443506 35.61147012742015 0 0
37.90276134005788 37.89497361381578 0 0
3
1.221436217310528 1.193453798291091 0 0
18.22787257566432 18.12883172471176 0 0
29.99950456001696 29.86696698596272 0 0
2
7.112313794891136 7.052532323039912 0 0
19.33780713617421 19.33367026427779 0 0
20
1.219551282696707 1.243635300589704 0 0
3.542700999442732 3.59778115543376 0 0
6.178901163146107 6.181641723024411 0 0
8.233504146925817 8.292081800645636 0 0
8.401520863022389 8.508769105737219 0 0
10.0461178629995 10.06252887357848 0 0
10.16313696725884 10.18036355573092 0 0
16.55354671413223 16.70731904524065 0 0
17.21401572371385 17.24451978466249 0 0
19.8346865121772 19.91163413962763 0 0
20.24677709268082 20.30606650288932 0 0
23.83102444878937 23.89763253256535 0 0
25.13262695034231 25.27516063520405 0 0
28.19002379702975 28.3263579670811 0 0
31.20978601583932 31.21355884147298 0 0
32.77388159578827 32.87951166487215 0 0
36.22123549483109 36.42382848012753 0 0
36.96744288361167 37.02606542800832 0 0
37.46663339825204 37.66875338650735 0 0
37.96911359169182 38.03922663086657 0 0
8
2.469262127343383 2.420151030493372 0 0
4.485598804135862 4.422831475444175 0 0
4.623649526659158 4.615251651668024 0 0
7.062077018212957 7.047848070653266 0 0
12.40152406833161 12.4015204713234 0 0
12.83007557131481 12.825521146978 0 0
17.33542504176771 17.29433674053147 0 0
32.50559131454212 32.48912656408301 0 0
23
2.395262004873061 2.396366598504348 0 0
2.733663068316787 2.783069786363968 0 0
3.27530017862975 3.377427339215403 0 0
3.829636324645949 3.939906730318302 0 0
4.565018818145736 4.595078572024734 0 0
4.993043461764501 5.029512112993024 0 0
6.693186674277631 6.846932917145879 0 0
9.198842729385294 9.200280415743734 0 0
11.45623861943638 11.46352161036331 0 0
12.795393623222 12.84478947073685 0 0
16.36191368571258 16.38940161542156 0 0
16.94918393322319 16.94971925573025 0 0
21.47207486886029 21.56185289096613 0 0
21.5667875267937 21.82059600217305 0 0
22.62952477820433 22.77194258038686 0 0
23.32315518677203 23.49425354466718 0 0
23.51159070343257 23.9159473222867 0 0
25.1282849359498 25.21954648543973 0 0
25.63204837502314 25.88593031395182 0 0
26.67053141409019 26.7055126157126 0 0
26.7158581685148 26.72394364911378 0 0
34.32626021819481 34.33342541103026 0 0
35.35361420932245 35.60876207804559 0 0
