# Status file for ctqmc. Used to save all times t_s, t_e.
10
3
15.79824448505907 15.76455072891705 0 0
22.3091163577865 22.29959668988558 0 0
29.49594072624271 29.48762824299937 0 0
3
1.017716439417796 0.9853388521857056 0 0
15.97411661385861 15.90030772841498 0 0
22.78323490620108 22.74393606548191 0 0
29
0.4505053992518939 0.5226765412797292 0 0
1.751942075692531 1.754603530930387 0 0
2.1026878905179 2.1925776843158 0 0
2.665791298419746 2.704013826049715 0 0
3.563132670891573 3.752325448216369 0 0
3.876806123655356 3.899700327229129 0 0
5.315376333733335 5.340519417724429 0 0
6.534157583511757 7.095294499282068 0 0
7.511739467986588 7.645240899880663 0 0
10.76839999923158 10.7894362746873 0 0
13.44493204786249 13.44603768552226 0 0
13.89897258306935 14.34463170519146 0 0
16.83510026179653 16.8700416651386 0 0
17.66898618998919 17.67926409003462 0 0
17.93813526640035 17.94850356650292 0 0
18.70999669064523 18.73429701960628 0 0
18.93212428369492 19.20013289983492 0 0
22.34992422668169 22.37338742937482 0 0
22.38479099819126 22.40235897577895 0 0
24.59480265982282 24.83767043848014 0 0
25.31225933667316 25.61070436145435 0 0
27.53769774510982 27.57200594354077 0 0
28.75719376936005 28.76611348205643 0 0
31.16966640962227 31.19703143288909 0 0
33.50640327721177 34.00457802426038 0 0
34.39811987809369 34.4468357975307 0 0
36.99952941708763 37.36732857003083 0 0
38.02591818294828 38.11704287899077 0 0
38.2874861645854 38.37375074221634 0 0
2
1.136417050516876 1.055240155091852 0 0
34.23024737999975 34.19033075771632 0 0
20
1.342737972040197 1.409768273705059 0 0
1.419221164547306 1.631637102936836 0 0
2.768192951546535 2.858821395513968 0 0
3.392068014168711 3.576753627434491 0 0
4.645974094790237 4.793185293017127 0 0
6.200446506844441 6.351441116729101 0 0
8.923710203813201 8.959856372459432 0 0
9.259224215950162 9.38937970572543 0 0
10.50021042331636 10.51908711831623 0 0
13.53658251635414 13.70706816362662 0 0
15.30420657064918 15.79319134241976 0 0
18.57229456262374 18.63309608228498 0 0
18.66714712253566 18.69372195897574 0 0
18.75847675574966 18.8799064213785 0 0
24.4717662009682 24.54362592285351 0 0
27.66274430332553 27.82508794157474 0 0
28.66381122751565 28.7203409939283 0 0
29.85284004228222 29.92258579209174 0 0
34.12841702704335 34.30112574720792 0 0
36.47007465271282 36.52046296391162 0 0
4
14.88292603556092 14.85115085389261 0 0
16.33488686530904 16.27156314730978 0 0
24.71066941107548 24.69647972024653 0 0
27.71039272093117 27.57085324748003 0 0
5
3.540482839586041 3.478890093777153 0 0
8.747949826651627 8.72446118593124 0 0
13.37133030835953 13.23704672905813 0 0
26.1898072711109 26.18688990693201 0 0
37.79554213935128 37.7893621308095 0 0
19
4.833690363292838 4.800443153100773 0 0
5.354661159792873 5.335599126640838 0 0
7.10728359363754 7.094066136738595 0 0
8.215289476712121 8.199996548160323 0 0
11.76362581112421 11.74926830973032 0 0
13.49351063142909 13.4391916025719 0 0
17.47360914328346 17.47098660022888 0 0
17.77128274802073 17.76705994779422 0 0
21.32339335463825 21.22105100920322 0 0
25.04880934749754 25.01798709814665 0 0
27.7353592010667 27.67557996282921 0 0
28.5372786999435 28.53655050037097 0 0
28.95068695850128 28.91606930036818 0 0
32.69102673452864 32.67251886006509 0 0
32.90916919907909 32.85655696291213 0 0
33.58038118766064 33.56422281672739 0 0
34.29367966172201 34.27832464261445 0 0
35.4367679424265 35.42881571938348 0 0
36.57519563127084 36.52304343747016 0 0
0
22
0.1680913279718581 0.1052954045670589 0 0
4.121514999489992 4.110255202215708 0 0
7.084969448294586 6.877834578452561 0 0
10.62848676825183 10.60139456732641 0 0
14.40958355349426 14.40776219249942 0 0
15.7624771804993 15.73283443550501 0 0
17.63771645934334 17.59327487432196 0 0
22.01499778180217 21.83385920727346 0 0
22.93386698560037 22.92431468635953 0 0
24.97811075276415 24.9688201234944 0 0
25.2914542571565 25.28581867081908 0 0
27.094239642526 27.0102756476061 0 0
27.16883028903747 27.13040101162549 0 0
28.03291075008259 28.01585171894865 0 0
28.84921948141352 28.83819636398984 0 0
30.00655749665163 30.00623813730268 0 0
32.70184720519349 32.69243516599379 0 0
33.71260492744589 33.71224784769413 0 0
34.53840568328064 34.52273382205584 0 0
34.69595727283919 34.67781221159586 0 0
35.25889053230891 35.18600121561381 0 0
36.07335789116539 36.04972024061254 0 0
