# Status file for ctqmc. Used to save all times t_s, t_e.
10
0
3
15.11114847368321 15.07646841909024 0 0
16.10004560143561 16.07911008584165 0 0
19.47508902181858 19.41256908946871 0 0
27
1.542878041838572 1.605190841182002 0 0
1.788226870538831 1.844104600452125 0 0
2.293540599491705 2.443615182912338 0 0
3.469707445544056 3.894466195786513 0 0
4.179330463582692 4.228662239527968 0 0
5.273488703326092 5.33247465058193 0 0
5.57531910732928 5.639608363908573 0 0
7.137381911252322 7.245347316054866 0 0
8.464045764763384 8.615045349263024 0 0
9.380703549645734 9.45288661790782 0 0
16.64613752475129 17.09384532561737 0 0
18.52072713779546 18.90820727319077 0 0
21.51840682872973 21.6752176389878 0 0
21.8318492246813 21.84457225828363 0 0
21.98886865803924 22.22476617293102 0 0
22.88281935010008 22.95578435303495 0 0
23.96197655217412 24.02779506046659 0 0
26.08463543881544 26.17907637185023 0 0
27.77584133155068 28.16703846536798 0 0
29.19019179626505 29.20847877376811 0 0
31.04165146147601 31.05024944505462 0 0
32.11444275926158 32.20525219425487 0 0
32.29407231861805 32.30080796152016 0 0
32.90636862754536 33.11796414293433 0 0
35.83297888984075 35.85977116735478 0 0
36.34852689024334 36.4254802632249 0 0
38.46448497367202 38.51997263944424 0 0
0
16
4.547705486027835 4.962464210451925 0 0
9.816613634546435 10.16483734260838 0 0
10.28722217101824 10.32107001572433 0 0
12.29539274424882 12.43664220507986 0 0
21.51907424730348 21.54926072819539 0 0
21.67291679011022 21.71968820053715 0 0
24.52797362994569 24.67971685485301 0 0
27.26994892549858 27.28497248604023 0 0
27.62945906655267 27.69327516060357 0 0
28.57011218347875 28.58379673690504 0 0
28.79410135703922 28.96978962078051 0 0
30.59873034646759 30.78197490791202 0 0
33.98573473940716 34.49372485294676 0 0
36.19766381085953 36.25115458992669 0 0
37.59531685699065 37.73667531739323 0 0
38.00739423074163 38.15313668244228 0 0
3
3.699166374961413 3.639379217431689 0 0
5.627843307779148 5.595032163310266 0 0
19.69925137550549 19.68023285483354 0 0
3
15.05789911894301 15.04154302969985 0 0
18.73621523661117 18.50815079212391 0 0
25.44391076568407 25.36699737567144 0 0
19
12.42814455123394 12.20735112962631 0 0
13.13092356555916 13.11599372082001 0 0
13.43509944977619 13.42811752413184 0 0
14.48259276992293 14.48010909617267 0 0
15.14628870028327 15.09645520539893 0 0
15.53275690335409 15.51019564955959 0 0
19.68564648489061 19.66048356049772 0 0
20.66362834889008 20.65828268512284 0 0
22.05233515606108 22.03766035139622 0 0
23.54247008157405 23.53953895106126 0 0
25.50102403927087 25.46137670277973 0 0
27.14832903141641 27.03886969684062 0 0
27.32861493522605 27.3169344150602 0 0
28.27100956178099 28.26931859654208 0 0
29.42012805239789 29.41680233113848 0 0
30.39420732591136 30.3835277842599 0 0
34.1089756195738 34.08188263563955 0 0
34.87366722778231 34.83855121000607 0 0
38.11448448175172 38.00997257047398 0 0
3
11.94561741893154 11.91708761102925 0 0
25.09274842532672 25.08556013485182 0 0
36.69501678395081 36.55273881619713 0 0
14
5.170177674112377 5.151909689328702 0 0
13.6559653350284 13.65496221954274 0 0
14.71470663884978 14.34206976240751 0 0
15.38899540843639 15.38788506415071 0 0
17.29307712034058 17.27960659783335 0 0
17.36164408213384 17.35993686335066 0 0
17.56815208132717 17.55141213684394 0 0
19.16378316149974 19.15544188490828 0 0
21.5179412264468 21.50091466595272 0 0
28.54013287397865 28.53986996143238 0 0
30.33856267479938 30.3143506013353 0 0
31.14151512708401 31.10510629441317 0 0
33.7974643034748 33.7970350536584 0 0
36.23850070630116 36.23754948186705 0 0
