# Status file for ctqmc. Used to save all times t_s, t_e.
10
1
20.10877522758296 20.08692395425656 0 0
4
1.507296466677104 1.452463981899793 0 0
16.18588610482783 16.18104507366137 0 0
19.64256720913068 19.63389156759753 0 0
28.91788355090444 28.75701959597441 0 0
18
0.09068313615977228 0.04851654937041872 0 0
1.647803359951225 1.634947234656842 0 0
4.625914598060164 4.617614294997825 0 0
6.102902226878328 6.095896070032524 0 0
9.135231152262635 9.063423273791816 0 0
14.03654679544905 13.99254111345026 0 0
14.34307436975592 14.30940059913666 0 0
18.09665435195344 18.06946759176819 0 0
18.57822742246243 18.57375084578272 0 0
19.47379279143481 19.46788451719995 0 0
23.48838327953833 23.46979188150705 0 0
24.23687897122667 24.22226257053881 0 0
25.6321876239748 25.60141176001996 0 0
30.74204396772281 30.6515955184009 0 0
32.29445303620145 32.27609410998564 0 0
35.09027288650389 35.08472246298363 0 0
35.86259582582326 35.84110188774679 0 0
37.87175702678382 37.86511912586788 0 0
3
16.35073086426621 16.32030167523173 0 0
26.69546002255931 26.50713083690871 0 0
30.38715798666547 30.36929725598647 0 0
32
0.07544757469366203 0.04276442910542499 0 0
0.2023666166012268 0.1734338713681267 0 0
0.4449658979975233 0.3978597776272494 0 0
0.5427269363925333 0.538070059510126 0 0
1.247832457638047 1.247173336844141 0 0
1.771342362819655 1.697000656297712 0 0
1.894506303012819 1.883929110976993 0 0
2.964561168626759 2.950480210767293 0 0
3.194362944736429 3.176163190214159 0 0
3.330987454610223 3.286995257302759 0 0
6.698080681914513 6.678682493691233 0 0
7.780892629444502 7.717672376772774 0 0
8.69490802973376 8.689821666251813 0 0
9.858194650826361 9.819603773843591 0 0
10.38414387396674 10.37875035929262 0 0
12.16295862704972 12.15626864125751 0 0
12.58403209352516 12.58325535698451 0 0
16.34389402297166 16.31656471512531 0 0
21.92763323457158 21.91529848824155 0 0
23.61880939360956 23.61000413486936 0 0
23.95627230567712 23.9274309338229 0 0
24.06080000438479 24.00598316826085 0 0
24.90165112940592 24.88209224123947 0 0
26.27727671857584 26.19057718790744 0 0
26.68106734361141 26.61100828615961 0 0
27.40014742543541 27.37703769669221 0 0
29.46473155072294 29.4509708428932 0 0
29.69888103625959 29.56311469367769 0 0
32.19677392685176 32.16735716724303 0 0
33.06485409410774 33.05783701344906 0 0
33.93971210774776 33.8763700607056 0 0
35.74712031866154 35.74678200027834 0 0
2
18.85238169191061 18.82339990047766 0 0
35.59694769903194 35.58903400547675 0 0
4
2.352618992991715 2.334699677194964 0 0
9.760925337061481 9.746730269896418 0 0
31.40598885627209 31.4001655911788 0 0
36.90836449312582 36.88783487140882 0 0
26
1.625578962013355 1.632926426490651 0 0
1.977238042840349 2.056005997133016 0 0
3.194013289624083 3.216702643073787 0 0
5.837733034911322 6.052691647957026 0 0
6.408380727199472 6.48475905398049 0 0
7.164625111068156 8.001668723451839 0 0
8.834901352202099 8.863190910004221 0 0
10.22246186049038 10.30742221329553 0 0
12.47222907141311 12.51143132549642 0 0
12.93801998085367 13.0443555263396 0 0
18.26319718939295 18.28484729506283 0 0
18.4768167459166 18.54183276407316 0 0
21.65272764287391 22.119943918292 0 0
23.120790935903 23.20206560694923 0 0
24.43304232299658 24.45733901028125 0 0
24.6352304283593 24.81402224664058 0 0
26.09754130343665 26.10335709055462 0 0
26.54161616054995 26.73718647884391 0 0
27.21313641831331 27.36950031486324 0 0
28.39657903281821 28.43791602306376 0 0
30.79610957895752 30.83411462966217 0 0
31.93945789202519 32.05766127817703 0 0
33.66720116041334 33.83276993088391 0 0
35.20730781050246 35.243333833188 0 0
35.28858153394727 35.42383165944147 0 0
38.0316969287543 38.14532695726332 0 0
1
32.07039060429739 32.00193891644716 0 0
28
0.0004308167657285367 0.004968997256582952 0 0
0.5958379674915633 0.6755344395686739 0 0
0.6796473225235502 0.7318968421429232 0 0
2.610243086948975 2.721145860020186 0 0
4.959552225183304 5.332334019486185 0 0
5.663890036931412 5.748722994854181 0 0
5.921510106984497 5.953208518583285 0 0
6.508088639701448 6.526270090346904 0 0
8.09794775169031 8.32969085973523 0 0
11.66312788140571 11.79339337679137 0 0
12.36520083223683 12.39245446525043 0 0
13.65495336675116 13.77490193483462 0 0
15.99176632386508 16.01584230587069 0 0
16.24166017077525 16.48159861189947 0 0
16.49212162110955 16.54376314247827 0 0
18.8171631233913 18.91148290657186 0 0
18.95362236499281 19.04589308025551 0 0
19.74025576778854 19.7684318131624 0 0
22.79395367759336 23.0006910441681 0 0
25.63415672928973 25.71688677026674 0 0
27.52889245145508 27.69376685196257 0 0
30.65837399646555 30.72772798893592 0 0
31.34515332816803 31.35948737028526 0 0
32.85894548770423 33.18371237302 0 0
33.81038275223874 33.86757015296601 0 0
35.52834715889603 35.59848254882571 0 0
36.07588272909292 36.08031857523916 0 0
37.31399486585396 37.39074929940246 0 0
