# Status file for ctqmc. Used to save all times t_s, t_e.
10
5
3.215089074910438 3.178742804042393 0 0
14.33689471583475 14.28897121822175 0 0
28.49451395354368 28.37972048542701 0 0
30.21474294526784 30.16485712467116 0 0
36.2185384583467 36.18582667134628 0 0
2
5.786017578523087 5.77928070207566 0 0
17.74171461880561 17.63185757620931 0 0
21
0.3239539448689044 0.4797217605132786 0 0
0.5907841483566045 0.6864865664411255 0 0
3.573251047019954 3.637189925917249 0 0
6.600597133192795 6.743070813819061 0 0
8.272981989994722 8.367684336897019 0 0
8.524220105102986 8.701982890658774 0 0
9.262474365030956 9.324438666790899 0 0
12.96313029673594 13.00588355571358 0 0
13.01200130720828 13.03148441708358 0 0
14.53722781729961 14.58471621076441 0 0
14.6383695716357 14.76573187305102 0 0
15.32352737338728 15.66269044847635 0 0
19.76585240748479 20.02050779960852 0 0
22.71774549881967 22.77828911397402 0 0
25.46570981144918 25.5540046440752 0 0
25.56402918601206 25.60961072539796 0 0
29.69633285248576 29.80637171895144 0 0
30.10563562442595 30.12595655765679 0 0
32.44343476876428 32.66243339372947 0 0
34.1280722218363 34.48565337598627 0 0
38.29808462711401 38.4163027591125 0 0
2
11.05325752373307 11.02635746853663 0 0
35.28342064201744 35.25191289899114 0 0
24
0.4759754372786134 0.515344698526512 0 0
2.758295503206541 2.955361967423415 0 0
3.25401926377091 3.317237460492298 0 0
4.619809884036394 4.649854560856546 0 0
5.284816387839949 5.296273900333403 0 0
7.131426461923404 7.230381818205825 0 0
7.515749807296361 7.648355772182886 0 0
9.030912214309819 9.083671660014621 0 0
9.2457583530264 9.290339668844704 0 0
12.04553013052175 12.06270197471471 0 0
12.76620912126222 12.82387105575504 0 0
19.40260928636603 19.65644852862514 0 0
22.56966029644569 22.69210315564812 0 0
26.45764466047721 26.53171352055244 0 0
26.53964867253418 26.60214579125308 0 0
27.3535100435612 27.62441444963975 0 0
29.61020289154386 29.70052544350396 0 0
30.43553618130531 30.60992143239554 0 0
33.4547202755066 33.54889751285279 0 0
34.13572733710716 34.18596888903696 0 0
34.82427355743532 34.98926495100562 0 0
35.88456572260782 36.43796806961312 0 0
36.81024641738036 37.19780121019993 0 0
37.22475515238145 37.45841756878968 0 0
3
24.27165753139073 24.26321494530097 0 0
26.16225485658232 26.05102573058505 0 0
36.47804059843203 36.42867978106612 0 0
4
0.0009104878019883245 7.739107867549655 0 0
7.757156478404905 11.38271793241489 0 0
11.44679085508583 16.14202472175156 0 0
16.23547700430496 38.63591827242686 0 0
25
0.1219068217407539 0.1048059341228367 0 0
2.558275636270158 2.238116474296814 0 0
2.712968801055419 2.664666723675913 0 0
3.062361154474791 2.935227939000459 0 0
4.717655587885142 4.468243828052148 0 0
4.776017557435759 4.767644121458138 0 0
6.491636664928169 6.461998821402466 0 0
12.83447196235003 12.8281824297484 0 0
13.98990711277888 13.94508368923904 0 0
15.83270102857729 15.80398908660965 0 0
16.95683100343184 16.83773318721197 0 0
18.33616260727192 18.27899716036153 0 0
18.54419234024736 18.52716153515198 0 0
19.88334652813372 19.84059631134558 0 0
21.686490852382 21.65010433337761 0 0
22.4311651142635 22.42371274512149 0 0
24.58905267277288 24.53620225447133 0 0
28.74082375612012 28.70028652305472 0 0
30.10224458276655 30.05102169982679 0 0
32.10560437379027 32.09745551812694 0 0
32.89192519024416 32.88318730357045 0 0
32.90360434674161 32.90283009599342 0 0
33.27536567963611 33.24656147561813 0 0
34.2128888411503 34.12809910541019 0 0
37.97927543974885 37.90323866439003 0 0
1
3.40235044551148 3.36871239396217 0 0
12
3.311113051034805 3.19211956486388 0 0
5.294279728469081 5.277981491344764 0 0
8.378109880289617 8.351936061532257 0 0
9.818457531010665 9.787054340970816 0 0
10.26006698400906 10.24678267827046 0 0
17.26797315920144 17.23759162040987 0 0
26.99648446365384 26.95011197664723 0 0
27.02583232455871 27.0224820740236 0 0
27.31632926598455 27.30898134680434 0 0
32.16517320969815 32.10802167388616 0 0
35.71626859078982 35.69976570229573 0 0
38.62179741322374 38.61674548079521 0 0
