# Status file for ctqmc. Used to save all times t_s, t_e.
10
0
3
16.62934182685678 16.62779727726386 0 0
24.14514085271543 24.13168605218199 0 0
25.34177489390494 25.3027467407612 0 0
22
0.08418276039919448 0.05580261990322555 0 0
3.656827287768802 3.623981564179722 0 0
4.967811608915859 4.886997937113539 0 0
5.800944037565076 5.793645943464671 0 0
6.335397841152184 6.320703239701048 0 0
8.567262105045589 8.562585584983744 0 0
9.408860820926217 9.386954382136746 0 0
15.26119172793578 15.19816802174465 0 0
16.70369431030925 16.69532942141964 0 0
16.97260775143863 16.93955982579691 0 0
20.98097150837817 20.82754605567208 0 0
21.59440626067467 21.57494273933784 0 0
21.88372517195986 21.86116433853004 0 0
27.48785064042307 27.48686493792905 0 0
28.11897885826677 28.11854904443618 0 0
30.14869883780145 30.14178375474054 0 0
31.38721068864115 31.369010764363 0 0
31.68537501588829 31.67648886873761 0 0
33.20095760357283 33.15898812436164 0 0
34.38322189552621 34.35086427220586 0 0
35.00812101599453 34.99868564055883 0 0
37.6529138806914 37.57500401110279 0 0
1
15.85496475549326 15.58304334677177 0 0
21
3.056060295786775 3.040227262072839 0 0
3.901346007208398 3.886054426011025 0 0
10.43794121844075 10.35715558747818 0 0
10.57427349733393 10.57116369545719 0 0
14.19598376496754 14.19251653636341 0 0
15.67666085484656 15.64309298759851 0 0
15.79472138421509 15.78470431425443 0 0
17.7517077232552 17.56884485559364 0 0
18.60125186434528 18.53011733393316 0 0
21.19262313899283 21.18308216098484 0 0
23.38783851933879 23.34052619017358 0 0
27.40269962738318 27.39128369614959 0 0
27.88699702963477 27.81293158303569 0 0
28.75058906621763 28.74365970928193 0 0
30.59615427860408 30.58493392230519 0 0
30.90243283070463 30.87921986595968 0 0
31.27359157868381 31.24449815979272 0 0
31.56504818625352 31.56481429492808 0 0
32.15156074103189 32.14242900793149 0 0
32.22797890118181 32.22054723679123 0 0
35.31027966236187 35.24425892545013 0 0
2
5.037983330452312 5.034874487973446 0 0
23.14621748107449 23.11654697860871 0 0
6
3.392514242771904 3.375078109325517 0 0
21.24548686010706 21.1244739946773 0 0
22.38100693176963 22.12685259984173 0 0
35.08829152574805 35.04902874991375 0 0
36.66133199522111 36.55780106338639 0 0
37.00923683372251 36.99896923881488 0 0
25
2.004663882576239 2.023532303850576 0 0
2.951886817688698 3.220651746073494 0 0
3.715526598790188 3.771583009733754 0 0
5.200948978900136 5.204973489728945 0 0
5.666866556489929 5.690607073749419 0 0
5.957010364694391 5.972021419757651 0 0
9.607225843071255 9.667445814190774 0 0
10.67325574074432 10.78590566387454 0 0
11.33636318371639 11.64377294042532 0 0
12.9106809863156 12.98343932773109 0 0
18.06153227442375 18.09564910895748 0 0
18.12982951729777 18.32941401272905 0 0
20.7631327878399 20.97563063167272 0 0
21.62025842437327 22.34784062098319 0 0
23.84301454881516 23.88321715334235 0 0
25.85257227702018 25.8837432344728 0 0
27.26634214153356 27.3217101945171 0 0
27.81032836231761 27.90432441840526 0 0
28.03550447867145 28.10271685657692 0 0
28.75927237782735 28.95819672262144 0 0
29.11951221688778 29.24679088953573 0 0
30.21799506859706 30.26280145147348 0 0
30.28751355395285 30.5737288751354 0 0
32.3483866277945 32.46629368148005 0 0
32.59738627693084 32.69079974976071 0 0
3
1.381145681223785 1.347333669842889 0 0
10.96522809760135 10.90016000691814 0 0
13.14665226020402 13.11970479167456 0 0
32
0.01238862600344959 0.06659512168954507 0 0
3.320625976301921 3.33190703885262 0 0
4.268230810353709 4.316620508768996 0 0
4.572815484530235 4.583669976821298 0 0
5.697906675565465 5.783327582747176 0 0
5.88670516634366 5.935283188948024 0 0
5.953832114948798 6.665400766150012 0 0
7.872199262086935 7.940460127427855 0 0
8.597463794409736 8.658572846898268 0 0
8.909313597479759 9.047644349521414 0 0
9.059686002951659 9.230716515751711 0 0
9.230787525528299 9.550067594514058 0 0
10.11305574797555 10.25845866507472 0 0
16.20567616556293 16.33927662313769 0 0
16.81060419139447 16.87463095522847 0 0
17.00106641715283 17.0218122683497 0 0
17.62831273652021 17.85017843969874 0 0
18.15959975372511 18.307913234399 0 0
18.95425884572223 19.10495253257925 0 0
19.51581149848645 19.55360678185572 0 0
19.77276595338743 19.81262296013476 0 0
20.9252958433817 20.97057384053556 0 0
22.66346275269943 22.74371704293926 0 0
22.78239695277989 22.78889030365765 0 0
23.3540876331118 23.37868260192452 0 0
23.65086835905345 23.96240897903758 0 0
24.9607961635153 25.01448189679839 0 0
28.21902954933857 28.30988686702444 0 0
29.33398651067535 29.34972254947628 0 0
29.83325273614325 29.90567881007252 0 0
30.07069842959262 30.12130372227338 0 0
31.31692368828091 31.5059098166547 0 0
