# Status file for ctqmc. Used to save all times t_s, t_e.
10
4
7.688741640379907 7.660627649540332 0 0
17.62975464390085 17.57411123001729 0 0
24.75776838929355 24.67915909077153 0 0
28.99902355247498 28.92220417649965 0 0
3
0.4956996673588776 0.4201163238083581 0 0
10.13844016889166 10.08769918571753 0 0
19.40144772337793 19.38770017255561 0 0
16
1.005943022718718 0.9147432945530198 0 0
2.281318871336922 2.256539377932754 0 0
5.168787912247605 4.971797783750723 0 0
9.946151526203311 9.911204353447255 0 0
10.49224951875201 10.45272466775242 0 0
12.63651308238476 12.56158021250672 0 0
13.40563314411481 13.38521525593187 0 0
13.78906103015421 13.78534479434507 0 0
17.32196683704452 17.11781931464856 0 0
17.50341170192187 17.46200756025484 0 0
19.97198839704614 19.95275512028725 0 0
23.13364697034606 23.07610400473999 0 0
26.23250623719213 26.2263143349859 0 0
30.58809983729349 30.56972369355076 0 0
35.29126568913544 35.28012517657082 0 0
38.3526933206569 38.3523867288318 0 0
4
2.116879208087504 1.981779691415312 0 0
9.828809998147285 9.678024894055298 0 0
25.23184230213142 25.17325690023279 0 0
27.85092892879042 27.81548682902314 0 0
21
4.871000105353354 4.860773104026913 0 0
5.679116601039608 5.672815651585295 0 0
6.971744056696186 6.917329672526662 0 0
10.03794176290987 10.02398499805949 0 0
10.90892887702502 10.90262694838963 0 0
12.44545437645271 12.43354784870504 0 0
15.924230346361 15.89677832768911 0 0
16.84539529048687 16.80241394624711 0 0
17.04000330918084 17.03244636297226 0 0
20.13918429220037 20.11853838395511 0 0
20.73350220669669 20.72955285961832 0 0
21.07104516913695 20.86534268810725 0 0
26.37234749773639 26.32275913581743 0 0
27.19719386197004 27.12993522823276 0 0
27.38525475672073 27.35034726969404 0 0
29.79719722423501 29.78553253504779 0 0
30.48576607183527 30.47863146571052 0 0
30.72419995142089 30.72048583018637 0 0
34.2873168323578 34.26510800867513 0 0
34.66566386297914 34.64175913499108 0 0
35.30646214781333 35.25122863776758 0 0
3
14.83874550133982 14.7677126308571 0 0
28.3645204887779 28.31424589934746 0 0
30.58108481412425 30.55807246443489 0 0
2
22.12939568101149 22.08945899779156 0 0
28.46374305175134 28.43390156522788 0 0
24
2.257129122036317 2.320795845612091 0 0
3.379782356622472 3.407863174316059 0 0
3.41273673535975 3.420622908636532 0 0
4.762822420546224 4.781477852140865 0 0
5.901706432378536 5.91698449960581 0 0
6.428409668928302 6.490346767513474 0 0
11.60275240455105 11.78111025473175 0 0
12.4572241243983 12.49240223895533 0 0
12.53059494062355 12.59798934058575 0 0
12.61855534054169 12.81301220142778 0 0
21.94948944910787 22.20838381661533 0 0
22.69816896060529 22.72069834645553 0 0
23.1441331080168 23.14912989503988 0 0
23.1744879035161 23.17951117446456 0 0
24.31892076640108 24.33572784686537 0 0
24.97636080791941 25.251642310563 0 0
25.63150465840128 25.63203156028537 0 0
27.95326961275757 28.06278375870225 0 0
29.82727659432263 30.03075714352728 0 0
31.51724431400144 31.67003864901418 0 0
32.50582961599233 32.6242873368607 0 0
33.74526445584053 33.75525222860326 0 0
33.85390110808036 33.99699094084492 0 0
38.06180928068703 38.19906599964578 0 0
3
4.76347956190866 4.753919581247693 0 0
22.7321697619073 22.62002026318086 0 0
33.02925297508561 32.95140331372633 0 0
19
0.5476419854692662 0.6203500058307438 0 0
5.137388347327001 5.472481897186558 0 0
5.584449488028334 5.838884074284047 0 0
6.148862030399858 6.30418607987685 0 0
9.60576761882586 9.825976416059246 0 0
12.45770175209359 12.46388692041445 0 0
14.57805714533196 14.67831602292296 0 0
18.84520196492349 19.20472228964617 0 0
19.7142101443786 19.76248237103078 0 0
20.2819619479361 21.00798100988936 0 0
23.55898471890966 23.7336035317022 0 0
23.95139538764287 24.38696707691809 0 0
25.02933480922396 25.23644785406639 0 0
25.34686359760194 25.51798941105943 0 0
27.74173256338192 27.7754432365392 0 0
31.71417579904542 31.72293530022046 0 0
34.83117680061856 34.89326965126511 0 0
35.91126464226645 36.06778751346994 0 0
36.81630456438095 36.88499581735894 0 0
