# Status file for ctqmc. Used to save all times t_s, t_e.
10
3
15.14692751876679 15.04743385987907 0 0
24.56102990117591 24.50660733937454 0 0
37.22142947987166 37.19550810801922 0 0
3
30.21813093941397 30.21330352464011 0 0
30.77043728219557 30.73051641855334 0 0
33.66330686319916 33.52454744102445 0 0
12
2.418675365379739 2.405322479367759 0 0
2.604818507147282 2.572746815976515 0 0
6.11620726701791 6.108504439221907 0 0
14.23717633087719 14.21243239189092 0 0
15.99099172890275 15.98868985511434 0 0
20.37633397391766 20.32084525748149 0 0
22.76728105661504 22.76643106000648 0 0
23.16497975190028 23.14406931322427 0 0
23.74425860997866 23.73254175904085 0 0
24.02267771029403 23.98858713352266 0 0
26.29560738097848 26.25760917185258 0 0
35.30019276257713 35.27682417698672 0 0
1
14.55303309206953 14.51594529968145 0 0
19
4.631662927725312 4.629936138749506 0 0
5.644530724873473 5.613694211419066 0 0
9.780116239985913 9.721436508126567 0 0
18.62221951278704 18.56765125725043 0 0
20.58097667782879 20.40502094644631 0 0
23.6227274406021 23.58466801900915 0 0
24.53452333209939 24.5087576893945 0 0
25.52606508816356 25.44130502011552 0 0
29.19995894888801 29.15445468414572 0 0
30.09550482342383 30.07440396725955 0 0
30.39497363582628 30.3840983929599 0 0
33.01719279666109 32.9457561678783 0 0
33.47318373017617 33.46172306140958 0 0
34.17330466762225 34.14275387882232 0 0
34.46740499014749 34.45054239636239 0 0
35.70957345891944 35.58649310210046 0 0
36.52569749479049 36.50442722111449 0 0
38.27688135252331 38.25085909375209 0 0
38.49128230282181 38.45747916001913 0 0
2
10.91716764461465 10.91317432705298 0 0
19.3126406680176 19.30106539228764 0 0
3
9.119460467624027 9.086889848289447 0 0
18.23069564961246 18.16960142221811 0 0
21.29793461319267 21.21616679583818 0 0
17
0.1855307241022172 0.7235051116212879 0 0
3.19656162605462 3.413139051400375 0 0
5.688139477099178 5.754161174641838 0 0
9.555229242687266 9.558521191115515 0 0
12.78263277576069 12.83351833577027 0 0
14.44320997740586 14.55183724305985 0 0
16.49380344945392 16.53879853059273 0 0
19.53404771886663 19.78916356293076 0 0
19.88236276621715 19.91794978129614 0 0
20.6397205642905 20.69930728884375 0 0
20.90255207474067 21.17684082894845 0 0
21.24616494116595 21.25552977435833 0 0
23.622431617659 23.62704917902158 0 0
32.5307352672622 32.55336483381755 0 0
33.48743550309097 33.53999101135947 0 0
33.59974859879755 33.68891707938598 0 0
38.05592869745684 38.18227745921989 0 0
4
0.3258564015236942 0.2056252964631966 0 0
10.68283922600984 10.5824648656469 0 0
14.39111663234103 14.38422434256459 0 0
15.63021020043074 15.6088484212611 0 0
32
3.703019105309368 3.745230798295626 0 0
6.519317270994868 6.555221389469372 0 0
7.093742428467035 7.289342601478268 0 0
8.265799645215406 8.537117508642178 0 0
10.06435965497482 10.19337021103573 0 0
10.61598649989382 10.75191083611991 0 0
11.71200590108602 12.01038782692902 0 0
12.07052958747296 12.14843931135448 0 0
12.16793409171961 12.24720609323638 0 0
13.17332608284049 13.203727995205 0 0
13.20573342977149 13.33153997877655 0 0
14.30341617070187 14.34905548621815 0 0
17.40325856313069 17.48426884408332 0 0
17.84037200693487 17.9116709592883 0 0
17.94625742381055 17.96119127067665 0 0
20.35933383970637 20.3930039677548 0 0
20.40538701207365 20.63527281515744 0 0
21.48712156047542 21.5592382832981 0 0
21.5773371253029 21.60979634396591 0 0
21.88103174823678 21.96294132820032 0 0
22.11669305150292 22.2307007843261 0 0
22.2425288882025 22.30859380424093 0 0
22.75854479019307 23.02996441382959 0 0
23.05352176346754 23.14245227768277 0 0
23.84273266607195 23.96011386092105 0 0
26.37465371248672 26.48981882395963 0 0
26.4943503938462 26.89860178854432 0 0
29.48774362449742 29.68789602519488 0 0
30.7462232309444 30.79128300470985 0 0
33.57074196441467 33.7629465428159 0 0
33.77382258332693 33.77994508438443 0 0
34.84064881798773 34.86671779735547 0 0
