# Status file for ctqmc. Used to save all times t_s, t_e.
10
5
0.5098957127893655 0.4368901734160744 0 0
12.79068060614403 12.72709751476824 0 0
19.97947454597398 19.96053002470055 0 0
20.7179704127569 20.71301978261781 0 0
37.96496513291579 37.92467423051386 0 0
2
0.09410653303049799 0.06155989140484053 0 0
17.50797249146387 17.43238557950908 0 0
24
2.528381238949038 2.690718355559234 0 0
6.093636089523377 6.260490254213861 0 0
8.005471789179031 8.194340329810538 0 0
9.590546235797561 9.657593044608054 0 0
10.75010501571732 10.79333070022357 0 0
10.81728171252859 10.84255407304506 0 0
11.23808059042036 11.40984197327986 0 0
13.73891062876188 14.05139838949396 0 0
14.3830819865095 14.65284124765444 0 0
14.69642679819289 14.74750669325867 0 0
14.81333332306114 14.83974870441486 0 0
15.32545486251902 15.36086791019976 0 0
15.7845585762071 15.83308058889081 0 0
17.79919118964402 18.24944847534445 0 0
18.54652823071569 18.63641620970654 0 0
23.34755212070126 23.36102714791689 0 0
23.3645910158724 23.45344013048592 0 0
28.3129034816918 28.32711941570929 0 0
28.93109360031666 28.95677464713297 0 0
32.35651116661349 32.45738389511384 0 0
35.18588476098971 35.39333255305799 0 0
35.4939948093112 35.57117227814434 0 0
36.46008015293057 36.51697304521004 0 0
37.09912486722764 37.27238777980872 0 0
4
0.9823871545683147 0.9499549238310294 0 0
2.669875348371419 2.633565550980553 0 0
26.53680721293959 26.48762009558283 0 0
27.04783365081578 27.03573374897674 0 0
24
0.05115299744547031 0.3542083707496673 0 0
0.4611597343828118 1.085983737501831 0 0
1.338480526902057 1.566664867078871 0 0
2.183679980100768 2.271526446915368 0 0
2.369234249731658 2.372540911369299 0 0
2.814911790414154 3.293890728663958 0 0
5.095953646536771 5.127813858796134 0 0
5.771912561301555 5.810664799201254 0 0
7.172248016845008 7.173286124297457 0 0
9.180904689708981 9.315562395776979 0 0
10.78682278804679 10.85549149159574 0 0
13.09805246701116 13.1113522708919 0 0
14.8726375001875 14.92709736367465 0 0
16.69168840077961 17.2218413368707 0 0
19.43777304187187 19.45385875474609 0 0
22.7582354039449 22.80232722785015 0 0
24.51601716110655 24.77216895693339 0 0
25.76055199698297 26.06484602148484 0 0
26.10605130061934 26.54127705840743 0 0
27.03847873978286 27.44624727117762 0 0
27.54057795479306 27.60107143929631 0 0
29.31574032048981 29.47514334965375 0 0
33.71988097647263 33.82596445508611 0 0
37.29201158482041 37.6388353770258 0 0
1
34.23199536580527 34.23093687193776 0 0
4
6.327015057860287 6.322239066278314 0 0
7.00666265318041 6.957043350815487 0 0
31.16370776128776 31.15841051623161 0 0
35.00186050844242 34.90771880626598 0 0
13
8.706084359171989 8.695365451986511 0 0
8.748825665161766 8.730670607209776 0 0
11.77286611867562 11.70194897690895 0 0
15.31813079560681 15.30222337767296 0 0
15.5484469809899 15.54416281777422 0 0
20.08970009378714 20.08442974873162 0 0
24.41426272349161 24.36974731337819 0 0
25.54700307898668 25.50395320683744 0 0
29.07590275187323 29.06507528313732 0 0
30.86224497828328 30.80014699823826 0 0
31.20205905385476 31.10304031484709 0 0
33.43411138288991 33.39486784300868 0 0
37.44766051126577 37.41177522563329 0 0
3
13.40237040464852 13.37804680531893 0 0
20.05514931167076 20.03030047221975 0 0
27.74884478594027 27.7232232375618 0 0
27
0.7880202890927779 0.7713290538050757 0 0
2.163589284772093 2.138071079837093 0 0
6.780980385133701 6.769748958549323 0 0
7.262584743975387 7.2455811385665 0 0
9.14059835330294 9.138683941774305 0 0
9.753929484937904 9.731799995266677 0 0
12.76847008628002 12.76412923734359 0 0
13.06677817355235 13.02253411345914 0 0
14.58038453016456 14.42913387815547 0 0
14.86278632386014 14.81480724547582 0 0
16.83085591259809 16.81145699777115 0 0
16.91554041301719 16.91077630526417 0 0
17.19797207951561 17.16102816730251 0 0
17.27345290110041 17.22704025703843 0 0
19.9883206448444 19.97808012441675 0 0
25.26755090018712 25.20866298032711 0 0
25.37628311853537 25.37294014075189 0 0
26.05860084499883 25.93755047733053 0 0
26.58767309267398 26.52626599822079 0 0
27.40774586482073 27.24889194096364 0 0
27.63492207870798 27.59687564801741 0 0
30.61049864817712 30.60584233397484 0 0
32.25255438162733 32.24113827643667 0 0
32.3675790512682 32.33180469349625 0 0
34.30375404415319 34.29167768180071 0 0
36.8396179043673 36.81938023950259 0 0
37.04044533841643 37.03957514873792 0 0
