# Status file for ctqmc. Used to save all times t_s, t_e.
10
3
4.467056297563346 4.446692646141894 0 0
12.12759360131029 12.11786754518937 0 0
20.97159628877954 20.94599945756712 0 0
4
6.69647659117387 6.657357171199422 0 0
10.16697828711177 9.923516495499452 0 0
21.28341854221733 20.90905954567813 0 0
28.50619751723605 28.47935794489585 0 0
20
1.753575369260034 1.856971346727732 0 0
2.857956707603168 3.024736515542739 0 0
3.039469926892189 3.132098715906168 0 0
4.174821575683106 4.314064238361919 0 0
8.190291417861118 8.301278404446345 0 0
11.10226492379836 11.13002265000314 0 0
14.15705925079498 14.17072873101776 0 0
14.29023306003376 14.48907249205152 0 0
14.94117208148466 14.96842955032042 0 0
20.5685769845408 20.81946316735001 0 0
22.64925988092811 22.78794897258189 0 0
22.80851595866193 22.88386119089887 0 0
24.86534330447892 25.18294517459588 0 0
25.19859528835812 25.32393106421724 0 0
25.72120984276667 25.74226170744644 0 0
26.05084090620573 26.05490233940537 0 0
27.47288772184283 27.51530648301632 0 0
32.781615057663 32.97338625052258 0 0
34.19848561408615 34.36224997185389 0 0
34.98784779799789 35.06345533033684 0 0
1
18.37241994417294 18.3673478464386 0 0
29
2.458296468974835 2.479188679230979 0 0
3.710579248319243 3.783002707735765 0 0
4.470142850836373 4.667689121689515 0 0
4.804525153494692 4.958149629074518 0 0
5.333449249019661 5.657533894257576 0 0
6.431311797433324 6.434347557345474 0 0
6.473459516392079 6.474936219293237 0 0
7.928102012926498 7.959234175719715 0 0
9.105749527388557 9.135132515205372 0 0
9.365206423974493 9.656429362159461 0 0
9.788353890705723 9.864437483982163 0 0
11.62654542395104 11.91420795929601 0 0
12.73444196526801 12.86021650608094 0 0
13.19689231939865 13.24053888763736 0 0
13.5709850812196 13.58571624418475 0 0
13.6088623080507 13.71537669340522 0 0
17.80032669492346 18.14321501667964 0 0
19.19127073575715 19.2148462732099 0 0
20.8572167994632 20.89941860141568 0 0
20.93677744708448 21.0289860545355 0 0
21.63608345448822 21.66835876039204 0 0
25.17240852561461 25.18003239340297 0 0
26.47201995918893 26.62346228964121 0 0
30.79566738853838 30.97770691912399 0 0
33.40095597361631 33.41892497644032 0 0
35.29572010622159 35.30427055704636 0 0
35.58298525762716 35.76651438720469 0 0
37.58592272154943 37.7088532736458 0 0
37.94728294087174 37.95117567728968 0 0
3
1.902575324018302 1.896989412295964 0 0
10.37888003042794 10.24045246712704 0 0
20.14401379102052 20.12299324806603 0 0
4
15.48652749134627 15.44724580776152 0 0
19.05206318078478 19.0428367630816 0 0
37.52651578664607 37.52396348153788 0 0
38.47082087190353 38.43751593755642 0 0
19
1.669737374585254 1.644157044324027 0 0
7.042594998082236 6.942378629616927 0 0
8.708029469201394 8.698761716486604 0 0
10.52569306455475 10.52380099365715 0 0
11.77937767580439 11.77215746233503 0 0
11.8367556727424 11.82617902922074 0 0
13.08457477668394 13.08262204808224 0 0
15.98331455698692 15.97918527489387 0 0
16.19117852004049 16.18245330818982 0 0
17.57648125736067 17.55813639316878 0 0
18.19009886547601 18.17749800516894 0 0
29.72574557869707 29.72435030055332 0 0
30.2363424098857 30.09651580751919 0 0
30.57109681929454 30.45084892956387 0 0
32.70961541465239 32.643572636498 0 0
34.20800151114982 34.20145367211695 0 0
37.04105910485234 36.9952466652249 0 0
37.81701028736091 37.80533074318992 0 0
38.62645270739429 38.61958938125864 0 0
4
24.95168520852328 24.94886305591533 0 0
29.78505425426128 29.67150007355843 0 0
35.86507051104227 35.8476286182174 0 0
37.61177964565001 37.5947439328303 0 0
18
0.7008704340037178 0.6850699301523425 0 0
0.7726913290894551 0.7285551336585558 0 0
3.497472805327221 3.493608933846956 0 0
9.121828129581727 9.115504840723013 0 0
9.260101672498468 9.252548839898246 0 0
9.277960103861858 9.272182703138666 0 0
10.0308602213399 10.02629277533284 0 0
10.67959090715271 10.510396670889 0 0
16.16190719067895 16.09226788811177 0 0
16.50732235630518 16.48547481876894 0 0
17.12772632158477 17.10777484439526 0 0
21.76041987625339 21.75897686104035 0 0
26.87057257249583 26.84288403930043 0 0
27.02772157408092 27.00399163732075 0 0
27.16912938190296 27.13259803558344 0 0
27.23982036680283 27.2337199015226 0 0
28.02393592299063 28.02036459259143 0 0
36.42695475986383 36.36161826964646 0 0
