# Status file for ctqmc. Used to save all times t_s, t_e.
10
5
11.4903241123967 11.48385114155759 0 0
19.17884403327112 18.90448354393988 0 0
20.87286618467292 20.78597199774788 0 0
27.85893497089359 27.67020199561802 0 0
33.78830772343991 33.73536855085015 0 0
5
1.795811173851099 1.656036388523276 0 0
21.23100724800544 21.19136831481449 0 0
24.28878261053875 24.20504230857229 0 0
31.03819308613145 30.91708373272761 0 0
35.96930379129381 35.93260036617895 0 0
17
3.808867770773215 3.978600083550137 0 0
5.293707711248454 5.460722751642183 0 0
7.194897011502996 7.303546005554613 0 0
8.577664800934031 8.631151972987055 0 0
10.13376461495871 10.20276056705772 0 0
10.2898489582117 10.29320126617343 0 0
12.84102019710726 12.84813032174855 0 0
15.66538129792204 15.84745071782639 0 0
17.72385331456475 17.74931375696695 0 0
19.10925855319874 19.45485566890153 0 0
20.86416776846695 21.80146200954353 0 0
23.05743503551721 23.56780898310551 0 0
24.22855870970423 24.4426566113845 0 0
24.55501360916844 24.84274713078364 0 0
28.34982284948437 28.35805080923685 0 0
30.86201691770135 31.06407503868857 0 0
34.10784410048831 34.11234376905627 0 0
3
28.42769363591306 28.22580440253665 0 0
30.48442809135873 30.36677232767631 0 0
36.8214296619232 36.79729142830679 0 0
30
0.5597226919708742 0.564199681584573 0 0
0.6003371157278246 0.6657330519216629 0 0
1.723232246483575 1.776858708882861 0 0
2.010518190822129 2.110608204528392 0 0
3.006916816256073 3.4728247075103 0 0
4.182862040031709 4.278079047106336 0 0
4.307435250542651 4.378243803060821 0 0
5.27442279781968 5.54572232022849 0 0
7.570931808573077 7.655117443398593 0 0
8.700035669027006 8.703004102719857 0 0
11.13803927573136 11.14965414485567 0 0
14.93238904223131 14.99089956577165 0 0
16.80874888158069 16.81082868221916 0 0
17.05053204517184 17.06441465347816 0 0
17.38348968659099 17.42028568987003 0 0
17.8183548117677 18.03455889948035 0 0
20.46840536275467 20.57559521933619 0 0
21.13189897181361 21.21622361359517 0 0
22.87378739951878 22.91363945897099 0 0
23.26126969245095 23.32751277688884 0 0
23.70613117742156 23.70886348408472 0 0
24.25290770195364 24.2672071438685 0 0
24.31572384497985 24.56081935784975 0 0
25.02863895449681 25.1841811159173 0 0
27.51376543387143 27.56732551379654 0 0
29.23458464064328 29.32917923941739 0 0
29.35760400247813 29.66048769035146 0 0
30.65664051755856 31.12176325734111 0 0
31.13408901793819 31.32522539263262 0 0
31.43728464919168 31.61946548196666 0 0
4
5.445543782523451 5.390705799021703 0 0
8.543994373646663 8.528759143898954 0 0
20.09429559241332 20.04071964650661 0 0
36.86715808165047 36.83213077373825 0 0
5
1.120508015013017 1.085053924194156 0 0
2.168919401119106 2.034213187417727 0 0
16.99108767768996 16.90225835044826 0 0
18.08974157354414 18.06844635730809 0 0
30.3996784575942 30.3648031337732 0 0
17
2.080060927615428 2.058904402099997 0 0
5.346044871476378 5.220475808651945 0 0
10.851498502605 10.83876224421557 0 0
11.40775468906705 11.4038606318768 0 0
13.15000186187374 13.13571311353441 0 0
14.3651692501659 14.33194402988242 0 0
14.54082401176324 14.48514251886329 0 0
14.92884473283231 14.92112214349948 0 0
17.13133583256039 17.12536344142723 0 0
18.18371672880383 18.11881711464153 0 0
23.41869167910637 23.40790847064569 0 0
25.1652765065784 25.13180116644856 0 0
25.33316638732402 25.27139502542146 0 0
29.16212588792239 29.1575545238949 0 0
29.92271244861595 29.91884089180425 0 0
30.98911196201649 30.97510964742285 0 0
33.92636075479399 33.92569898462517 0 0
1
28.73775996785752 28.68665841448753 0 0
27
0.3946288911503828 0.3797272853418363 0 0
3.267270423512401 3.237748338115464 0 0
3.794901245061554 3.78483633279692 0 0
4.466031994256324 4.423991389687511 0 0
6.561385556400619 6.553134220790795 0 0
6.873236291535401 6.851545403715162 0 0
10.24782890014686 10.24033688899437 0 0
13.24197690432222 13.23842688248159 0 0
15.40475397291032 15.35018768894462 0 0
15.78784266576036 15.74547614692692 0 0
17.0354178057344 17.0208336355871 0 0
18.41062925267498 18.39315152801913 0 0
20.23131945557792 20.19909834041038 0 0
21.52250677804383 20.91872061716437 0 0
22.03353210520059 22.02253125541428 0 0
23.17203096442357 23.14357750842365 0 0
25.96738809802171 25.95480455880337 0 0
27.17580716298655 27.15725310758136 0 0
28.95788918690207 28.93874598741782 0 0
29.6264642232056 29.54806008451466 0 0
31.3063917017016 31.26701545584095 0 0
34.60081682852313 34.36202555209012 0 0
34.92463730609275 34.91559492338832 0 0
35.00581889022266 34.93934278774282 0 0
36.48504274752979 36.43455013205666 0 0
37.2397594370965 37.23326565640665 0 0
37.6541873659064 37.59076837980318 0 0
