# Status file for ctqmc. Used to save all times t_s, t_e.
10
3
7.721918653992098 7.485843101231971 0 0
26.27081218935929 26.16387825636659 0 0
29.91674360459631 29.81927910877352 0 0
1
9.523577118884127 9.507470243672046 0 0
29
4.090563001786793 4.081046354553709 0 0
5.119766189036837 5.078853792248145 0 0
6.78070142073327 6.739380859804086 0 0
8.642609739678536 8.636038364049449 0 0
9.150269808358157 9.107006792613587 0 0
9.366633493311554 9.353652406817401 0 0
10.17608741234561 10.15881534015876 0 0
10.62843147794806 10.61669317636264 0 0
12.04572501750117 12.03516188409653 0 0
12.9275788343579 12.83481627837652 0 0
13.31359715748347 13.27929569521059 0 0
18.25763233413549 18.25294556069328 0 0
18.50250028821 18.48684459165184 0 0
20.44551529377854 20.44301153979643 0 0
21.30470902555089 21.25422362694214 0 0
22.11675983814406 22.10193302262704 0 0
24.05431953507605 24.00754946056905 0 0
25.64142685552364 25.63751156214081 0 0
25.65942219368092 25.65430774975893 0 0
25.95145528476927 25.9494777007417 0 0
28.74461690512753 28.73861981676191 0 0
29.38983187942889 29.34804069575793 0 0
32.16337115174867 32.07965308411159 0 0
32.1651924222828 32.16431137895272 0 0
32.9562856643869 32.91137074029861 0 0
34.01137788033647 34.00989326918337 0 0
36.39356923376654 36.38544747822711 0 0
37.12399715218215 37.10678275562206 0 0
37.91138519714516 37.90352327041968 0 0
5
6.053171398581334 5.964121670011949 0 0
14.59397351946259 14.53516436004052 0 0
25.51229565661475 25.40086242956338 0 0
31.70861642654365 31.63895664846438 0 0
32.02651172379785 31.9495186347422 0 0
22
1.166883193259133 1.157021244380734 0 0
6.834142878232347 6.794098275663961 0 0
8.4725561246381 8.470956795301433 0 0
11.06412200320573 11.05784395345252 0 0
15.53649502240674 15.5326547456506 0 0
16.16778876897908 16.06896875687707 0 0
17.33426650429785 17.29222994750718 0 0
18.36193038286949 18.3492847467873 0 0
19.71776989656294 19.71614245329969 0 0
19.97844899731707 19.95428607351157 0 0
20.17937378313636 20.12149797349935 0 0
20.89563139039456 20.84275254486737 0 0
21.53320619499173 21.52797481182323 0 0
23.25336564394119 23.23659539393104 0 0
23.76158658192393 23.73048769278377 0 0
23.9400298250278 23.88743491962281 0 0
24.7142025009431 24.69631396882684 0 0
28.3058255800217 28.2963242211998 0 0
29.88352940143746 29.85390032628672 0 0
30.07051703268229 30.05760477016514 0 0
30.38115701528038 30.2244678314558 0 0
36.40237651176565 36.39777745013279 0 0
6
2.465447806629301 2.453329216474245 0 0
5.885784966394828 5.717306208955337 0 0
12.36144720452813 12.28135384435872 0 0
26.71597065742434 26.6829925835195 0 0
26.82818131176088 26.79178436728112 0 0
27.72096178642838 27.71026762759508 0 0
2
9.691742458392703 9.663506331347968 0 0
25.35111264728435 25.31760394421512 0 0
25
0.2004939843103273 0.471120651310784 0 0
1.381836586353773 1.662223512717841 0 0
3.426933330591384 3.448168245628979 0 0
6.70475409446495 6.754577672017703 0 0
6.827337746663633 6.82831429196819 0 0
7.296731446077745 7.699063909435686 0 0
8.693356087905375 8.808815969338578 0 0
8.946002912320864 8.946563704508511 0 0
15.09460710466558 15.16262643897942 0 0
15.2356249726139 15.3745830403563 0 0
16.12466314201493 16.13609383025296 0 0
16.79297912369902 16.79570475667915 0 0
17.38824502043607 17.5054947799807 0 0
18.83748717751781 18.89740278213571 0 0
20.11154959564151 20.29604417794911 0 0
23.56287642558764 23.80041309239695 0 0
26.52835791472734 26.63669663719193 0 0
28.26082489685208 28.26391937889846 0 0
29.20460720682974 29.21649607146801 0 0
31.03650141543302 31.21686976165104 0 0
32.4525887517097 32.57982030726379 0 0
32.81432740458271 32.85572415832485 0 0
32.97893388360361 32.98637710998491 0 0
33.54571021196814 33.54949539601147 0 0
35.77055487580169 36.22059315407884 0 0
4
5.737466740924343 5.702311700580849 0 0
12.57077104595639 12.54334580116436 0 0
20.23881958729838 20.13733126093326 0 0
26.06099905007234 26.0264599480837 0 0
19
0.5088290744060215 0.5381288681218566 0 0
3.4159796305099 3.448226942193244 0 0
9.460924315050022 9.470691786071169 0 0
11.41235468042516 11.41734155330152 0 0
15.57479230144399 15.65288835525263 0 0
19.36041023935758 19.48158541486058 0 0
19.58602610692646 19.75327114088018 0 0
21.29021041073138 21.55647076555953 0 0
23.10498898670821 23.15955795501094 0 0
25.72359678192186 25.74046207554796 0 0
27.51384064217764 27.62400726538277 0 0
28.62199753650762 28.64644075267203 0 0
29.49171198403515 29.67584833907192 0 0
31.75551612323705 31.97734784849289 0 0
32.73241799944211 32.81999227934236 0 0
33.294766110863 33.41704812804801 0 0
33.75597634091478 33.75621084019333 0 0
34.52218431468459 34.62393470273385 0 0
37.23970789808641 37.36947100701506 0 0
