# Status file for ctqmc. Used to save all times t_s, t_e.
10
2
18.10070166668891 18.05770942351303 0 0
36.4104519616418 36.18625483870338 0 0
1
36.39996526922012 36.36790735919909 0 0
17
1.352366742626306 1.43299217160283 0 0
4.079267362082858 4.193239239184557 0 0
9.566718021922078 9.640669499224133 0 0
14.8289772427406 15.67381614854507 0 0
18.49566471159515 18.50826382956095 0 0
18.53182093775185 18.83608105378876 0 0
24.18493029676234 24.26914447581397 0 0
25.91883796361924 25.93963896394783 0 0
26.78106479030518 27.08999835209811 0 0
31.24906398494015 31.4685430735888 0 0
33.89962381959459 34.01885151521679 0 0
34.29762270137169 34.35037734999108 0 0
34.55934078896888 34.6281263406858 0 0
34.7147015178736 34.83448439253146 0 0
36.81179743692473 36.82462202354971 0 0
37.28196290824923 37.47856596290076 0 0
38.09677585908042 38.14231939563352 0 0
1
20.44627239957909 20.28513558025609 0 0
18
2.901326699152489 3.147292626051847 0 0
3.165106297919309 3.197638681038021 0 0
5.907332018383416 5.97815404828891 0 0
7.212031013436118 7.223025427194425 0 0
8.237706684657033 8.328007617434201 0 0
8.827426123753972 9.180521114426172 0 0
9.726744433927147 9.746556971731016 0 0
11.67323942804429 11.67931450048458 0 0
13.42030838648808 13.61097600430961 0 0
14.02330506873088 14.14292270637903 0 0
14.9288395751594 14.95304342687348 0 0
15.88586419405043 16.09162569366781 0 0
16.09822086275596 16.10351268740474 0 0
19.71070673646814 20.11960772046862 0 0
33.24495916327563 33.41916489355536 0 0
34.16497022861956 34.22920301748614 0 0
36.98545486531733 37.03819024149041 0 0
37.09590632534481 37.12470759542144 0 0
3
2.844250563040191 2.788324642803055 0 0
33.21638580974902 33.17565661996559 0 0
33.85488950272718 33.82971351600172 0 0
4
2.694819707365703 2.67449049978373 0 0
8.979951420488726 8.946067315952204 0 0
9.334795810821815 9.296389049692721 0 0
25.13425411216457 25.08208933256078 0 0
21
2.621773672606636 2.516250135693397 0 0
3.845000949710957 3.821576773211902 0 0
5.572185079631646 5.555611866376736 0 0
6.962577699408426 6.952495290126209 0 0
11.72339227612967 11.6573073123551 0 0
12.3690300445561 12.26054476547943 0 0
12.50176933606809 12.5004001522784 0 0
15.07158918359559 15.04593390605529 0 0
16.94966912833527 16.93831462044172 0 0
19.4784390523157 19.47226826394525 0 0
22.61200259792034 22.60450692594235 0 0
25.12041133018646 25.06827463737498 0 0
25.54541645956692 25.53873734781416 0 0
27.02664969611818 26.97755718422737 0 0
27.13027864132551 27.12090462121068 0 0
28.1386582006775 28.11594351560203 0 0
30.07321856945593 30.07320454341467 0 0
31.55814871199552 31.34051303764797 0 0
32.58325921944312 32.55837984425305 0 0
35.60162374754091 35.58648144142629 0 0
36.01578991909336 35.98379498991425 0 0
4
15.62258536332769 15.48895521746171 0 0
22.51449687849613 22.50431942878215 0 0
26.55113101763388 26.54564525206028 0 0
35.51244729886011 35.45809144572063 0 0
21
1.043265733119867 1.011272328533572 0 0
3.107885871715845 3.094048717729291 0 0
3.636353877747752 3.627915780068897 0 0
5.509840088352553 5.468290746903181 0 0
11.0807333456977 11.06369610818437 0 0
13.23875933924442 13.23415255564709 0 0
19.7325892790108 19.72239099259209 0 0
19.86251693229208 19.82134979612765 0 0
20.16535284261408 20.16317211263484 0 0
20.67418926839655 20.65572808762994 0 0
21.1896904455545 21.08069224522334 0 0
21.96607880964689 21.95941683069747 0 0
25.42791652319749 25.42718105094493 0 0
26.96572009501109 26.87123516184477 0 0
28.38730293550226 28.321179117262 0 0
28.72878939736174 28.72680944593178 0 0
29.11145737028209 29.07309508131548 0 0
30.59123861303559 30.53699947931129 0 0
31.09509389473962 31.04648107404632 0 0
32.00536679270093 31.99574248165377 0 0
33.7662672774934 33.76506788750115 0 0
