# Status file for ctqmc. Used to save all times t_s, t_e.
10
4
17.04544566237612 17.00509215674774 0 0
19.77233161637962 19.65381703107777 0 0
20.65018057383323 20.55556958420577 0 0
22.65777770168128 22.61209926773514 0 0
2
15.92835660446754 15.9107067001791 0 0
22.46435281233864 22.45924843344016 0 0
18
1.613536495929298 1.711966472703099 0 0
5.363033276719383 5.408668342171185 0 0
10.7720738152176 10.93325481414858 0 0
12.42914655216653 12.51826813856029 0 0
13.18384041035082 13.34204096499027 0 0
13.66008212844111 13.69211045512246 0 0
14.058909686226 14.1256854048281 0 0
14.59274741918022 14.72363094955658 0 0
15.73353512139857 15.91635571955958 0 0
19.61544623587339 19.78703070358301 0 0
25.22168036134009 25.47335335077767 0 0
25.50032121370797 25.77340366593155 0 0
28.76565596932357 28.94080032951175 0 0
30.27033101787199 30.30991911962069 0 0
30.83849528246995 30.96329704968838 0 0
32.43405701726031 32.74884923105393 0 0
36.90197304701293 36.90574800154825 0 0
37.34899270009812 37.36091678587462 0 0
1
36.51251523366813 36.41973652775754 0 0
19
0.5562198937928784 0.6525702228377952 0 0
2.675083702699587 2.727308837580889 0 0
10.45538460833111 10.46238854694218 0 0
10.93225587810214 10.98235952978165 0 0
13.02438216216822 13.27250030716618 0 0
13.3704570245567 13.5264418371578 0 0
13.99282638807851 14.56883898969657 0 0
17.43087002546326 17.53372964459869 0 0
17.7116982923959 17.8106711183446 0 0
18.48359812291391 18.48579887617722 0 0
28.18294948547835 28.31033482265471 0 0
29.19735792136102 29.21098750241121 0 0
32.35232682974325 32.39594291717277 0 0
32.79495930998299 32.99402013316766 0 0
33.08072009041213 33.08557926799539 0 0
33.92701628685229 34.20490065916267 0 0
36.54392790030545 36.59790526315826 0 0
38.13274409442339 38.25265655998395 0 0
38.27279656318541 38.29478001636431 0 0
2
32.12679033272491 32.11777976211479 0 0
34.2560835650721 33.93007932085929 0 0
3
5.801521563915983 5.76398215752188 0 0
16.91972168839615 16.68763593595961 0 0
18.31251414208522 18.29054502049134 0 0
9
2.061707188797442 2.031566728723007 0 0
4.091376608529765 4.090574851917795 0 0
9.791074130529358 9.716515576042639 0 0
12.51781715990738 12.49707667781536 0 0
14.20092752157825 14.16392638402381 0 0
17.27900545208489 17.26965397085753 0 0
29.56104570932571 29.531229257761 0 0
32.78878917871182 32.74573723758199 0 0
34.81501725824735 34.78517487692702 0 0
2
19.23705952374993 19.17453300844473 0 0
21.3901794145779 21.29641678457565 0 0
20
2.653748063371902 2.639494876745022 0 0
2.91359893739587 2.90328610265321 0 0
3.18718972372078 3.17741674491312 0 0
7.678554239177292 7.670648470276866 0 0
12.61649520486167 12.59874462536224 0 0
13.41038202207056 13.38375070089971 0 0
16.43250799673782 16.41557332705956 0 0
16.69193326445323 16.64803526807119 0 0
17.37992366186355 17.331844136347 0 0
17.68750162974454 17.67908306303374 0 0
19.22465977160939 19.21812896526092 0 0
19.36574165876488 19.33305656086549 0 0
19.58834889129161 19.57173080700877 0 0
22.24463222610297 22.19694704158054 0 0
28.86293659322558 28.85231432356158 0 0
30.16956421179728 30.15727816214235 0 0
31.52317023070339 31.2642963117404 0 0
32.47128376642267 32.41916080113689 0 0
34.04382798953074 33.98956433044127 0 0
37.76921962551189 37.76121245747 0 0
