# Status file for ctqmc. Used to save all times t_s, t_e.
10
3
21.89523857766088 21.84490861012718 0 0
25.27211932089235 25.2376137273763 0 0
25.75939525948407 25.69296749095116 0 0
3
19.8124674215825 19.7530938706028 0 0
29.13208299907318 29.11317879419699 0 0
30.57522753957142 30.44027702577518 0 0
18
0.3786375231035227 0.2758970340210658 0 0
1.383132409110804 1.373861628891767 0 0
4.727214882754044 4.690689546002851 0 0
5.499587695714355 5.498737973905353 0 0
5.72641296971169 5.584247861022567 0 0
6.572216952425781 6.535556469922362 0 0
7.973618860512103 7.958733004003332 0 0
9.986526951805189 9.972787709912192 0 0
21.26644481159419 21.19659108130161 0 0
24.15562424150609 24.09581280349918 0 0
25.23826331683678 25.22678301441457 0 0
27.70933099941441 27.63531222026733 0 0
28.52037223910653 28.36113776285793 0 0
32.34356744160203 32.30374034584626 0 0
35.06085414462625 35.00159457335976 0 0
35.76077721463795 35.74570693811404 0 0
36.01467909941575 36.01421355275478 0 0
38.08281300007571 38.04502267232694 0 0
2
24.6108332519244 24.59058273787355 0 0
36.13570633877032 36.11564289398999 0 0
19
0.9043149148183579 0.8979884478470841 0 0
2.133247006234031 2.127911056392005 0 0
3.796146663995393 3.791089475405435 0 0
8.364864077505942 8.323395314531799 0 0
9.540189966100471 9.539574609721596 0 0
9.652254738486567 9.56736353651976 0 0
11.70681307789584 11.64381150733172 0 0
12.37258260024557 12.33590551166929 0 0
12.65178377734712 12.56315645837684 0 0
15.00316737865602 14.99537669513933 0 0
16.12842407931758 16.09646345478608 0 0
16.57040668999599 16.56783827907042 0 0
18.47808155437589 18.45462572593864 0 0
22.37661991404347 22.36261827667405 0 0
26.40442861679682 26.40276876627258 0 0
26.7137743465577 26.70933842506789 0 0
27.36757159289284 27.35248897132765 0 0
34.4914969023428 34.47254774217077 0 0
35.4267338358413 35.3954315494578 0 0
6
2.590280660691079 2.498776881598999 0 0
18.62874419273627 18.62616971394241 0 0
20.92279486710141 20.80827278937526 0 0
22.91353791876529 22.85686954434723 0 0
34.85487176121524 34.82911177085921 0 0
35.63529614157201 35.61946979717661 0 0
1
24.62024607992215 24.51595870119849 0 0
13
0.3758093472285253 0.3963054176498133 0 0
9.841780396623125 10.00857809964559 0 0
11.30361473045446 11.51255826861493 0 0
14.23674716796911 14.40942410356845 0 0
14.49606673351646 14.59342530187741 0 0
19.76976215167508 20.17164774917702 0 0
21.51929543046686 21.65043842516988 0 0
24.10139659349602 24.20612341844078 0 0
24.56253316075256 24.59091829196015 0 0
27.78514332944123 28.23340887126622 0 0
30.37210584241359 30.44323985686369 0 0
33.52348797131704 33.52726387398874 0 0
37.42735192722397 37.45791883558119 0 0
3
13.14455975102369 13.07501612161855 0 0
30.43814844208548 30.37503113007509 0 0
32.13375611526298 32.11270359727904 0 0
21
1.211668268963336 1.284800711625082 0 0
1.923609836512987 2.059163837989499 0 0
2.423626303009184 2.423920394558209 0 0
3.39228980853118 3.443520027203342 0 0
3.530133981051659 3.549611350605492 0 0
4.281737865739514 4.436637977500742 0 0
4.506590132425 4.73317307246424 0 0
6.113878335314983 6.259364471241867 0 0
7.28521643510895 7.520191320451696 0 0
10.01441655454688 10.29918588961088 0 0
13.17660901857771 13.42042712728148 0 0
14.43389820973244 14.74576116582907 0 0
20.80298807130752 20.85566515886239 0 0
22.45737855079012 22.56061688884546 0 0
24.10711465199541 24.18785417327449 0 0
25.34076878498628 25.5600810578809 0 0
26.32767944374604 26.35772754239701 0 0
26.96988623774374 27.08653135160626 0 0
29.40278248989611 29.48272653689668 0 0
29.52865624670062 29.58887998726772 0 0
30.77561745548739 30.81911541832473 0 0
