# Status file for ctqmc. Used to save all times t_s, t_e.
10
3
14.0864052491295 14.02636675522922 0 0
32.91679267805183 32.87278054188448 0 0
36.39173566720859 36.29574490467023 0 0
2
0.6057991855244637 0.562077896070996 0 0
34.51351180231847 34.50079963834234 0 0
22
0.3775495468972068 0.1766860809205326 0 0
0.9333828612766304 0.8280119713153755 0 0
1.933531764508321 1.928630170470638 0 0
5.042852224614253 5.042552460283308 0 0
5.692692683802448 5.658911898599142 0 0
10.43071113616499 10.41911510944268 0 0
11.48115855786065 11.43621989836682 0 0
12.26038456100154 12.25217441372666 0 0
13.80064612909219 13.78434875719712 0 0
17.21643977596672 17.21316771336874 0 0
17.54799515355808 17.48479134382592 0 0
19.52015267235735 19.49471067039982 0 0
19.88074140111645 19.79935896383614 0 0
20.18300958108128 20.08055889735992 0 0
30.99850615909637 30.98033640675146 0 0
33.10423725084861 33.08967322774755 0 0
34.26871800474547 34.25968415569945 0 0
34.38377365684131 34.37685773629124 0 0
34.77183002799303 34.77110108099401 0 0
35.11911892963695 35.07285336647801 0 0
35.60628488764577 35.56122500699158 0 0
38.28982856736916 38.2423642977199 0 0
2
4.428516110153431 4.3676432408121 0 0
10.3920793762874 10.36614715905721 0 0
14
6.136752728608947 6.014865819045368 0 0
8.389175507429323 8.365613416695917 0 0
9.609171221871561 9.603264084335393 0 0
9.756528376710156 9.742186799905159 0 0
9.894902498556009 9.856551526216768 0 0
17.92811688992389 17.92484627393532 0 0
19.53544123269093 19.51960843738942 0 0
24.08857520234306 24.01374431231224 0 0
26.29596614190617 26.27381841056926 0 0
26.80284556731293 26.75505893361212 0 0
27.26782259770476 27.1345274619623 0 0
27.99913831293138 27.9942208846041 0 0
37.79755504415115 37.77031980506511 0 0
38.61201963294399 38.58370078310333 0 0
0
3
20.42880776402595 20.42761476469562 0 0
29.70937056995477 29.704998706937 0 0
33.88418427553408 33.8701325985072 0 0
18
0.3633583105594766 0.4138616382070576 0 0
1.206142175894002 1.242073845795614 0 0
2.277187883703432 2.610721884096906 0 0
8.59017386153838 8.759556490967991 0 0
9.269216201034503 9.365098847008522 0 0
11.92326081200837 12.04062754339498 0 0
12.09583421871254 12.2200872113153 0 0
12.3998118109391 12.55471097724533 0 0
14.77543696728263 14.78506555594318 0 0
15.64338510985128 15.83373055579385 0 0
16.92447079118958 17.089377511111 0 0
20.55881099039443 20.61146336589941 0 0
23.54969694171907 23.56134955606717 0 0
26.13973188935867 26.23332510975259 0 0
28.84500211251651 28.8651759233162 0 0
30.77252739616572 30.80080271432667 0 0
35.18486176288418 35.19062004654797 0 0
36.9881197013826 37.12162613036915 0 0
6
18.99340616548182 18.95171798654209 0 0
20.59543590786175 20.54581717674561 0 0
21.32426638210713 21.30197825449351 0 0
24.2587561008354 24.25066053033966 0 0
26.14793433705599 26.13198962167509 0 0
37.48645985946191 37.47228704693627 0 0
24
1.185206178101185 0.1895242979806067 0 0
4.259594625931468 1.299694284264223 0 0
5.529327263168144 4.452369470909141 0 0
8.835912234652753 5.636596954310178 0 0
12.02890699268526 9.075338705962972 0 0
13.09968629848348 12.03133663397763 0 0
13.88704670601994 13.10738054611189 0 0
15.94769880440322 13.89711449020931 0 0
16.40036254345328 16.01262325553167 0 0
17.16627228865723 16.4998607238043 0 0
18.73884471201866 17.20719658099546 0 0
22.11707576399929 18.84127003540627 0 0
24.77677984964579 22.14700624128386 0 0
25.56465632998932 24.83090330154561 0 0
27.25060675570258 25.85588428725086 0 0
28.90152832344284 27.31494089137173 0 0
30.0578064478074 29.17696475225992 0 0
33.43689935133134 30.34068502487501 0 0
33.46721161477649 33.45693874498485 0 0
35.78285000144641 33.49880597870526 0 0
36.33110229525354 35.80006595263051 0 0
38.06659108685385 36.39215720345744 0 0
38.63713267616247 38.22950393028307 0 0
38.65762502804541 38.6571297280762 0 0
