# Status file for ctqmc. Used to save all times t_s, t_e.
10
2
21.19556855756452 21.16108795105447 0 0
35.35474967635671 35.20868990911572 0 0
3
12.87386327689434 12.799529950806 0 0
27.32926565265693 27.26139708848984 0 0
28.27618657704967 27.77178829736702 0 0
22
1.141623006438529 1.084232883870783 0 0
1.907634836709555 1.739227257624849 0 0
4.355092841425346 4.225615749709462 0 0
7.901535222765554 7.899012621678866 0 0
8.024177958879953 8.016184823538559 0 0
8.543567972391978 8.491811694121235 0 0
12.62495671558561 12.62370472412938 0 0
14.55792824047962 14.53538868882843 0 0
14.99752099210575 14.94363219260173 0 0
15.18609308819749 15.06958001167739 0 0
22.35150989760825 22.34340172526554 0 0
23.28364211327246 23.27481559669388 0 0
24.15486565666032 24.11547268701263 0 0
25.57756486383573 25.54414827740853 0 0
27.80350177255955 27.73561835450562 0 0
28.93432874747155 28.92420329985299 0 0
29.51330067863883 29.51037484630701 0 0
33.34641824116363 33.22873822932109 0 0
33.43787064132858 33.40836582471762 0 0
34.33533212901451 34.29934634329485 0 0
34.63082722714864 34.62856563874887 0 0
38.1311341612842 38.12396488848074 0 0
3
2.078812490960213 2.052928233808373 0 0
17.20142539994122 17.15633907301141 0 0
31.25727835537754 31.24002836363937 0 0
17
4.014592945054836 4.01408138941522 0 0
4.606906011975022 4.592558119189906 0 0
6.731577860382705 6.712827042914915 0 0
13.47187740252454 13.39699077178895 0 0
18.66817359999192 18.66693916585215 0 0
18.80116582535117 18.71135271913494 0 0
21.26408054752336 21.25251810690254 0 0
21.65364327802746 21.58573239413024 0 0
23.43246850693726 23.40962529687194 0 0
24.0551150956612 24.04426237187896 0 0
31.30714627793353 31.30242511164413 0 0
31.49654054445076 31.4599807361188 0 0
32.40167584097738 32.35885774750597 0 0
33.2828003436062 33.2650127571866 0 0
35.08181279753826 35.00008346917362 0 0
35.96349583652167 35.92770821587382 0 0
38.08061835617433 38.04975707435799 0 0
1
16.15526435317338 16.1519670145566 0 0
2
16.66641448427423 16.41788093237484 0 0
32.86297806735746 32.82151448097081 0 0
33
0.2434851335310668 0.2703946001445568 0 0
0.3791351336960826 0.5622862050234259 0 0
3.224964483332047 3.279502329734804 0 0
3.566230870072347 3.603223103878328 0 0
3.70878089517928 3.767353552891096 0 0
3.84616231415004 3.887039361694884 0 0
4.693121651542102 4.697657593515331 0 0
5.02273727160237 5.075214125750609 0 0
5.093051166532838 5.129493719746193 0 0
5.211901307099446 5.32855406487655 0 0
5.412147021332951 5.779210733213229 0 0
8.113965416046511 8.130309743184524 0 0
9.974874760720917 10.32701170861102 0 0
12.72005917389327 12.72563463756567 0 0
13.13209373776927 13.14265889709612 0 0
14.49197050147095 14.56468646806279 0 0
14.71260330061863 14.81151745663069 0 0
14.89199239740381 15.00013876381044 0 0
15.11655662710797 15.15622552587883 0 0
15.65208557674422 15.92323886533282 0 0
15.98165490846599 16.02530626483711 0 0
16.18283494922246 16.441704156557 0 0
17.32160255443886 17.41445623155991 0 0
19.29387621739743 19.37198490376699 0 0
19.39841966092123 19.51737772000959 0 0
21.58652198545919 21.87072763727522 0 0
26.22529721908867 26.25738640424393 0 0
29.68116717818472 29.72594270345144 0 0
34.99753279573684 35.06345728609767 0 0
35.07077959188764 35.1544523251828 0 0
35.1827025199123 35.2641308491908 0 0
36.22891716717007 36.26286511443227 0 0
37.25974497530727 37.28197298336294 0 0
2
12.39302389215132 12.20127970135484 0 0
21.48103043749871 21.47971393384529 0 0
14
2.539028847964019 2.675601372893119 0 0
11.51605913590292 11.62353236170174 0 0
15.15605638043317 15.186245607262 0 0
16.08742361966223 16.23394447616401 0 0
17.00630710819414 17.04699268268479 0 0
18.28684266292627 18.55288992121146 0 0
20.08356397695432 20.2946401177636 0 0
21.61077669648041 21.61146680905011 0 0
26.35014013291648 26.60826388632527 0 0
34.36290503149797 34.46722554280839 0 0
36.15944695987599 36.20640389892801 0 0
36.39497435021481 36.39579485093011 0 0
36.56187756525941 36.60701702704569 0 0
38.30583464318501 38.35402053729759 0 0
