# Status file for ctqmc. Used to save all times t_s, t_e.
10
1
29.50283534494964 29.47713632260758 0 0
2
16.84367764671951 16.67493266901759 0 0
29.89618701946155 29.86811413249627 0 0
27
0.6576685639691107 0.751976721660185 0 0
0.7617311902987054 0.8311718678577671 0 0
0.8368247952265166 0.8768988365922377 0 0
0.9350418791798414 1.013916795813842 0 0
1.468698443560162 1.565000159264275 0 0
1.565069905103336 1.667905288474581 0 0
2.579609870554933 2.607520449120905 0 0
4.136148529975199 4.253802480253299 0 0
4.536902015196024 4.583495608333169 0 0
7.214548784294966 7.550255469247115 0 0
14.29636829903605 14.42597855376219 0 0
15.30153270753265 15.32530167526821 0 0
15.85821504334082 15.91002160530003 0 0
16.12084556002843 16.14181174717528 0 0
16.74745862895013 16.78965891699192 0 0
17.67910668521302 17.73779593302534 0 0
20.93495663169323 20.96053244939623 0 0
26.93644043944087 26.97836067379663 0 0
27.68681077675037 27.86184222071002 0 0
30.42400939740805 30.49993490671646 0 0
32.59702511729589 32.71674005260009 0 0
32.85595700378737 32.89550376325595 0 0
32.93529262424421 33.01914006149957 0 0
35.64071560145758 35.80499417942312 0 0
36.22090592227264 36.22364930645821 0 0
37.29917035433725 37.48323741917313 0 0
37.51872672577846 37.72715865685009 0 0
4
4.260531525100639 4.235036282024907 0 0
16.40193080650021 16.39113230357329 0 0
21.14005553497337 21.06361566843697 0 0
33.60682077187786 33.56028902318933 0 0
26
1.847079563470444 2.068204662147608 0 0
2.832566947255614 2.91133251203787 0 0
4.212746846039034 4.465489807002855 0 0
5.313112307539158 5.388688852519088 0 0
5.663825339060472 5.879443428409142 0 0
6.250669624657441 6.355392879220055 0 0
8.109631292116852 8.397224416125175 0 0
8.435950072224392 8.581343453822562 0 0
11.79752323814332 12.47512861959855 0 0
12.57798726257571 12.71942510069211 0 0
14.36081930914253 14.53141124112935 0 0
15.51166659655196 15.53660307692554 0 0
18.91906196025312 19.05426735699646 0 0
19.52827880302772 20.29488903859759 0 0
20.78739409411603 20.82679835076117 0 0
22.31441393731759 22.39150928240714 0 0
23.12249887949578 23.27670249175048 0 0
23.29949613781966 23.31480020940711 0 0
28.77779858603068 28.83870066224394 0 0
28.88773698439728 29.31110955598953 0 0
29.44353876060002 29.95956497155905 0 0
30.96240220813464 31.04142078703094 0 0
31.26747090631943 31.40791838008886 0 0
36.38520707936848 36.49428915435098 0 0
37.65778317662076 37.76646428541184 0 0
37.98872558712709 38.04266832264034 0 0
1
28.83373951358238 28.79983365392201 0 0
3
13.39559142760385 13.37607398827568 0 0
28.74846358048421 28.7397915847733 0 0
37.77550752901795 37.57388148744925 0 0
22
4.255479410594576 4.247327572836203 0 0
12.20965245839308 12.20192667634825 0 0
12.41605162405225 12.37983990181415 0 0
12.49256634923357 12.43369495856994 0 0
12.69479242810404 12.66362551972663 0 0
12.84605448495971 12.83120057413293 0 0
14.55571026292847 14.34112888279888 0 0
15.70083274880877 15.68462287371327 0 0
16.9381587302823 16.92926936947584 0 0
17.24819527046462 17.18288775788324 0 0
23.59380089612071 23.58863874252862 0 0
24.51461937325782 24.46237325554048 0 0
26.7138346286621 26.70260043045181 0 0
26.94758615229651 26.94638121583204 0 0
27.30746876834685 27.2968164988487 0 0
28.49131449541238 28.47662093331198 0 0
29.18176416750257 29.17262486931718 0 0
32.54263511693892 32.49190376277838 0 0
35.32582851713888 35.30718966985966 0 0
35.68906743811025 35.65939524290896 0 0
37.02042305282133 37.00728481931247 0 0
37.59427741496992 37.41688143782119 0 0
0
18
2.741906639939529 2.728195568682146 0 0
2.945201705928516 2.93661855314778 0 0
3.801406270580951 3.795765688866041 0 0
4.05442959942556 4.023670698508687 0 0
5.414328840611038 5.4077586218439 0 0
5.43745195039945 5.42030578096704 0 0
7.37130248230255 7.299633982492914 0 0
11.40999313621374 11.38747226305602 0 0
12.15785065012904 12.15753768356741 0 0
19.32103323279521 19.31750609731244 0 0
21.65924395799724 21.65346895622811 0 0
25.04863431437655 25.04465343172724 0 0
26.79004787877339 26.78907582588361 0 0
32.46747361361759 32.41816889385463 0 0
33.82191457501744 33.81538759753476 0 0
34.98240669499483 34.97203871655288 0 0
36.06295009408967 36.03359436845939 0 0
36.81164233986577 36.78781055669181 0 0
