# Status file for ctqmc. Used to save all times t_s, t_e.
10
1
7.70944625668147 7.689298385176967 0 0
2
0.7624776715676802 0.7136284195671152 0 0
7.456027481485686 7.448820033743664 0 0
23
5.146813866813062 5.122329345426994 0 0
5.69670104481782 5.695521335817273 0 0
6.809296085824228 6.806681264288006 0 0
8.033921083418216 8.014169604385385 0 0
10.24268273420408 10.2201577061937 0 0
12.8831378490903 12.53422102388863 0 0
13.59113801216069 13.55709291412072 0 0
14.09134552379221 13.97113397893299 0 0
20.62061261648496 20.6124098964453 0 0
22.37770066775484 22.37632429120098 0 0
22.62079886914301 22.59889333595907 0 0
23.92163691158772 23.76037503432758 0 0
24.02337542738428 24.00738648414549 0 0
24.20390239133327 24.18961406517424 0 0
24.63586075911623 24.63031653511753 0 0
24.82909850514022 24.79790251915069 0 0
28.4580089687425 28.45175751368173 0 0
31.28227583575378 31.24968533326053 0 0
32.37833035349836 32.34931637300195 0 0
35.80478665387742 35.79344015065782 0 0
36.4778125173363 36.47356862958403 0 0
37.68255863608413 37.57270234939447 0 0
38.6604303652245 38.65900317473048 0 0
0
26
1.743111589831386 1.590209238741352 0 0
1.854285530227193 1.777918747673079 0 0
3.343843604734205 3.276852404633843 0 0
3.536175932067812 3.529951046188806 0 0
5.208475164222202 5.111307770866225 0 0
6.840521856073424 6.829585765215679 0 0
7.089111175875184 7.082988501463552 0 0
8.223723126837747 8.209162341332165 0 0
13.38276689582559 13.28613002318786 0 0
13.49029314013933 13.48030810174899 0 0
13.60177695511938 13.53986249741076 0 0
14.36951016182683 14.36419139061673 0 0
15.96085299325486 15.9344214182246 0 0
16.74749517506059 16.59391400762224 0 0
16.76290631410392 16.76193261170999 0 0
16.9764911525311 16.95369811338298 0 0
17.80634365093138 17.79187589202101 0 0
18.08279193500927 18.04472506561741 0 0
21.96916639415576 21.96288087301428 0 0
22.91626716793749 22.75923204627853 0 0
25.00617115086745 24.96203749464473 0 0
27.86151017940328 27.75350741517691 0 0
29.52214881675118 29.49867786242539 0 0
29.98951362604873 29.93223032201649 0 0
34.67770760205898 34.65604919249377 0 0
35.67560826324882 35.66408353296962 0 0
1
23.76046226982008 23.73511675221573 0 0
2
31.11753454546638 30.63948314728202 0 0
34.85719457990078 34.83605850763627 0 0
22
0.3998685137323221 0.5428916223607061 0 0
2.855563564428139 2.913913132981544 0 0
4.330341454704825 4.372031852011144 0 0
7.276852612222765 7.469850071374857 0 0
9.244168286989005 9.33906581286535 0 0
11.25106606263007 11.25988068380405 0 0
11.72945279529292 12.1144679020536 0 0
12.13497286666244 12.55358476529352 0 0
12.68761368885713 12.79823778951088 0 0
13.17452608871804 13.32058161654128 0 0
16.94886074109165 16.99393511580681 0 0
17.68035233100539 18.07447151909945 0 0
20.33154518503454 20.37751935601671 0 0
20.98146994156463 21.06516437883302 0 0
22.46043001248619 22.90044698379587 0 0
26.5790460353727 26.68963468583884 0 0
28.57764355751161 28.73016988998528 0 0
30.41510364640173 30.44801171534244 0 0
30.49349447354089 30.9619448172459 0 0
30.96447609735843 31.15248447037541 0 0
34.86970089444478 35.14952828678345 0 0
37.66297037025411 37.79864253909837 0 0
8
4.682656743476782 4.678778367816115 0 0
10.21985740456222 10.16590005061119 0 0
10.70092569963419 10.69482418330231 0 0
20.9629431782313 20.91567635292488 0 0
26.61923209620078 26.56518221161669 0 0
32.07533818429439 32.03110053073856 0 0
33.45324126489801 33.33830245757537 0 0
38.10690119919819 38.10171745311499 0 0
19
0.8106364306875908 0.9164545064955998 0 0
5.568840152640801 5.753902752150694 0 0
6.335663020960919 6.646792012626864 0 0
6.69238797957088 6.834676983619691 0 0
10.28267459670262 10.72274808669694 0 0
12.51047235492845 12.73502930859056 0 0
13.26171938814463 13.59332804398303 0 0
13.76673201190155 14.20905605334607 0 0
15.0567410687751 15.20134194324565 0 0
17.47442240680428 17.60880285628737 0 0
18.11957769493246 18.14979976150345 0 0
19.63488934037338 19.9131069921099 0 0
27.77058517932654 28.35679923156992 0 0
32.78327931944443 32.82643358019657 0 0
34.2307233182856 34.3532457511734 0 0
35.68392046974711 35.78832016153683 0 0
36.58571353558813 36.84533779690099 0 0
37.87568634790217 37.97898524442108 0 0
37.98304708116028 38.16656433187941 0 0
