# Status file for ctqmc. Used to save all times t_s, t_e.
10
4
2.423754674299843 2.410595128451334 0 0
18.91997249798952 18.90913859543468 0 0
24.43236744653662 24.42450429966425 0 0
30.60925437062016 30.57132930653555 0 0
6
3.634040284197994 3.450083660704571 0 0
11.98047462537161 11.92315199289498 0 0
23.97303779470593 23.94881074371121 0 0
28.31386539263006 28.26114688638946 0 0
37.37939529885207 37.34510119702428 0 0
37.50712990123883 37.46701329074906 0 0
30
0.1276809634394445 0.1056782787288668 0 0
0.856786634551052 0.8219560400404147 0 0
1.576525393158958 1.54298101457529 0 0
3.576255207573968 3.538785813187047 0 0
5.134368419960333 5.126692795389872 0 0
6.416583968459428 6.402134689378839 0 0
6.609306975059027 6.58198918181821 0 0
6.746351058594202 6.741100848126179 0 0
6.752660948008389 6.750321492837395 0 0
6.967155062816922 6.942861520738085 0 0
10.46347864613696 10.3600148323633 0 0
12.16095865221835 12.1362554587555 0 0
14.10431125420481 14.10332499469236 0 0
15.05933891592166 14.32689901332983 0 0
15.78950974751647 15.74219205667818 0 0
17.31690229736218 17.23339952634802 0 0
17.71448143248373 17.68976221028375 0 0
19.24637042404714 19.20050587130151 0 0
19.43404934619218 19.41080263862823 0 0
21.09186245639172 21.00406758227317 0 0
22.75700137744206 22.71622159052809 0 0
22.99430223793594 22.96542194048228 0 0
27.00128871756756 26.99231019500009 0 0
27.45508626316075 27.42974338585248 0 0
29.09711588206449 29.08631401342222 0 0
29.94452662401993 29.91939275762742 0 0
30.13283263571241 30.11372957365638 0 0
31.45989802226564 31.45750570273302 0 0
33.13101363698102 33.11405507909465 0 0
33.97150193336194 33.94028742114076 0 0
1
36.87343081741022 36.8416737885515 0 0
19
0.6136138120064505 0.602796719542404 0 0
1.35948793927219 1.358395911264814 0 0
2.57078171181496 2.536821755056953 0 0
2.995841570694474 2.967857137477221 0 0
9.406527380367343 9.405090651852515 0 0
9.629528670330638 9.605784305759748 0 0
11.81527824561439 11.80390070472518 0 0
12.35493783643334 12.25438661690065 0 0
15.42980545621992 15.41829257942311 0 0
16.4876222485473 16.45229322471248 0 0
21.38301081819493 21.28741622076074 0 0
22.45852140063258 22.4580688175054 0 0
23.40744942169941 23.3308615940841 0 0
26.25336372954906 26.24407014442639 0 0
29.35417562359263 29.27689143013314 0 0
31.60342171202655 31.56273248719556 0 0
34.8633525826954 34.750178422198 0 0
34.99968506999524 34.99658707520103 0 0
36.92110219709492 36.84811446111105 0 0
4
2.530831018345395 2.412493241520579 0 0
3.031775598883164 2.898203194718324 0 0
16.49279814587473 16.48550050360815 0 0
32.70325641422569 32.68742564752267 0 0
6
1.049750669323231 0.874882936946193 0 0
3.082731236567874 3.075344118845083 0 0
21.07998600875278 21.06950150559116 0 0
28.69530458594257 28.66890532964072 0 0
29.50008130555983 29.47455823474591 0 0
34.12074189063148 34.04763558939229 0 0
24
1.647871937272704 1.696702531821828 0 0
3.27701746178036 3.280866535717433 0 0
3.298504069785904 3.306563990227875 0 0
3.344066387736575 3.366320388407853 0 0
6.970161762227913 6.982922037388454 0 0
8.173876443833917 8.222440035144569 0 0
8.781002202331983 8.791770258184236 0 0
9.566031496046172 9.626136464182853 0 0
10.38809041925728 10.7897492505051 0 0
14.21540250315331 14.73562322813912 0 0
14.75740451749644 15.21985813861098 0 0
16.4534994278574 16.72611493726614 0 0
16.99838829292829 17.14420602213798 0 0
17.81356925930974 17.89247892628729 0 0
18.45028211710881 18.65961828739735 0 0
19.76671126038554 19.7908751464264 0 0
24.24161807429388 24.39014918267877 0 0
24.55478342269123 24.59451412088105 0 0
24.60133127346811 24.76671937541728 0 0
25.24829050512978 25.28114899760658 0 0
27.39496410958361 27.55949836263642 0 0
31.76124694541159 31.8400669465734 0 0
34.42116243256682 34.47607635623641 0 0
36.85781609492259 36.91970683230726 0 0
5
4.196753769420837 4.173264798120385 0 0
16.79603647872976 16.6249193937363 0 0
17.05408213762557 17.04929571854252 0 0
34.46137279426832 34.45147389916286 0 0
36.97088299735159 36.93435224853908 0 0
12
2.206485198599307 2.214893851937135 0 0
2.904592375500078 3.208789924117123 0 0
10.53583930227289 10.54085312252162 0 0
12.94160357338254 12.9838449376823 0 0
16.71873013691938 16.82341401943454 0 0
21.62374918596778 21.6440152056388 0 0
22.38453604698502 22.43194098132377 0 0
22.85421658635723 23.10777971046365 0 0
28.66732310953779 28.72869043405017 0 0
31.32926026753713 31.39171457086818 0 0
34.72100127086989 35.10978598008984 0 0
35.76193916746301 35.90344736283777 0 0
