# Status file for ctqmc. Used to save all times t_s, t_e.
10
4
5.585404162778076 5.554421727015558 0 0
12.09645629195639 11.57347993635924 0 0
24.28889134159635 24.21613603015631 0 0
33.51437408462852 33.50757839013174 0 0
3
6.522507716588546 6.48112559740683 0 0
14.00336872520914 13.96112424395274 0 0
20.53477020992567 20.51418686524406 0 0
25
3.598600111664162 3.558829771177518 0 0
4.024508903795089 4.013206279921429 0 0
7.033229638255618 7.025883165218558 0 0
7.205348218816958 7.120918648427902 0 0
9.472061086867399 9.448648188802728 0 0
9.864391700101864 9.838065800682548 0 0
10.02244057409475 9.920954486242362 0 0
10.98131885405486 10.65490954777692 0 0
12.04923277833504 12.04707019860315 0 0
12.60328867826459 12.54286361116984 0 0
12.80696738068178 12.67612387704879 0 0
14.75650688063493 14.75081521827157 0 0
16.78220231022811 16.76976024027379 0 0
17.32065668477291 17.31412805988995 0 0
17.87111543573373 17.8323754115172 0 0
19.13085113146746 19.11491133098465 0 0
19.27023532493587 19.26944334593283 0 0
21.40835694331084 21.38787463876536 0 0
21.48191015275049 21.47549734059367 0 0
24.90581902825142 24.87713901029519 0 0
27.51146358345129 27.48662824993846 0 0
34.31345169891581 34.30255086847874 0 0
35.73596028020482 35.71378112050307 0 0
36.95994570930441 36.86803984431567 0 0
37.24766320133048 37.23461710752608 0 0
6
0.3392063640286551 9.731052342452493 0 0
9.755031663553778 13.18717819051614 0 0
13.23970367942628 21.15413040793976 0 0
21.26125406247004 24.38585744096788 0 0
24.42982204605117 27.20357759327072 0 0
27.25698853399479 38.56426703660049 0 0
24
1.636258446192469 1.633721971652576 0 0
3.712564391520338 3.692496454223479 0 0
4.157701999707741 4.140171924047626 0 0
4.216715569793146 4.174801216871458 0 0
4.27830417746405 4.269011758484599 0 0
5.068726972713508 4.982618997641946 0 0
5.357128859554443 5.354883124305672 0 0
11.88187380553475 11.84205542970043 0 0
13.14421815304592 13.12157996081027 0 0
15.23992959754962 15.23194314208614 0 0
16.12831343643973 16.10008037032411 0 0
19.54095332056744 19.53984223915789 0 0
23.23801214767936 23.23557499408453 0 0
27.1341139124408 27.09512156535581 0 0
27.58994231208216 27.48542302351827 0 0
28.3378530900463 28.23674150855994 0 0
32.27937537622689 32.26952316953889 0 0
32.91519049621699 32.88283558450152 0 0
32.95701533531991 32.94901285802757 0 0
34.62825496212294 34.59083437406516 0 0
34.65585964707566 34.64356741253207 0 0
34.92939413637848 34.90110617167818 0 0
35.5217414889404 35.51621091727854 0 0
36.59110631235431 36.58715001126625 0 0
4
16.27179233310865 16.26683041806999 0 0
20.62101744683419 20.51370550149786 0 0
22.24479958995883 22.07312017880095 0 0
35.87670069764237 35.81448347473084 0 0
1
1.183884931619797 1.143142314173795 0 0
24
0.1914433769916428 0.318495675459954 0 0
0.3546094645568086 0.4072374437874261 0 0
0.5438581534543953 0.5612169285521647 0 0
1.880658164079132 1.885516672246218 0 0
3.408172657535469 3.846223386855052 0 0
3.856151999873627 4.030920779486423 0 0
4.58272098360226 5.275367125203124 0 0
7.110983704863441 7.261080992501785 0 0
10.42268241296127 10.48158468491847 0 0
10.84538995085915 11.02819593490397 0 0
12.00646927888484 12.17880756830464 0 0
14.41660119802252 14.56575681097127 0 0
15.31321920268695 15.400622377428 0 0
16.89100718078375 16.90818299483275 0 0
18.38334018298438 18.45106095829202 0 0
18.81872971661714 18.99294427020622 0 0
19.00167908067223 19.31561948880218 0 0
22.19991647581305 22.27540165422326 0 0
22.48369876891053 22.67332809381074 0 0
24.76401366998423 24.80944194315901 0 0
27.63802260808477 27.89325110518621 0 0
31.51622605872442 31.79871699793532 0 0
31.89298913328233 31.937955827111 0 0
31.98034188900697 32.01923883250338 0 0
5
15.46941470833487 15.45164635851117 0 0
23.30300144197892 23.2500889840409 0 0
24.75620721663218 24.74911988385991 0 0
28.04813576112138 28.04254675385206 0 0
33.09936255683201 33.09907145689952 0 0
23
2.255430202777305 2.635261456032374 0 0
5.438874980033544 5.532123330077543 0 0
5.851320983439591 5.87138312741905 0 0
9.53710969276832 9.545533922770721 0 0
10.1369228286699 10.84106172160963 0 0
10.84154190033848 10.86551709427141 0 0
11.52476385624805 11.56227666276787 0 0
11.82632578774311 12.01778711357812 0 0
12.33192110079177 12.44354642246209 0 0
12.47325753104608 12.65755503875426 0 0
16.1355236553154 16.14656986371744 0 0
16.15855394842495 16.27240885199401 0 0
16.39350409184455 16.45013570661709 0 0
18.66189669241285 18.87746499714943 0 0
20.37802720258204 20.52786750957605 0 0
22.30991265129518 22.31900054059788 0 0
22.68631257994113 22.7065723891527 0 0
24.46910539011371 24.47635687632665 0 0
26.31812255419856 26.33073802562663 0 0
27.75019379693881 27.77342450105395 0 0
28.27315249494748 28.48290165680104 0 0
28.70603843973163 28.78074978511517 0 0
33.55028578182249 33.59953359599815 0 0
