# Status file for ctqmc. Used to save all times t_s, t_e.
10
2
13.89656652440782 13.83770904418724 0 0
18.42885054664039 18.39386723030072 0 0
3
15.6926057755241 15.66707519731261 0 0
16.55184173136805 16.52820453041961 0 0
26.9733459791876 26.94050807495734 0 0
23
1.101921420705292 1.094842125993466 0 0
3.578116397607843 3.57507384875661 0 0
7.974205273583505 7.963416324591877 0 0
10.16109511793822 10.14734366732763 0 0
14.27226120013363 14.24854068591584 0 0
14.46248379312545 14.46021011986225 0 0
16.2076341522593 16.20644168133486 0 0
19.989631064905 19.98228966918247 0 0
21.50639372077389 21.50262355530768 0 0
23.9145019903787 23.80932979314305 0 0
24.81303605458867 24.80514005947194 0 0
27.93739674918417 27.91709546351929 0 0
30.41216408218947 30.39095141886867 0 0
30.58280049137134 30.58175604804969 0 0
31.06279606890606 31.04136782047093 0 0
31.9354433694271 31.8995515160887 0 0
32.21185573147346 32.10420140595815 0 0
32.42856116121839 32.41648159889987 0 0
32.97656232983873 32.94350581987977 0 0
33.68808679424036 33.63290853392412 0 0
34.74734163270712 34.73618185504338 0 0
35.33683137018751 35.33606724115605 0 0
35.92129199182267 35.89661660890123 0 0
5
0.9551065463451209 0.8353924822539298 0 0
16.03137983239807 15.98029327864952 0 0
31.24896436827174 31.23540307062833 0 0
33.45343388534616 33.43898664822156 0 0
38.34627127269837 38.3399601509249 0 0
16
1.366062948963079 1.326385825046139 0 0
2.614199404201782 2.603545915604013 0 0
5.291900324712747 5.240171657093809 0 0
7.61299440683636 7.600246145686727 0 0
7.858033611088088 7.753866659099825 0 0
9.266365046606305 9.264783389523433 0 0
11.10862321681134 11.08749722544401 0 0
13.92454885240725 13.92309929169123 0 0
18.72484962131614 18.71650460070051 0 0
20.59777177784766 20.58828116180758 0 0
23.59067884493697 23.52181981614775 0 0
28.63346093906172 28.55259779696844 0 0
29.96005287893118 29.92893030372713 0 0
30.05032635133407 30.04757079808284 0 0
31.83997815604472 31.79742726640639 0 0
37.77256825610142 37.76528975915123 0 0
1
26.79242869023225 26.78048562731687 0 0
0
20
0.7217267081623007 1.577112755792453 0 0
4.24835316214421 4.282322002660869 0 0
8.933863784211328 8.989168625333809 0 0
9.297005116875511 9.35646002578512 0 0
10.05957435979889 10.24309101866577 0 0
13.58548206736888 13.64142116995615 0 0
13.71711656481949 14.02239728022349 0 0
14.0685443162653 14.07736411222603 0 0
15.48733003649362 15.62238850126273 0 0
16.22663464212359 16.6592994138096 0 0
18.26794080317136 18.29523295933841 0 0
19.45113096967158 19.65835632384128 0 0
22.59386995786786 22.69318880608797 0 0
22.88483774898592 23.04022391293818 0 0
23.46793793248158 23.53536591813834 0 0
28.89271300022933 29.06999843413852 0 0
29.07287578945953 29.19532111938256 0 0
30.62707393423053 30.67414309128325 0 0
30.81843571193133 31.11490228931391 0 0
35.1666904409124 35.19308696580181 0 0
2
7.386996220490243 7.361022706193388 0 0
32.73819043804352 32.72796891837887 0 0
28
0.6381358647203896 0.6484313230782808 0 0
0.681905623922115 0.7373921876894087 0 0
1.611833701149198 1.629295081440614 0 0
2.6926924109995 2.760348146411722 0 0
4.774056720294231 5.185145479021881 0 0
7.008014761557133 7.09705865746374 0 0
7.169541217632373 7.184278164479406 0 0
7.188378103978102 7.570412692154283 0 0
8.214462490650934 8.381840734770481 0 0
8.583816140474157 8.631571134054445 0 0
9.294077697655968 9.542582437369848 0 0
12.4653714030884 12.5467049896046 0 0
20.50234229936995 20.63770561725078 0 0
20.74463433207525 20.7591971745163 0 0
21.54624157079899 21.70787216143845 0 0
21.93938999092317 22.17779631131626 0 0
23.34128029786298 23.43043332002196 0 0
25.49436904612173 25.56314053391426 0 0
26.84303380900042 26.84428573396336 0 0
28.53946514169042 28.57933092538349 0 0
29.82288571123802 29.97566826185548 0 0
30.00766420628504 30.11731741163161 0 0
30.81640893821393 30.82266125353041 0 0
30.99059773645455 31.04700632343798 0 0
32.10396832777582 32.11225855096288 0 0
33.18029280374385 33.25085962865691 0 0
36.58158668668687 36.73502742128655 0 0
37.04090920001774 37.22301555302403 0 0
