# Status file for ctqmc. Used to save all times t_s, t_e.
10
5
2.800191087931552 2.715929135673143 0 0
3.686943348724341 3.678329223337172 0 0
12.66849732749848 12.66656172611599 0 0
33.13816916693362 33.07676541311605 0 0
37.98073182499891 37.94730537054826 0 0
1
19.5352974361785 19.50035586938667 0 0
25
2.879648485659117 2.856105952182238 0 0
6.003115497506517 5.982031667688144 0 0
11.42151378778768 11.41550411858843 0 0
11.62984567327259 11.62859774068579 0 0
12.94286777385313 12.92425191582906 0 0
15.26841624839753 15.26346422817499 0 0
17.72592219692583 17.72534351698155 0 0
18.80420326878399 18.78052876367983 0 0
19.58234911432377 19.56936069484352 0 0
19.78494956269829 19.72575244885094 0 0
20.05933424638233 20.05603215069127 0 0
20.52857179712689 20.51518660927563 0 0
23.2818650519038 23.02313337752827 0 0
25.41290310688367 25.40736305360067 0 0
25.89848116332483 25.86531956939614 0 0
26.60366274301342 26.58061126810366 0 0
28.70244896862137 28.66998150322146 0 0
30.37847068731273 30.37024775937753 0 0
31.07088326549826 31.06973062153033 0 0
33.11055086559031 33.09478974812428 0 0
33.89427032728811 33.87455135834253 0 0
35.50647708581585 35.49289246454255 0 0
35.62534306866316 35.54504369150395 0 0
37.01825869246105 36.95127314708024 0 0
38.2530760081165 38.22113357677832 0 0
1
5.611639097153697 5.562005277256795 0 0
12
0.0254995988733171 0.005174916467915125 0 0
1.057688021572717 1.054061886355082 0 0
5.484406933934474 5.454514393983855 0 0
11.17738116007224 11.17309111655506 0 0
14.07365641749389 14.06964286303122 0 0
28.14817893129935 28.11933269227715 0 0
28.9991513694933 28.95918454337247 0 0
30.43038983420445 30.24354200631701 0 0
30.46852288469636 30.43541697974693 0 0
31.17348540280618 30.69818273958193 0 0
32.85937109757927 32.85927780307733 0 0
37.67035241473133 37.62051069955798 0 0
1
15.30761145298661 15.282130090266 0 0
3
13.63101197198899 13.53713212172893 0 0
25.34626496128249 25.29221980511993 0 0
26.40827600046384 26.39930074171115 0 0
23
1.772379321654211 1.797407787050602 0 0
1.964856282789548 2.01204292613611 0 0
2.709191200610247 2.881233119581934 0 0
3.434041055749018 3.593844829666614 0 0
3.630198083723799 3.806665095758816 0 0
3.854055793149682 4.207097779944421 0 0
8.140186675432428 8.275351095926636 0 0
8.592203914222591 8.954786169998608 0 0
9.173212193395958 9.30236560543791 0 0
11.77794003597299 11.85835657808604 0 0
14.47375701438647 14.52153910553048 0 0
15.40239921512636 15.40736640474019 0 0
16.45982351102949 16.59886424406013 0 0
18.95571516609484 19.3376267521857 0 0
23.02046912615226 23.30279637852207 0 0
26.43949753150643 26.58163803337333 0 0
27.61597823785984 27.91790067440541 0 0
29.10391951133808 29.17853120935971 0 0
30.23682270132138 30.4129706682558 0 0
30.41423360657674 30.42231200300383 0 0
33.48995783519182 33.76334476400266 0 0
34.69169520125323 34.72784421996062 0 0
34.88014200960525 34.98003888172551 0 0
2
23.31514382788831 23.12492391012282 0 0
27.81034805794479 27.74583588504096 0 0
29
0.6552214218817622 0.7208367177828776 0 0
0.7614572671976835 0.9243154544027288 0 0
0.9737659968621002 0.9806267492557446 0 0
4.315329334068926 4.359647799619098 0 0
4.507498110398033 4.516557494985261 0 0
6.685558405681881 6.887031688315646 0 0
9.06013202691403 9.117442548800575 0 0
9.873747782596059 9.93401796200626 0 0
13.74900378991331 13.75304856729467 0 0
13.7854505522966 13.83032741461426 0 0
15.16603364631673 15.18338684706984 0 0
15.85473655139221 15.91183412540815 0 0
17.9316595902349 18.30896438261951 0 0
19.22519027538198 19.23159459231165 0 0
19.44593318600245 19.45628608146066 0 0
19.6815547318783 19.69967163231138 0 0
20.89015708677429 20.93948668171838 0 0
21.00131863948559 21.00782676080215 0 0
21.1110162204897 21.13048538389427 0 0
23.99875845296314 24.24645621810931 0 0
24.90062594822025 24.96185241421687 0 0
25.83059965397883 26.00113937745601 0 0
27.08812674294996 27.11684622491537 0 0
27.11701378192116 27.3486345808135 0 0
31.44783474943037 31.46623530558584 0 0
32.52288038649856 32.5353510212752 0 0
32.77838739798917 32.88950458863318 0 0
37.04671589223974 37.45308670947697 0 0
38.40012391740215 38.5758527356508 0 0
