# Status file for ctqmc. Used to save all times t_s, t_e.
10
2
11.1992519167484 11.18400039737212 0 0
19.61154908126249 19.55141289774445 0 0
3
7.197479977317229 7.138958718649356 0 0
13.02365070665068 13.01455489278135 0 0
35.26055146832238 35.24933755270069 0 0
22
0.406864554220661 0.4025796697490236 0 0
3.1756953691772 3.172578211850773 0 0
3.923585481414624 3.922284200839849 0 0
4.332725144865141 4.278221690675622 0 0
5.630796305049705 5.587648726491729 0 0
8.441690463895757 8.383369697668824 0 0
11.32545941053268 11.31277754567153 0 0
13.88278944404035 13.87006103037799 0 0
14.24609985232117 14.24227351360538 0 0
14.69784238840879 14.66972900910508 0 0
17.84603281380211 17.77130116608668 0 0
20.04702590261333 19.91949694946048 0 0
26.8148335590271 26.80440087095983 0 0
27.20034100255302 27.18540762177495 0 0
28.60661339313976 28.32123279826876 0 0
29.27917346790186 28.97689960097895 0 0
30.34709603104465 30.34113993719058 0 0
31.31141545087602 31.30683470410582 0 0
34.48796038633983 34.39684559457051 0 0
35.43765914773348 35.37760795479659 0 0
35.90983929152365 35.85477044200834 0 0
36.17239447956538 36.12274184363292 0 0
4
15.51956371301564 15.45017331874443 0 0
17.1307905391377 17.09728958149953 0 0
26.45550415761122 26.41364083780586 0 0
28.19503323780652 28.17970080561854 0 0
26
1.008320485126887 0.9767262304192983 0 0
1.310997068050173 1.230224887055431 0 0
2.836220571305943 2.829610057131885 0 0
6.28642200367837 6.264361156657786 0 0
7.122242542395333 7.055610491129301 0 0
10.01006323609973 10.00015935482114 0 0
15.11580384739874 15.10866959665647 0 0
15.62885478669858 15.62450449176919 0 0
19.42730125382607 19.42663146255277 0 0
21.7798949324239 21.77610761263853 0 0
22.02889618237389 21.94598940944648 0 0
22.26352108532047 22.23820105889061 0 0
22.88539655209659 22.8843007292495 0 0
23.84669863038449 23.83908952830562 0 0
24.00468334222104 24.00414747571521 0 0
25.41294349036084 25.40662920085924 0 0
29.13661462583034 29.12296068215563 0 0
30.46836167044019 30.45904629532258 0 0
30.77455961552058 30.52178379825929 0 0
32.52086772987234 32.49791279328625 0 0
33.20907201411085 33.19636196257937 0 0
34.00571857552234 33.99952941250918 0 0
34.62853818516538 34.44975122802145 0 0
34.65729008117647 34.64311395474611 0 0
34.7463165412951 34.68970478757963 0 0
38.44843642505197 38.40823383520046 0 0
4
4.442602257004687 4.424913884705042 0 0
15.21377332706923 14.92821540805648 0 0
17.86228461620563 17.78678634455351 0 0
32.46612942325043 32.44240808164654 0 0
0
26
3.890970744520314 3.93525547000815 0 0
5.142540280719038 5.16213164034523 0 0
5.882709207698714 5.937442874840635 0 0
8.505650248638021 8.571605049898789 0 0
8.876578423842801 9.068785780279699 0 0
10.20253372289919 10.29230999584595 0 0
10.32596600285043 10.42332156955262 0 0
11.20962366675506 11.21861295354749 0 0
12.35013577545936 12.86771630165608 0 0
13.53290781218583 13.54463909881653 0 0
14.78910303885222 14.7995945014923 0 0
15.04389908824412 15.13549425195431 0 0
16.43845783431577 16.48140423025498 0 0
17.96354169324597 18.13996673426762 0 0
18.16171865836159 18.27797399193797 0 0
18.54790111926166 18.62181216358001 0 0
18.67091306552924 18.72017886594465 0 0
18.89542691416317 18.95109717644756 0 0
25.17668696124956 25.32029799724114 0 0
28.28182728027646 28.50676586783054 0 0
29.45368151984076 29.49050173281023 0 0
30.79034382929741 31.3226613974438 0 0
34.95326836637646 35.15628755676317 0 0
35.97947080099242 35.98095909349514 0 0
36.56604848542661 36.7674173209568 0 0
37.39210410390461 37.47010604151527 0 0
2
21.06145484161075 21.02102646371065 0 0
23.74090888486786 23.64077417408055 0 0
29
0.009422922562407621 0.1290835480662962 0 0
0.2700202353366278 0.3043509491130539 0 0
1.23444248069636 1.357216525478766 0 0
2.165188574966153 2.47546227804288 0 0
2.480486038811364 2.483030488915957 0 0
2.930251486011436 2.969695254425829 0 0
3.717506839393873 4.079486352151374 0 0
7.737483541610165 7.786764179105433 0 0
9.556954961451426 9.671465513854825 0 0
16.1351341101409 16.33139385656485 0 0
16.45649850388751 16.71564858176119 0 0
19.17709295934097 19.51594448820082 0 0
24.62607217113392 24.64562866449282 0 0
26.77567292206055 27.29429421110342 0 0
27.72186417198761 27.77386897459401 0 0
28.85498202127096 29.1689975940996 0 0
29.25811697062664 29.26861887861996 0 0
29.41250312889244 29.56037383226912 0 0
29.8035333243817 29.90283569109149 0 0
30.58061447159784 30.65317573959323 0 0
30.66788554574369 30.68045348528766 0 0
32.88930854262659 33.05810719433835 0 0
33.10006224253939 33.1502042635009 0 0
35.70022141488457 35.91453431741144 0 0
36.14827415574569 36.24191551820561 0 0
36.26777918622623 36.54739693183367 0 0
37.77232258125291 37.79383548024325 0 0
38.00482608137991 38.13083704698465 0 0
38.24898629703144 38.34415426947869 0 0
