# Status file for ctqmc. Used to save all times t_s, t_e.
10
1
25.02716115649396 25.02670269440947 0 0
2
23.14566951152355 23.05897021409073 0 0
28.30642365313145 28.28780687356549 0 0
22
3.213208662659014 3.279621820481563 0 0
4.350356466182258 4.424615338381067 0 0
6.659443904242577 6.853228381299 0 0
9.995750958457675 10.1743856954751 0 0
10.21917530288904 10.22757429647682 0 0
11.7156832483479 11.81402996577914 0 0
12.39082970104213 12.40119989021195 0 0
12.57973080369659 13.75118683159342 0 0
14.08109522285605 14.13254878557816 0 0
16.03042609363472 16.10983788910724 0 0
16.34845874018956 16.35865196257643 0 0
17.34700481020772 17.46889264802198 0 0
21.43286484277792 21.54325394061566 0 0
23.70872733142239 23.71894387266624 0 0
23.74195280046474 23.79959258197339 0 0
24.5757747831289 24.63804579466815 0 0
25.96781145565246 25.98301241792231 0 0
28.85139952719813 28.91451723574515 0 0
31.66397014090864 31.82050935069409 0 0
31.87312560444348 31.88390043341522 0 0
35.05121593336966 35.20649220880748 0 0
35.95813111881395 36.05503629901116 0 0
1
7.300431380037843 7.246685872085525 0 0
18
2.947842424546139 3.02681091268376 0 0
3.324107808017771 3.384620742297673 0 0
4.300241316570799 4.325633287165399 0 0
4.380606764006728 4.513679912252321 0 0
4.550092949269051 4.679450323691383 0 0
6.111516727249851 6.186449220878315 0 0
13.71501920535133 13.88761336829769 0 0
13.89361688832446 14.20098399356595 0 0
19.77918872011306 19.84512160426161 0 0
21.76329569689107 21.76591534535506 0 0
21.84099503307217 22.43179778945279 0 0
25.71223460670533 25.92904803303133 0 0
29.69267838473177 29.82999503217182 0 0
31.18354865082557 31.29969088049746 0 0
34.41222735635399 34.69030133208337 0 0
34.79046277788656 34.91659039370073 0 0
36.14181616517322 36.39474020213348 0 0
37.83354178410481 37.87874747530118 0 0
2
6.757959780512763 6.72696517974089 0 0
28.32223938507466 28.2977399140012 0 0
2
24.78506960616273 24.65962019934075 0 0
27.94155157410724 27.87570897367978 0 0
26
0.5277474777463977 0.5078999647378311 0 0
0.7762782092346638 0.7607148489887841 0 0
1.299035929658423 1.153129140015307 0 0
5.104532118986892 5.101940734520093 0 0
6.203331419040063 6.198388333218244 0 0
10.44911195303365 10.433115516451 0 0
11.74563724751365 11.73781361191925 0 0
12.17184688311705 12.10939711421316 0 0
12.83402297480279 12.71827900149681 0 0
18.31286886049142 18.30714856526837 0 0
21.16707288083638 21.11653848147384 0 0
22.21358055287843 22.17301278164263 0 0
22.32584211075514 22.27191647933707 0 0
23.32286099726786 23.31299243135652 0 0
24.17389767194262 24.16916467865825 0 0
25.19779518059605 25.1803729311884 0 0
26.62672364026226 26.62555056186887 0 0
30.67584283030804 30.67329663637788 0 0
30.90603319534284 30.89358638696602 0 0
31.15544765404475 31.14346402827397 0 0
31.65594392672803 31.52630169741464 0 0
33.47265974029916 33.46438735477417 0 0
35.54675152803148 35.46832481426226 0 0
35.69218650615336 35.67548356734596 0 0
36.5914080875264 36.58217292756515 0 0
38.33949036853101 38.21391563278495 0 0
6
7.373770476099423 7.326116962350689 0 0
7.893803960794187 7.818350067896721 0 0
17.48094099391971 17.44289111345812 0 0
19.17084684359302 19.09303048670607 0 0
19.40845125126433 19.40616396582806 0 0
31.80729047981908 31.79618678164406 0 0
22
4.001888112963159 3.946376263861946 0 0
4.238277703045108 4.236650345017305 0 0
8.988792198389557 8.979481664470651 0 0
10.16853935247526 10.15272135580937 0 0
11.33950763465416 11.32621002192214 0 0
13.25395207417277 13.07242298146165 0 0
13.7000724828041 13.67980943104716 0 0
13.95270431648046 13.91682610098245 0 0
14.79491029758532 14.75987342798134 0 0
16.88355255259717 16.87458750044371 0 0
18.42551938722356 18.41229110622904 0 0
27.08993098579897 27.07608163208189 0 0
31.04547402651375 31.02269265220394 0 0
31.9083103951468 31.88144004628112 0 0
32.40929793617626 32.36359229317405 0 0
32.50796674835585 32.44021403215798 0 0
35.21672668935543 35.07974391156976 0 0
35.42366457558865 35.40802996760833 0 0
35.61291304177109 35.56332146258288 0 0
35.81092544093118 35.79565626171543 0 0
38.04407566183123 37.97614486140226 0 0
38.46683096309085 38.46630068900768 0 0
