# Status file for ctqmc. Used to save all times t_s, t_e.
10
2
8.804448626154649 8.73519812238483 0 0
26.37451549061426 26.31248767432296 0 0
4
6.137542933249032 6.12816861665317 0 0
6.647412883194235 6.606582710098522 0 0
8.640061518292434 8.639869046355484 0 0
19.56452590095341 19.53872609116702 0 0
23
1.197815665014116 1.276858358635785 0 0
2.683842328006122 2.698491680109928 0 0
2.743505609246654 2.749496816254608 0 0
5.104486551099041 5.144230821714282 0 0
6.525207113673562 6.889078478286226 0 0
9.38533298425935 9.438316663838158 0 0
11.1626449289772 11.45901475467827 0 0
12.75814860383157 12.83142193180824 0 0
13.70375361730302 13.92416202362683 0 0
18.74026935585302 18.76056242016689 0 0
21.45466613799374 21.93441759192401 0 0
23.97239454425662 24.22305126457574 0 0
25.72934130097767 25.77421365011372 0 0
26.04157987874345 26.11849283176412 0 0
27.45857201413019 27.5027532996022 0 0
28.0844040720944 28.20818945106442 0 0
29.78515920374981 29.94308008163437 0 0
30.44804183108925 30.44880451660783 0 0
30.45361587166927 30.78707666778693 0 0
32.39325095647281 32.52349371023307 0 0
33.31963351815448 33.36138018506443 0 0
34.99680696691899 35.1997976298474 0 0
35.91268550608629 35.95216879042601 0 0
4
22.1257577243124 22.11574025383287 0 0
33.12564343757588 33.11516947389513 0 0
34.88240874600236 34.88019812244193 0 0
35.77999478627894 35.76875268558581 0 0
15
0.5979967502812542 0.7230407243200064 0 0
2.126364072644361 2.217512730623365 0 0
2.640245405810313 2.647805636151266 0 0
6.276396585690625 6.286113482554546 0 0
10.41645863844499 10.65957153910606 0 0
14.13882140013361 14.33620561698102 0 0
15.26667488253788 15.27050040134778 0 0
16.3121816431846 16.36940581524034 0 0
17.90996563001658 18.0004593262212 0 0
20.3491881277634 20.37607387166226 0 0
23.07027708944382 23.36916646943995 0 0
25.60241851771035 25.60806780265305 0 0
28.70067519368432 28.84903675828023 0 0
30.48521600853397 30.53370856104793 0 0
33.23148980735132 33.52774742035395 0 0
5
10.59367701061954 10.58254852799041 0 0
14.75277894800166 14.6978898389409 0 0
25.58342593802874 25.4909291173225 0 0
33.4544676777264 33.32024023570668 0 0
36.01787446418176 35.97709575523683 0 0
1
12.13011710347601 11.94627001972897 0 0
18
0.9862766471254858 0.943604134707158 0 0
1.462713897437027 1.452039932093248 0 0
2.595076920848742 2.535328290004428 0 0
4.451247809709409 4.420656250420844 0 0
7.564728381379778 7.493697924758413 0 0
7.953547779152747 7.952005158373542 0 0
11.41795706701983 11.25292339921556 0 0
15.5923082129488 15.58173025137582 0 0
17.15499869541859 17.13866769291236 0 0
18.9976591286532 18.99592836790957 0 0
21.84410545339982 21.43398121763554 0 0
22.12752215436839 22.11632604713663 0 0
25.193340158759 25.1874510060999 0 0
25.2757915323162 25.25568445330443 0 0
26.9850469826558 26.96207031061328 0 0
30.14253165315244 30.05138003860644 0 0
32.25561105041903 32.1840441317847 0 0
35.62170073226372 35.60472036586174 0 0
1
18.50220581371251 18.45277800179901 0 0
26
0.5217068890374438 0.5061482829858075 0 0
0.7362998607858913 0.7052246991620399 0 0
5.115064901395877 5.09770777084651 0 0
8.941908529331801 8.899790014201193 0 0
9.895784927372246 9.819850522209755 0 0
10.61670892347725 10.59059919833976 0 0
11.19426947621388 11.15977643727589 0 0
11.24956150737683 11.20221792914501 0 0
11.33111727390384 11.30834762911322 0 0
13.42950778704617 13.39633670004991 0 0
15.16180034256721 15.15476756320886 0 0
15.36138142287295 15.34897258204294 0 0
15.43141660249395 15.42301050174389 0 0
17.89984599537033 17.82496554554909 0 0
21.16070008159698 21.16056889260382 0 0
21.26462458828985 21.22586273120442 0 0
24.09084940760455 24.01294805832212 0 0
24.42394345002071 24.40374573873101 0 0
28.2252494309238 28.22519880743075 0 0
28.8996237219126 28.89010992018697 0 0
29.95068046716364 29.90786468113353 0 0
29.99971513279743 29.98622306636732 0 0
30.70626925534799 30.50223690290424 0 0
31.75332427423891 31.73022068539444 0 0
34.74825962921724 34.74760420811303 0 0
37.58955525063065 37.58419566622977 0 0
