# Status file for ctqmc. Used to save all times t_s, t_e.
10
6
6.195523610408301 6.157004017915076 0 0
6.951949253622241 6.591261854041463 0 0
23.58753260521102 23.57716175326554 0 0
24.70361645005373 24.70232338723754 0 0
27.71661955393628 27.64321597057851 0 0
37.98811621669931 37.97205060248778 0 0
1
4.516167794585386 4.471600341659838 0 0
13
2.927167483874042 0.06143195295363313 0 0
5.032057241349622 3.103271217796331 0 0
6.886578722386762 5.128562739701763 0 0
14.20410980855711 7.010638853880344 0 0
19.15211295015146 14.45386573778573 0 0
23.43794781242316 19.35527778719506 0 0
24.18268268128816 23.53030876052987 0 0
27.28997660709037 24.5616497853505 0 0
34.56576797869602 27.33912977614565 0 0
35.717293008835 34.63088630071828 0 0
35.74469707053991 35.71846948845989 0 0
36.2874715580235 35.76374116904834 0 0
38.64717530524099 36.6254640536779 0 0
6
7.028282354832569 6.938299606288734 0 0
7.607377837920575 7.604564931107817 0 0
16.0914762638833 16.05865839492606 0 0
16.24909601179998 16.16167347849582 0 0
25.96635483260084 25.80458395459625 0 0
35.26629361111487 35.26214723075572 0 0
18
1.781573147059758 1.854988662759731 0 0
4.271353671164133 4.325569924866945 0 0
4.540289985787059 5.181166950065289 0 0
14.90959305192733 15.18471785156301 0 0
19.17007584399969 19.19257634225198 0 0
20.0021097730197 20.01955710255388 0 0
20.87880370232014 20.94001891822312 0 0
21.06142563763356 21.3280732810699 0 0
22.71005149295067 22.79978624559689 0 0
25.69410991222368 25.7272781053954 0 0
25.96869981198968 25.97474374077593 0 0
27.82777359180042 27.92128282758087 0 0
29.31287715666131 29.34134667179164 0 0
30.11040044051703 30.40446799994097 0 0
31.2373620183543 31.37574281618809 0 0
33.87714189024953 34.221374982661 0 0
36.64092358716655 36.87399253182774 0 0
37.6249349369559 37.92713524478613 0 0
6
5.596601313307531 5.537890532625241 0 0
13.49818804360126 13.45268451277153 0 0
18.05347730625496 17.8289755285535 0 0
24.32717275648893 24.17527942111895 0 0
31.1178662012387 31.03948705488786 0 0
35.57295722230936 35.34981876840866 0 0
2
18.92912837187716 18.88035499537428 0 0
30.37650307613618 30.35881667039835 0 0
17
1.577702663465561 1.566728174475458 0 0
1.84971891518938 1.808251178801281 0 0
3.657346222095886 3.632992240757686 0 0
3.96525529042928 3.943985154668508 0 0
5.683424477942838 5.676019545726708 0 0
11.10146264680383 11.01758035624636 0 0
11.31294286645681 11.30578960064488 0 0
11.97192407347417 11.92276939175095 0 0
12.03471164785784 12.02462344980897 0 0
13.52981541176617 13.52243978482181 0 0
13.58929780023709 13.58078307514317 0 0
15.89161427721369 15.79394741379162 0 0
20.75436396286256 20.69558788544632 0 0
21.93229106564384 21.91010912936198 0 0
22.46085403391942 22.43752672186197 0 0
24.86473246743913 24.83065658775746 0 0
25.98213626421091 25.94269019090951 0 0
4
1.261099618445428 1.243989191977327 0 0
4.887851870740101 4.820119301785647 0 0
23.39753277351594 23.38355060027724 0 0
33.25289363884679 33.07675159624804 0 0
21
5.138669897212151 5.024267618522797 0 0
7.219881014575525 7.210492392361974 0 0
9.410193312107538 9.389939374854535 0 0
12.27896043392136 12.26178362157082 0 0
16.38340828927115 16.37259195711467 0 0
18.12708531241084 18.12230624826555 0 0
19.88211705366314 19.86228933123883 0 0
22.00988238038466 21.96999715417614 0 0
22.13404432579749 22.13356687052621 0 0
23.67732749083892 23.65047447819778 0 0
25.35746474528344 25.34289502770375 0 0
26.43977561797887 26.42283951217989 0 0
30.46831318189439 30.45236056661378 0 0
31.86007537483886 31.85853951492756 0 0
34.4814166693724 34.44783446052828 0 0
34.60957749913927 34.6034150912212 0 0
36.66479142694731 36.63147862147951 0 0
36.77323706557515 36.75908555223551 0 0
37.09535296171012 37.09413933803433 0 0
37.89801737627372 37.64456774929299 0 0
38.22669417262846 38.21680403953831 0 0
