# Status file for ctqmc. Used to save all times t_s, t_e.
10
1
17.07770153135767 17.01328968798565 0 0
4
1.895839333253178 1.89205151544013 0 0
11.02570429354411 11.01131222113998 0 0
29.3036576962806 29.29050205672676 0 0
35.17518427717101 35.16511570318948 0 0
26
1.898906946485517 1.894416975640588 0 0
3.111193021733202 3.109545389979542 0 0
3.464968047240836 3.460868985693384 0 0
4.124485286120514 4.078162488270449 0 0
8.308915999578375 8.296072093197527 0 0
8.54414977931221 8.455309005618314 0 0
11.26958570021675 11.17713198548156 0 0
12.08958159718164 12.07358443416488 0 0
13.45111577610869 13.44088146155442 0 0
14.10531533927655 14.04468795757625 0 0
14.8320631583388 14.8185123456016 0 0
15.15222347056972 15.14419667873415 0 0
18.88424157878719 18.85091570592327 0 0
19.98347171193222 19.97925195990705 0 0
21.74198327366226 21.73324209127972 0 0
26.06061877307269 25.98879986384311 0 0
26.99647892015158 26.96254519456059 0 0
29.82311205172492 29.79597315500606 0 0
30.29668802575155 30.25249101220551 0 0
32.43914244884386 32.42884634762493 0 0
34.79093155461887 34.7906326283353 0 0
36.14267982881657 36.12505145469947 0 0
36.4774191116133 36.45387614817044 0 0
37.23278956176122 37.21644617688656 0 0
37.72445686647064 37.69452854283769 0 0
38.20958510368215 38.16932591648102 0 0
0
15
2.517464477213252 2.460016271975879 0 0
4.250999881067198 4.233202617839237 0 0
10.70646020728001 10.69860303157585 0 0
14.0116789241139 13.9855170734931 0 0
19.68567762916668 19.65181104748019 0 0
25.00507261001978 25.00126036786761 0 0
26.18140891392365 26.14363540086735 0 0
27.70375543366738 27.69852344347801 0 0
28.85645452652462 28.84846741893624 0 0
30.40680754771807 30.3984730260043 0 0
33.06432587897424 33.06183356570153 0 0
35.33060371023009 35.32321884882573 0 0
37.1123763623435 37.09806537341971 0 0
37.19719243807874 37.19361321450613 0 0
37.56372274280496 37.55114798687314 0 0
2
2.607317837434486 2.537477871822759 0 0
33.04966835166888 32.96850752906644 0 0
1
30.31244589641888 30.19942255912642 0 0
20
2.019743766828594 2.217919352967102 0 0
7.341661393872017 7.348796342680297 0 0
9.521989254579166 9.53265070698062 0 0
10.0583821404539 10.08096926859799 0 0
13.24921261365011 13.30533013714373 0 0
13.73833816217586 13.76048344717058 0 0
16.51369991946322 16.54881305758959 0 0
16.88526717503932 16.91837414036738 0 0
17.00398353132165 17.02361036275715 0 0
17.40049237777564 17.47437872499617 0 0
25.62680745469635 25.6798665691595 0 0
26.64874463784804 26.80455872500507 0 0
27.61831834795305 27.81450750640901 0 0
27.82939740793594 27.83606960635172 0 0
27.86728754700907 27.87906347877306 0 0
28.88003911927416 28.92600788987484 0 0
32.65830071845171 32.89007697999105 0 0
34.07661685832277 34.16359743734897 0 0
36.38832786197256 36.50760985808338 0 0
36.6679511782074 36.88853164917217 0 0
3
10.45872229668686 10.44297155095843 0 0
23.61866921844557 23.36712604475078 0 0
33.13166616032578 32.94435857043929 0 0
19
0.5616465312969154 0.6633867783798402 0 0
2.997847140403143 3.002444759055185 0 0
3.55662805999188 3.597201756222614 0 0
5.275928406197567 5.286680268991986 0 0
6.756842358045614 6.765852928042322 0 0
7.027263081289031 7.171714829108744 0 0
10.61656239275491 10.95235116831906 0 0
13.41064133166209 13.49540001076008 0 0
17.58625553102025 17.69673995713113 0 0
18.02631488268512 18.36771254029237 0 0
19.80681135034646 20.24443802396606 0 0
23.51903355057906 23.53713264679655 0 0
23.64852649542594 23.70466017083785 0 0
24.06866280908314 24.23778398462414 0 0
24.24698660623713 24.37605522998319 0 0
27.04678813058571 27.05811053001427 0 0
33.1377497837613 33.28511074680634 0 0
35.40313252773135 35.4614228832404 0 0
38.25911472118672 38.40999676498689 0 0
