# Status file for ctqmc. Used to save all times t_s, t_e.
10
2
8.134830064021131 7.674881894809005 0 0
12.61265604063768 12.52749370185284 0 0
3
2.430395410089221 2.420858197401966 0 0
9.126287856020792 8.98194921896415 0 0
29.47236640432891 29.34962984221156 0 0
25
0.8005401336193274 0.9372186237492102 0 0
1.272856972896398 1.28170435394134 0 0
3.463430968254808 3.566709005172435 0 0
3.843239527840025 3.922261000437192 0 0
5.617119620571666 5.983474023633267 0 0
6.183337022386695 6.208390558982925 0 0
6.688087011843852 6.852855052511671 0 0
7.392464477087833 7.468436997514121 0 0
7.474221927529342 7.87076075310586 0 0
8.392092565603136 8.407093636253485 0 0
8.766767295614693 9.128881788036123 0 0
11.09589097514299 11.1332962470127 0 0
14.25614500842256 14.53374353274653 0 0
16.07643380182644 16.18984933790218 0 0
16.2851436793197 16.36171408423135 0 0
18.25540031138736 18.44343890964314 0 0
21.83331374905368 21.88062167353022 0 0
22.75707092377634 22.77224774234615 0 0
22.87508311655843 22.89433528529054 0 0
23.30075854790883 23.32893547904316 0 0
23.75926789439619 23.89651116794936 0 0
29.35080114112693 29.44001805082225 0 0
33.28511014487277 33.38418993930011 0 0
37.61827672519335 37.68388144320068 0 0
38.15940689746581 38.50640169112128 0 0
2
5.10871327828923 5.085636391395695 0 0
12.04673724165737 12.0351975468333 0 0
32
6.612365768457573 6.634972324866604 0 0
6.734708961705209 6.760239137139304 0 0
6.920323864159744 7.171767175258124 0 0
7.749727814552349 7.771359231582424 0 0
7.85371893176523 7.873112920316004 0 0
8.17320268221855 8.293769522863224 0 0
9.619764197078911 9.740313673745179 0 0
9.779471080772611 9.791122816391292 0 0
11.79974655193217 11.9251268597934 0 0
16.3565672638317 16.36178163903284 0 0
16.53023506500095 16.54126240180949 0 0
18.87025854370263 18.96746633536217 0 0
19.48764168951449 19.7292943886761 0 0
19.88831503166328 20.20915123338865 0 0
21.31484942445566 21.3724035512547 0 0
21.37929879559569 21.38599093918796 0 0
24.54364938678275 24.55218345618349 0 0
24.67731218881179 24.73691316731255 0 0
25.90257553397684 26.27951104719081 0 0
27.32037637756542 27.60911588152264 0 0
27.91293227364988 27.93698758491087 0 0
27.9495904193785 27.9523885879651 0 0
28.07118048426711 28.2317065397705 0 0
29.91115064798843 29.91952629328119 0 0
30.19860347300877 30.37243763667623 0 0
30.61131245129406 30.74630796238027 0 0
33.93796627853006 34.00966812187543 0 0
35.24640965211758 35.35485080973515 0 0
35.39926087559716 35.50114606745593 0 0
37.87902337437365 37.94218618224743 0 0
38.36929892354189 38.57063117321004 0 0
38.58684740066413 38.59798551674574 0 0
7
5.111648471956384 5.05307119716626 0 0
20.66850904349896 20.60819682797149 0 0
23.92428482610997 23.91053625895659 0 0
27.82945888536304 27.79185723386005 0 0
30.77689367220871 30.69460272421841 0 0
32.31041894378879 32.29233837521519 0 0
36.84582200180751 36.81344095496914 0 0
2
19.98100449663638 19.89070747564361 0 0
30.79591299750451 30.75156066631624 0 0
26
0.7313486727976013 0.7307464653824951 0 0
1.025668690196568 1.009035149289168 0 0
6.263229287348131 6.203180425982755 0 0
7.577214227453573 7.488954456082236 0 0
10.59648378307932 10.57021658690199 0 0
10.97731142995685 10.93402295002938 0 0
15.0454662762875 15.00581331368403 0 0
16.72887109814386 16.72475262769616 0 0
17.21025267986303 17.20750503478036 0 0
19.30194014713328 19.29306598632313 0 0
19.7119415646445 19.65244165373782 0 0
20.47552743724034 20.45610355594546 0 0
21.28205899415432 21.26523706355684 0 0
21.75925217946393 21.65917411611512 0 0
22.81653572157423 22.71415929290037 0 0
23.44442735057482 23.39607931224813 0 0
24.48711948914915 24.47568914328635 0 0
25.20621807510633 25.1899990549682 0 0
26.14488665034318 26.13206583829648 0 0
26.72039342881857 26.70251120497997 0 0
27.56517773651065 27.50136626139466 0 0
28.47823489092069 28.46278438861183 0 0
32.94251368586673 32.93962017502892 0 0
33.56855885084349 33.47888753356173 0 0
35.29537627002587 35.25582268169921 0 0
38.13592013448406 38.11923785823325 0 0
3
9.087915004933182 9.084310135073189 0 0
9.195941778774774 9.10375365248912 0 0
12.86718651668383 12.85890472070473 0 0
21
1.049605505533203 0.6456283112102127 0 0
3.74857916963642 3.711633025271149 0 0
3.827049453260011 3.773207708531543 0 0
4.235047647366554 4.228887066395218 0 0
5.340562142903599 5.338290648732706 0 0
7.515237711791815 7.465979202636737 0 0
8.504035346612364 8.481587478027265 0 0
14.87379798329169 14.86376206650681 0 0
15.20968418099188 15.20382137394915 0 0
15.48249670663517 15.4739955652232 0 0
15.86839749922357 15.83913079353839 0 0
19.99778647894164 19.97660712024364 0 0
20.61224099090519 20.60757553912303 0 0
21.40421574771034 21.40278800149541 0 0
21.94937550399694 21.88837592251866 0 0
23.11481935714101 23.10632185326676 0 0
23.62511081758156 23.61413679631407 0 0
25.36108387405664 25.32243298137842 0 0
31.63669701483214 31.62059415799611 0 0
37.3741744656683 37.34770136865289 0 0
37.51360640361661 37.4809373569307 0 0
