# Status file for ctqmc. Used to save all times t_s, t_e.
10
0
3
0.2492217880486686 0.2418140456502584 0 0
0.5234969048113953 0.3610019529721637 0 0
21.58748970140891 21.49298396689008 0 0
16
0.3419145431217672 0.2973036602011661 0 0
4.398550915702925 4.37334963363989 0 0
5.162902179516469 5.080361853174123 0 0
11.24581658456823 11.19583397819812 0 0
14.94350473573027 14.93850893622002 0 0
16.14686521669509 16.10833754848596 0 0
16.66326375902561 16.63920889643966 0 0
18.95739263138148 18.93218106034026 0 0
19.08939498363332 19.01735068405414 0 0
27.09285817927005 27.06084415944436 0 0
29.64353541101296 29.4896330266868 0 0
32.74944611848726 32.71081595650377 0 0
33.22961847567552 33.16850062824405 0 0
34.23853174850332 34.23193837397161 0 0
34.75881862053986 34.74708753507841 0 0
36.59886942782489 36.48781355400612 0 0
3
6.066512362289584 6.059119835185101 0 0
18.74967972484521 18.67887181880075 0 0
22.57757933610474 22.46567022362809 0 0
12
0.3720069630452374 0.3682079243200373 0 0
1.511488819200005 1.474282768266511 0 0
4.903911745282531 4.814703724319457 0 0
5.683212596707376 5.477132723904377 0 0
6.610577842526335 6.608149380690026 0 0
8.98104521126756 8.90563564587498 0 0
11.0961297230841 11.06081706775287 0 0
11.85050085993308 11.84478062998151 0 0
13.68636170101771 13.64884182922217 0 0
19.29023437497282 19.27286605588579 0 0
24.01757638266414 24.00684997644493 0 0
32.93053401998299 32.89592548112764 0 0
6
13.47331392095875 13.43698239744652 0 0
15.35027953811254 15.20671360728064 0 0
18.73247502753628 18.72618657274439 0 0
23.26625556944514 23.18347708833055 0 0
26.64766281476312 26.60861824737721 0 0
32.97219394164574 32.96357364356379 0 0
0
27
2.450657135655005 2.59225262238219 0 0
4.74179465897029 5.175512118483347 0 0
6.867574288210385 7.049916010266523 0 0
8.04167783629242 8.067287775561324 0 0
9.593212696104766 9.652211922102412 0 0
11.47086014179487 11.49602529793117 0 0
11.60432068208035 11.60469223180557 0 0
12.48391574134674 12.48477877136485 0 0
12.59395734591965 12.6907797729529 0 0
13.07654510976983 13.26201890441963 0 0
13.77628633956527 14.00866272064546 0 0
14.7331515899131 14.92783718949661 0 0
14.940645004411 14.96839155706764 0 0
15.93276071647801 15.94873771099745 0 0
16.07246375218826 16.12714250578915 0 0
16.71033534270553 16.79384755140309 0 0
18.94295255808074 18.95650187940919 0 0
21.97923883596296 22.04263588039791 0 0
24.68211659835013 24.80222653076497 0 0
25.8772947010466 26.21335199775188 0 0
27.30522241372952 27.38368701388904 0 0
32.59071842990427 32.65988473558748 0 0
32.78649001765286 32.8065627061081 0 0
32.88657715465426 33.05659242954574 0 0
36.04838627357729 36.05839961347007 0 0
38.19545799466882 38.23008415200344 0 0
38.32704772710876 38.48705787021103 0 0
3
1.846475642749176 1.765275563226155 0 0
5.879035749901334 5.864118429420699 0 0
24.66882617791898 24.6589537412392 0 0
19
3.99007161190916 4.066416575825569 0 0
5.972803287401509 6.196614953356898 0 0
6.98749885432755 7.197152001541061 0 0
8.145246435943562 8.353526903030804 0 0
8.38327431833188 8.456531959229968 0 0
9.017974848557156 9.062308831460673 0 0
9.467246250421004 9.485409067613903 0 0
10.90064011730027 10.95234115077685 0 0
10.97418934639923 11.42590123781366 0 0
14.95425684468467 15.02433365452469 0 0
17.83924477021559 17.86709718595746 0 0
18.88118961814577 19.0370440411297 0 0
21.26275671229839 21.38645677239803 0 0
22.67246687973599 22.67356407520134 0 0
27.43172785948681 27.66628893588653 0 0
29.82983203314827 29.88727951904186 0 0
30.00266093492478 30.00485225426111 0 0
31.6314505931571 31.70553245845635 0 0
37.10181709162377 37.44822810656146 0 0
