# Status file for ctqmc. Used to save all times t_s, t_e.
10
1
19.24047998294869 19.19460352227472 0 0
4
4.326274240014683 4.246772344119684 0 0
17.30760599502911 17.17061899386249 0 0
26.22501397685209 26.16722493649898 0 0
35.21295759638531 35.1547099165371 0 0
17
3.72998553622672 3.751921193605424 0 0
4.350576722850497 4.498933454164385 0 0
9.312644083961999 9.431114938028447 0 0
9.635831359428755 9.699114037894883 0 0
10.6970333077454 10.70445572411078 0 0
10.71487759240968 10.71852720609449 0 0
12.03280668451024 12.04718104879349 0 0
12.72025272228202 12.74553863233386 0 0
12.77259006930833 12.85413987749103 0 0
19.07757233827071 19.10375384111236 0 0
25.36409544900356 25.42514955460163 0 0
25.71363424040992 25.82524982310961 0 0
26.04149981653059 26.05462727995147 0 0
28.21303449342445 28.68621519150314 0 0
30.24446712226658 30.27724187803403 0 0
34.06293190984393 34.08243950453078 0 0
35.86736647200797 35.87279286974507 0 0
2
2.324794567260775 2.304059088842624 0 0
25.43144946522838 25.31180973344558 0 0
22
2.997663117978619 0.02350236770313074 0 0
3.632706414049383 3.196448380113395 0 0
4.158303987151813 3.720110522477916 0 0
4.794365785612714 4.182225250981379 0 0
5.43091941340833 5.396587333663001 0 0
8.794096459847589 5.498768840509523 0 0
9.123044366108733 8.852223328852755 0 0
10.81446304084307 9.537863629228012 0 0
15.33191285001524 10.83110993652396 0 0
18.81042186419775 15.5165390502914 0 0
25.51316329579398 18.870315001348 0 0
27.0721938175639 25.52724174305844 0 0
27.90453753490825 27.13508937662923 0 0
29.48698035292309 27.96989758988597 0 0
32.55312716096181 29.50480615176768 0 0
32.89560815265347 32.84593151672867 0 0
33.16971308725537 32.90501240261865 0 0
33.53650458523606 33.24287366997656 0 0
33.77608556125145 33.57449685799121 0 0
36.76574181906699 33.84016204144242 0 0
37.73753162107681 37.16823938109392 0 0
38.47311566649733 37.90838931422989 0 0
1
4.986720147485824 4.9501807193261 0 0
0
12
2.957830212372439 2.956704886897286 0 0
4.40064586054522 4.400465263808861 0 0
7.128476528386364 7.106229712453326 0 0
10.00856122486726 9.984221395493025 0 0
11.45377167266009 11.27720369215601 0 0
21.24029537882409 21.239038678204 0 0
25.39869791266121 25.3692085869908 0 0
25.73979325466681 25.72843759139051 0 0
28.24074328424528 28.17082518916602 0 0
30.43154232057798 30.39396910304467 0 0
33.48834850903886 33.43501808799562 0 0
33.86424749803662 33.84187923631752 0 0
3
15.56859077113982 15.4683450361424 0 0
17.20481114132522 17.19403378895586 0 0
37.92862179371162 37.92748102287032 0 0
22
0.09957968761987956 0.064331075879835 0 0
1.398946487914181 1.376704732379984 0 0
3.637952794003096 3.597374808763385 0 0
5.51608531745461 5.503765289089912 0 0
7.006130793171165 6.993925617067856 0 0
9.942685987863292 9.942383272277482 0 0
10.14633588103604 10.14456416462592 0 0
11.527766682389 11.46774285174155 0 0
13.03961358766149 13.03107473741984 0 0
15.00200095868735 14.8899478507211 0 0
15.33925167933201 15.32642446085132 0 0
19.70170932673637 19.68653872197041 0 0
21.34560720556532 21.2896060768219 0 0
21.75958984047929 21.63929975317045 0 0
21.83490152074351 21.82165173229322 0 0
25.55178036672296 25.54383934111399 0 0
29.51149575841429 29.5094300757768 0 0
29.54927349512079 29.53484245475275 0 0
30.46910257081673 30.46692237521165 0 0
33.42380865592378 33.22692206797319 0 0
35.59411970202035 35.54453249020467 0 0
38.01077482869459 37.96882599290723 0 0
