# Status file for ctqmc. Used to save all times t_s, t_e.
10
2
28.00328877211226 27.77348016318491 0 0
37.21879487209563 37.09101234865133 0 0
1
14.39550253747261 14.36759467138857 0 0
27
5.044866824459212 5.055443406685868 0 0
6.551159482094222 6.739826546963256 0 0
8.074659496383246 8.104799365139076 0 0
10.81752349541025 10.84253709318279 0 0
10.99805410679499 11.04356104863515 0 0
11.11252168219434 11.27309989232344 0 0
11.55494627809996 11.5669840229479 0 0
12.28421671816801 12.36847273307058 0 0
12.37282061665257 13.10397985116098 0 0
13.54660733475364 13.67794579460291 0 0
15.95138933469407 15.96384747819478 0 0
17.10576317626962 17.48192825312092 0 0
19.18630389953791 19.18968818698733 0 0
19.39239191338051 19.56119113771252 0 0
21.32852828388297 21.40643453331881 0 0
23.3523216006842 23.35625489018296 0 0
24.94733161399887 24.95547858752794 0 0
25.47173330520862 25.49172706883677 0 0
26.5067892097595 26.57440098431443 0 0
28.85935661207027 28.88330013896561 0 0
28.91676134115866 29.16579688705599 0 0
29.53426190938113 29.70850560301957 0 0
34.92218549478184 35.18751730335642 0 0
35.43374613680886 35.52930154178816 0 0
38.11662261948478 38.13097567041362 0 0
38.19934138125031 38.22698953020321 0 0
38.24029583678806 38.46601327967671 0 0
5
11.21861698395793 11.21844482201502 0 0
12.61320540024592 12.5613254344005 0 0
12.81349339380918 12.68052561323806 0 0
31.93384755710089 31.91478621852978 0 0
38.22824902709515 38.15455881075675 0 0
24
0.6105697632320144 0.6554694278022808 0 0
0.986108840625574 1.017656314548414 0 0
1.172377038147137 1.208899558495826 0 0
2.866817431556167 3.084161261497511 0 0
4.005138193058256 4.311695968918644 0 0
5.317357416822635 5.444944742573525 0 0
7.677771274183127 7.838235977060254 0 0
11.30539593793592 11.40091998269537 0 0
12.61931521146997 12.7783602737267 0 0
14.66564605292855 14.78892422993412 0 0
17.80404300271896 17.84669923320172 0 0
22.06257885583359 22.08251177461398 0 0
22.82512074883202 22.8434136259219 0 0
25.2306427409327 25.23383049737995 0 0
26.58258155468896 26.61884379170462 0 0
27.00011704718329 27.02378404147833 0 0
30.35515955249845 30.4525169888811 0 0
31.11709053983304 31.19400666615913 0 0
31.21281457750527 31.26932285791066 0 0
31.27749261851673 31.35391678562711 0 0
31.41420653068114 31.97163575184318 0 0
32.17370820405127 32.27481416735618 0 0
34.14654328609701 34.21068083744551 0 0
35.73290757471904 35.81481033918738 0 0
1
2.105632830479934 2.068590802938758 0 0
4
32.12814122505986 32.05282570718463 0 0
32.3845471293438 32.30596582568727 0 0
33.98012458288075 33.97282284227462 0 0
37.26381329325121 37.24650335947408 0 0
21
0.5833121524108975 0.5098442387562159 0 0
3.606444659997682 3.445593086227356 0 0
3.818755450832256 3.770022427647202 0 0
5.386663630891935 5.366562862948945 0 0
12.60727888227517 12.57064076365161 0 0
17.13481070209934 16.71720051425518 0 0
20.56562636653964 20.53657532917579 0 0
23.53807597613375 23.52511442920379 0 0
24.70095541928803 24.6967914412453 0 0
25.98784392941392 25.97918618619027 0 0
26.56119219628652 26.53027359367464 0 0
26.71729389661624 26.66565934994211 0 0
27.11117009326593 27.09916820737207 0 0
28.53936320320673 28.48026897326323 0 0
29.11243369665314 29.10603018773635 0 0
29.98839828302852 29.96172285536811 0 0
30.19402824140097 30.12104594982116 0 0
32.32841115217279 32.3163367662002 0 0
33.66696134505786 33.63235501591548 0 0
34.65098173076116 34.63215273694112 0 0
37.33016027929038 37.29272428855939 0 0
3
11.24939320618808 11.16037907417063 0 0
21.19193707263216 21.16947097131752 0 0
25.50338944606059 25.49549828411755 0 0
20
5.03809664735796 5.012969477853273 0 0
5.350636915958304 5.336677716453092 0 0
6.773498851914836 6.541142105034318 0 0
7.972838083158157 7.955811132108202 0 0
8.821837502338044 8.76501696025097 0 0
9.911971211162889 9.902580263511036 0 0
10.02906948084691 10.01280697072076 0 0
11.76270216242445 11.75577599365807 0 0
12.38408836810126 12.10797135011479 0 0
13.32144690060502 13.31671495958715 0 0
13.82064556173085 13.65425978409658 0 0
23.08032165751901 23.06549714775379 0 0
24.06123793478508 24.05091687410933 0 0
25.55284362195439 25.54229706596308 0 0
30.95641334200862 30.94238668228169 0 0
32.06856072009371 32.05666820913569 0 0
33.86054701195687 33.83678613023947 0 0
34.18690065237702 34.14694678702055 0 0
37.30301199806698 37.26131237467826 0 0
37.43208192940336 37.35618268474937 0 0
