# Status file for ctqmc. Used to save all times t_s, t_e.
10
2
14.62256806669082 14.54829387254533 0 0
29.43944800662429 29.41719188230986 0 0
5
6.413746535878772 6.402373827381808 0 0
18.84761996890698 18.80787150047266 0 0
19.80689984850984 19.75953637603634 0 0
20.38588725416691 20.15804431393809 0 0
24.9849329918041 24.97160703261593 0 0
13
4.451110257834814 4.442017240415773 0 0
6.609474575850861 6.598336269161201 0 0
8.759129797095941 8.701354845544124 0 0
12.02179779431589 12.02108440438407 0 0
13.05572591759522 13.03438602861324 0 0
16.47700923236528 16.46752047195399 0 0
16.61631557033986 16.58521042511545 0 0
17.62400297777141 17.61400866754951 0 0
19.14742912890419 19.06694112007328 0 0
21.83711947065523 21.82142888281403 0 0
23.07129597617624 23.01668760432275 0 0
24.74524122973027 24.74018209776412 0 0
32.80626554521542 32.79477231525853 0 0
1
28.9053294407585 28.90330742026105 0 0
16
2.136627315752918 2.090901798571373 0 0
3.226725165166454 3.148834710315768 0 0
3.472613676653441 3.451259339671894 0 0
6.407065078479387 6.377637248739326 0 0
10.59019753878338 10.58696390470024 0 0
10.99085753295831 10.97373112257199 0 0
13.58773370829382 13.55047934629761 0 0
16.43057824589116 16.42175247936581 0 0
19.60158324451056 19.52398723886956 0 0
24.22577189262797 24.22196769475169 0 0
25.42418700766367 25.41582203151515 0 0
31.64757827799614 31.4913946020826 0 0
31.90483470754912 31.86176812205009 0 0
34.93513583769246 34.87811019205154 0 0
36.97169891633732 36.94583561505499 0 0
38.19792499996282 38.13978415493884 0 0
4
0.7723374549680742 0.7079616639867226 0 0
7.371012027958291 7.270185550476707 0 0
33.77467056264567 33.77083091668165 0 0
35.46146128456948 35.44290522213321 0 0
3
8.617933720852193 8.516096247525365 0 0
17.54073796322572 17.53435652156288 0 0
23.35815040241195 23.23580965050031 0 0
26
1.597181421766086 1.686821117562754 0 0
3.008296292264869 3.134699131202468 0 0
3.153889711327702 3.213680050057775 0 0
4.186563703166764 4.653658729081503 0 0
5.191897167212153 5.215120198692853 0 0
5.589537293831411 5.599479158818731 0 0
14.96741595872427 15.11868604782949 0 0
15.12163013065119 15.21831180670805 0 0
15.24624073936359 15.32562514624716 0 0
20.89648380251857 20.93489051869125 0 0
22.07015897505341 22.57003245244373 0 0
22.6794403231321 22.7559729185387 0 0
24.01428724474102 24.01750384867805 0 0
25.69656638744063 25.89444393790781 0 0
27.01770398493255 27.11361403335033 0 0
27.34103590476202 27.44970162352404 0 0
28.37691111606663 28.38957809111693 0 0
29.29768384615964 29.30049477678226 0 0
29.33502304856819 29.45540973668669 0 0
29.6103648284107 29.77970396200727 0 0
30.89141014994304 30.92872237746561 0 0
34.23817207960892 34.2508146083069 0 0
34.4777460494479 34.53692573962067 0 0
35.61008321684855 35.72003360430907 0 0
36.49376627413197 36.5832908096802 0 0
37.713619342912 37.79735628162355 0 0
5
1.328425548640219 1.309803187697796 0 0
3.608751488453742 3.519601442374682 0 0
9.882519054050221 9.828158907801992 0 0
25.05548483345252 24.96169440541169 0 0
27.77090828462246 27.75636918324102 0 0
16
3.935273619776994 3.989432230390499 0 0
4.798854622381547 4.836464796938698 0 0
6.93920130414135 7.372195270026293 0 0
8.653389564386123 8.738161295387329 0 0
15.47940830911074 15.52300465841148 0 0
20.46002900943205 20.62874237293576 0 0
21.217471062558 21.282790993323 0 0
23.52088962657633 23.59830971305105 0 0
23.92955592643561 24.02559041449196 0 0
24.48884903587432 24.51891819352284 0 0
25.40938339066738 25.72742562349493 0 0
27.3937707070703 27.4947771042551 0 0
30.83443589465902 30.93478940214953 0 0
32.34318308918517 32.42585571785037 0 0
35.37582433331846 35.62562229910125 0 0
38.34683115135037 38.49074280631613 0 0
