# Status file for ctqmc. Used to save all times t_s, t_e.
10
4
0.6600486181600047 0.6192310255373883 0 0
3.4801373651097 3.26266931911995 0 0
9.195804676441682 9.18681228973832 0 0
33.33648168880399 33.29351286447957 0 0
3
3.203955451864373 3.200588296003147 0 0
4.760225389051058 4.698666342776527 0 0
37.88200977597412 37.81035171826801 0 0
23
0.1054864434662832 0.1349225316845519 0 0
2.950075062204678 3.384169055557412 0 0
4.696291657096634 4.795193743797848 0 0
8.895623593838602 8.897579094854196 0 0
14.482607357684 14.53168296613605 0 0
15.95636723115322 16.035964924292 0 0
16.27164786229331 16.29010334621164 0 0
16.42327898323434 16.42783839120453 0 0
20.64559333296475 21.04451319808419 0 0
21.5178304320145 21.55605962240033 0 0
21.67778396533477 22.2169167839966 0 0
22.25214290779961 22.25717299232978 0 0
23.59444305745473 23.61351037883144 0 0
24.30056610837298 24.53376372684705 0 0
26.27621228243486 26.62189992877441 0 0
29.26848789453536 29.63427394331971 0 0
29.68984943389865 29.73844589275645 0 0
31.50409604452591 31.51306337016855 0 0
31.91066909669397 31.95807347717868 0 0
33.7596233917244 33.788523583008 0 0
34.18741815357404 34.61777517335263 0 0
36.94343953496323 37.55914071500543 0 0
37.79535760222917 37.91594986278965 0 0
1
38.59656510143252 38.56591210725134 0 0
24
0.2587259257955097 0.3076797605248684 0 0
0.5136010644217718 0.5278071411271554 0 0
1.196919823456938 1.276854679045274 0 0
1.332789951556508 1.468832116606789 0 0
6.133764076108174 6.147080960118298 0 0
6.490368305989994 6.504325519650582 0 0
9.246576011651696 9.260563288895119 0 0
9.382064626501236 9.492740595881475 0 0
10.42441029672131 10.65761893587847 0 0
12.40309609515714 12.42856032359178 0 0
17.12119468667727 17.21604222591262 0 0
17.41795030532947 17.73038470621347 0 0
19.81729599605005 19.85509783398705 0 0
20.21914882719039 20.32839181359437 0 0
22.85449613561842 23.10732863501605 0 0
23.42178775009074 23.52797853511048 0 0
23.61374283537416 23.63832165306 0 0
26.42750135064481 26.55729770185291 0 0
27.17905434505389 27.39527469550728 0 0
29.31842297882442 29.39680047489655 0 0
32.55176762337304 32.77415898795775 0 0
33.46941184305841 33.84905838276272 0 0
35.54840792259213 35.70705996373226 0 0
36.07691748167807 36.1041180681433 0 0
1
32.59717053283479 32.57604305760399 0 0
2
20.2559737780717 20.23897718183918 0 0
33.52418979752373 33.50342120910432 0 0
20
1.828215416001309 1.828157154850055 0 0
2.982926628017303 2.978425476524452 0 0
3.988164131099613 3.867747814434795 0 0
4.855656440478035 4.844695932364137 0 0
5.318385112468143 5.266950534320179 0 0
6.88102565430463 6.871948726919054 0 0
11.34894207478888 11.34403281781319 0 0
14.94159677246706 14.93839032163402 0 0
16.80248680061414 16.78033069389754 0 0
17.04469676020391 17.03111979773683 0 0
20.71731626616611 20.5772578244033 0 0
22.34048941497293 22.05039937464413 0 0
30.80549008203282 30.77776927121678 0 0
30.8776143018654 30.86536417492344 0 0
30.91441867028238 30.89552060388097 0 0
31.75584734945136 31.69371864930519 0 0
34.55596543852719 34.23755732939144 0 0
34.64615129412861 34.61159713956386 0 0
35.12149606038855 35.08420930821875 0 0
37.82416135748235 37.81935978777197 0 0
2
24.71799171223462 24.61876573134306 0 0
34.09319635276196 34.06618401123816 0 0
23
0.333253003716635 0.2916962111637886 0 0
3.656643334883464 3.641457949985289 0 0
5.064526690856029 5.033344922908934 0 0
5.607116947984579 5.593558143714123 0 0
6.520906429846572 6.495370492755441 0 0
7.81395178875635 7.753911823505558 0 0
11.0663654064784 11.04936102825587 0 0
11.51714652482929 11.50725345574822 0 0
11.78477665130849 11.77835494172899 0 0
13.90088785747205 13.9005520854807 0 0
20.13918889863597 20.12292860442608 0 0
23.25516415440273 23.24397042671859 0 0
23.56955292995535 23.52669437309098 0 0
25.7011610006088 25.6833743003935 0 0
26.58353359138875 26.54651577166828 0 0
27.55682455974956 27.45897713173019 0 0
28.51140352447189 28.50861282795975 0 0
29.25216746381617 29.25140027084093 0 0
29.93945078958053 29.92212722003153 0 0
30.32219328715038 30.28784541660982 0 0
32.49116143447558 32.45938519559077 0 0
33.34425183241548 33.32119097194835 0 0
34.49102270116126 34.47990501095674 0 0
