# Status file for ctqmc. Used to save all times t_s, t_e.
10
4
2.524718900555058 2.499812269172537 0 0
23.15219481192985 23.05082866159491 0 0
27.01323415780957 26.97906614149623 0 0
34.87855706549697 34.85777016970815 0 0
4
3.234422725144306 3.232911046044165 0 0
8.73588155039049 8.578849048676854 0 0
28.9331061802108 28.89827346044627 0 0
29.43346081725097 29.43224165181749 0 0
11
0.3353330709264741 0.320420452317626 0 0
0.4409028125769865 0.4176267777076996 0 0
2.20099952689792 2.150858552363362 0 0
6.761949212135892 6.753427370907453 0 0
15.3501251680814 15.32063182269258 0 0
17.95507938602366 17.90743517114677 0 0
19.37755524480043 19.35416562275099 0 0
19.40342221226397 19.39533227095691 0 0
23.3578343643377 23.35006237355983 0 0
26.41088196834988 26.40772156440624 0 0
27.30809236432878 27.28812101003672 0 0
6
8.048245268263646 8.044658231981719 0 0
9.111494742705858 9.071250052070456 0 0
15.78433580606418 15.7524445993851 0 0
18.27284979500599 18.27144862344881 0 0
27.89728944822872 27.83748583066733 0 0
34.36619465749894 34.27930792617298 0 0
26
1.305335966443916 1.294681828330553 0 0
1.948764652837256 1.933847084903676 0 0
2.252160369453073 2.249357675493317 0 0
3.624853737437634 3.615046561757281 0 0
5.07789617452842 5.04996949143251 0 0
5.447041787150035 5.441538065512415 0 0
6.418563321084226 6.40740475507786 0 0
7.428017889995702 7.309202098058984 0 0
8.140546905281866 8.125314842043224 0 0
10.61053342795288 10.54804768041688 0 0
10.67302818928566 10.66457902864536 0 0
12.1279607714988 12.12357557631408 0 0
12.31913970874439 12.31768079438381 0 0
13.02918255035899 12.94509316144338 0 0
13.21720597687889 13.2049711863077 0 0
15.33364665136842 15.31966318433996 0 0
16.93060149265328 16.91598347368971 0 0
19.83047903259532 19.81994519326933 0 0
22.147383278717 22.10711571792033 0 0
23.27900722566369 23.27727244338386 0 0
24.62849073888124 24.6013917602405 0 0
25.24076566090254 25.21235930968628 0 0
31.32876391798782 31.29983280212892 0 0
32.05390372002248 32.04305102528726 0 0
36.78066924204929 36.75080248067527 0 0
38.24353780937923 37.8464467921409 0 0
5
2.911682112899769 2.813800494113352 0 0
23.28364639812949 23.27609311248706 0 0
25.01531655656042 24.98048701123428 0 0
30.60787789467282 30.53488595321464 0 0
33.31465192850079 33.30960259665183 0 0
4
2.433149533793709 2.420125572946844 0 0
13.09729965599061 13.0933382171502 0 0
15.79676892176995 15.67345711189738 0 0
31.98156566743414 31.86479244663474 0 0
20
3.291318046397093 3.368178224345573 0 0
4.036667666708651 4.18056450236146 0 0
4.344366104413375 4.570065580225764 0 0
6.370294741531451 6.482883576977367 0 0
7.40119066436934 7.411070184368595 0 0
8.895698164010454 9.052920275391168 0 0
9.221640987892595 9.259559433147617 0 0
10.5393621990593 10.65093900115862 0 0
13.5890044287293 13.60884084090209 0 0
13.81740641056971 13.84472764326152 0 0
15.95802018221784 16.03815491910919 0 0
16.56975817081076 16.66779547604195 0 0
16.78605804683869 16.81324334005793 0 0
18.83721265630932 18.95121456463068 0 0
19.63064806371338 19.64763373477701 0 0
24.38780202055133 24.76887451567933 0 0
27.28157064077634 27.31678989443781 0 0
27.57599709550578 27.74025199869791 0 0
32.51583826168336 32.60844429131394 0 0
34.50957317034006 34.52811067607052 0 0
3
20.33909291307189 20.25288976653825 0 0
24.94769690999619 24.8726162387913 0 0
35.05585928174602 35.02346651012698 0 0
25
0.05946748465093685 0.1527217947764541 0 0
1.162209061079576 1.319456637135508 0 0
2.681234230877134 2.768831988925908 0 0
4.5738670611725 4.606347703558605 0 0
5.727192984891822 5.866181683046184 0 0
6.521483198187968 6.636355594009501 0 0
7.355274869035248 7.612583026818041 0 0
10.93629486870795 11.01488026005942 0 0
11.2310186985366 11.39054996905248 0 0
12.5014268761033 12.58530734867358 0 0
14.79908418350304 14.81075798632144 0 0
14.85303960858088 14.86657068007305 0 0
15.59738549499114 15.87386059645026 0 0
16.90778707228251 16.9501679789781 0 0
16.9541567232292 17.08022412872423 0 0
17.77264586113033 17.80482613740379 0 0
18.03550244913386 18.33744602506015 0 0
18.49264369887546 18.70052117116353 0 0
19.63850969565046 19.7862811401495 0 0
19.93212840450438 20.03529540490867 0 0
20.7870202202527 20.82349115932194 0 0
24.64863780625221 24.69043659230081 0 0
27.33066448661025 27.50944505880236 0 0
31.6158325667948 31.63712155506493 0 0
31.94476265109776 32.03868203845999 0 0
