# Status file for ctqmc. Used to save all times t_s, t_e.
10
0
1
7.240072423660652 6.945558237701135 0 0
21
4.145444574908379 4.125178529873587 0 0
5.657150780331933 5.64869215683313 0 0
8.59453490718046 8.584671767375333 0 0
9.510215081908077 9.508879359001675 0 0
11.88634027852322 11.8713584211658 0 0
18.11626917298145 18.090036583503 0 0
19.18056331831495 19.13657810780376 0 0
21.71611600153781 21.61258507961191 0 0
22.7630662348494 22.62564319420261 0 0
26.75358393972957 26.71059707596163 0 0
27.52432533631959 27.48216519823436 0 0
30.16982013857148 30.11936577627303 0 0
30.89024864609782 30.88952873956443 0 0
31.02374843141512 30.95496729703613 0 0
31.33676661772451 31.22960796711682 0 0
31.38480788231102 31.37291865207473 0 0
32.16383537985886 32.11229114141173 0 0
36.29200411461636 36.28319559018752 0 0
37.04440222612206 37.04106414432667 0 0
38.10915267882697 38.05834950340324 0 0
38.60631201001037 38.56601335358346 0 0
3
11.73062057195571 11.72010166599669 0 0
17.93932078144896 17.84959022906511 0 0
34.34736801082771 34.30124583377727 0 0
21
1.425370658287402 1.380163479432085 0 0
2.243435681739676 2.219742322872028 0 0
3.597090781554467 3.585941782915285 0 0
4.680335013302713 4.677906325889295 0 0
5.163886295023877 5.152133530247528 0 0
9.338355110836108 9.135535513207067 0 0
11.55459141745755 11.53272254122305 0 0
13.2978182489848 13.25157766670735 0 0
13.78076117162138 13.77641299174868 0 0
17.84970994484914 17.83305788245576 0 0
20.5700264071625 20.55214897317811 0 0
21.02480908369265 21.02203151465411 0 0
23.18743254127321 23.14687948593422 0 0
24.95800929075445 24.93433397168604 0 0
28.45115000394346 28.43585409737505 0 0
30.07295062368825 30.05697785604052 0 0
31.07162980397484 31.00633486160969 0 0
34.42652867744167 34.41067524728276 0 0
34.87059886550369 34.75619502180458 0 0
35.73024334347703 35.72347897848468 0 0
38.46535256447411 38.45111100027685 0 0
3
11.46889482100553 11.23315455868814 0 0
14.32652047507609 14.22233641101516 0 0
38.48966718005376 38.47415848488131 0 0
5
3.05326978343294 2.97442824842247 0 0
12.36077042086824 12.24676449290938 0 0
24.07756312974405 24.06372982339643 0 0
33.63641076915051 33.62737836127181 0 0
38.20924832177148 38.20615559305711 0 0
19
3.328299099422352 3.330078035875896 0 0
3.443705519282241 3.565520146244096 0 0
3.593899732860668 3.598624997755612 0 0
5.146069338170188 5.242259482496774 0 0
5.475724871249111 5.613220142465107 0 0
8.28506909050944 8.303471444214045 0 0
9.890538030296902 10.39876691610342 0 0
13.65290487712972 13.90160439360014 0 0
14.23146108850924 14.33055252234329 0 0
18.45640560012249 18.46066621941756 0 0
18.86250220055372 18.98873857052953 0 0
20.05816835491182 20.31090847312008 0 0
20.6167272070864 20.7922518091395 0 0
22.08664014160058 22.12155907061935 0 0
22.13304898511536 22.18620261416664 0 0
31.86080806083808 31.93986786917879 0 0
33.26604629416866 33.50626362931703 0 0
36.55836539008146 36.97190149745773 0 0
37.67107786694586 37.76691897708695 0 0
3
8.641794858086115 8.573507467896675 0 0
13.19379442740847 12.6794049946739 0 0
31.79329490506439 31.7332066978363 0 0
17
0.5723038263084561 0.668058138131812 0 0
1.010014917795087 1.200288644398944 0 0
2.255463873980784 2.490926026397644 0 0
2.570281969513859 2.661582963796474 0 0
5.927631566429636 6.002079020098166 0 0
8.596894135380033 8.60794893494273 0 0
10.01214628292751 10.23877977300143 0 0
11.71374410336345 11.82254109590206 0 0
12.01052444753955 12.40970715381303 0 0
12.75563317811201 13.29480210072874 0 0
21.39246796391834 21.39467612077251 0 0
21.66789590282445 21.91310887268546 0 0
27.13432492180632 27.42022990491525 0 0
27.4693583348778 27.63226464388385 0 0
28.38290359098409 28.6130003897946 0 0
34.28183930678398 34.50917275666458 0 0
36.52083705441196 36.58834232849296 0 0
