# Status file for ctqmc. Used to save all times t_s, t_e.
10
1
17.42941293032897 17.42686088656444 0 0
3
5.35519035383934 5.134433846525233 0 0
21.42999338197544 21.35354410545112 0 0
32.91003603306589 32.82535595265514 0 0
15
0.09832779633522648 0.08607931842175276 0 0
8.192076685978963 8.107427496109187 0 0
9.996144270037515 9.962061058465064 0 0
10.2167351946669 10.20527598994482 0 0
12.10850558320942 12.07993860869037 0 0
13.37019828616407 13.35157501882802 0 0
13.40778066678354 13.39160142419961 0 0
18.00436652840835 17.98432863826288 0 0
18.754316256236 18.74420584828156 0 0
18.83712341552777 18.81164861799524 0 0
23.00885424635001 22.93277119117319 0 0
25.50267839184946 25.46604486078553 0 0
27.32901198646589 27.32026486915501 0 0
27.77998498373848 27.71711928697818 0 0
34.6852065571668 34.6764361290383 0 0
2
28.3099885049221 28.3073969986061 0 0
35.2456996887352 35.16909629771722 0 0
27
1.252306051248774 1.176931685208441 0 0
4.964372842081003 4.940551199890187 0 0
5.606727227763535 5.587598853201907 0 0
9.394723950130421 9.151892976594173 0 0
9.923206621341706 9.907336840318536 0 0
10.67465332082971 10.67061192342107 0 0
11.14110912170427 11.12009196875728 0 0
11.30545836524585 11.28905052648834 0 0
11.4709830175822 11.4211597891941 0 0
11.56283108784233 11.5350369663196 0 0
11.67163291110768 11.6434991424832 0 0
13.42574498598425 13.36541841253896 0 0
14.74922949512557 14.73640368487927 0 0
15.87521585093064 15.83633910575113 0 0
18.58101714779948 18.57752163067826 0 0
18.69777303326734 18.68489313923918 0 0
20.67300695217756 20.64845948141133 0 0
20.99590851447517 20.97767220521829 0 0
21.94457513699096 21.90783467392671 0 0
23.15417193286801 23.09469778350296 0 0
23.7160776519573 23.68777423537588 0 0
31.80098790436048 31.78552231806459 0 0
32.01636027553808 32.00111499858166 0 0
33.87827321370069 33.85146530152619 0 0
34.12144467538349 34.08100608866165 0 0
36.90675481602275 36.87685404323458 0 0
37.03413259088875 36.93957666484722 0 0
3
2.857288194947799 2.689199305553828 0 0
19.03513309397762 18.95708226746319 0 0
23.45290093730361 23.34468629417888 0 0
3
8.499566481060732 8.497865689076036 0 0
24.32431756618921 24.25702410657621 0 0
28.24348021669973 28.228632695111 0 0
24
0.8742005992525862 0.0299207093408711 0 0
1.072725300491471 1.053218386634159 0 0
3.671491106464436 1.225585013783781 0 0
5.465528111238463 3.69189012388273 0 0
6.659535060851885 5.591548058459477 0 0
9.057594639581946 6.697583590484284 0 0
9.386427449292576 9.371118253132297 0 0
9.406594145813834 9.391709426487703 0 0
10.72240764902307 9.992863338602344 0 0
11.27489280060394 10.79951465232974 0 0
11.31891846365609 11.2938986116272 0 0
15.71569900131483 11.42150604159969 0 0
20.54990796897407 15.84358337048332 0 0
21.25659859424853 20.7978583491546 0 0
23.34721112678551 21.48712802105434 0 0
24.49205365735855 23.47618041511159 0 0
24.94737051272465 24.55885584332477 0 0
25.21138066607397 25.20926174857164 0 0
27.94678907974945 25.28243303258026 0 0
32.7436904701449 28.15785227447859 0 0
34.59048453297897 32.89388373196727 0 0
37.77341342088121 34.7956369821117 0 0
38.09571293035289 37.92041380872497 0 0
38.59092485658328 38.39224556260302 0 0
5
3.622258612502081 3.536077041976531 0 0
4.880208335702193 4.782727601409943 0 0
7.34905451109651 7.332372573300807 0 0
22.22939161013547 22.19035460858785 0 0
30.46873042889221 30.423434634008 0 0
22
1.024509698259269 1.064260871174411 0 0
4.603928495516576 4.809497672400854 0 0
4.826065685227559 4.828915488248421 0 0
5.898641481492342 6.167625307299267 0 0
6.36720099902583 6.38502704974719 0 0
6.902934329717644 6.93374473794213 0 0
6.940510457668926 6.942349228165264 0 0
12.62698554115995 12.70349551122999 0 0
14.90534515185364 14.96491755523534 0 0
15.06455032882716 15.08152306784074 0 0
17.91838291271045 17.97612550839881 0 0
21.11366085877091 21.91300676349357 0 0
23.76975035281944 24.14890824440621 0 0
28.25817659129054 28.27909579223356 0 0
28.76499194587388 28.76804820851253 0 0
30.63957032440256 30.84565822815438 0 0
31.38834506713394 31.40938429733304 0 0
31.73041447295918 31.84331350328055 0 0
32.66877908647665 32.87640309608727 0 0
33.91779516128973 33.95077723657516 0 0
34.38071939810902 34.40295324199014 0 0
35.60307374758618 35.70314867510944 0 0
