# Status file for ctqmc. Used to save all times t_s, t_e.
10
6
11.42402314234826 11.28276685654532 0 0
13.75435989474339 13.64286165274124 0 0
15.69543931129286 15.67616063263699 0 0
19.18130270887458 19.09685389922212 0 0
32.47769566870046 32.45240377671421 0 0
33.78108659691478 33.74759119425193 0 0
5
3.89341075132505 3.817660255866131 0 0
4.332530521403075 4.307210305778223 0 0
23.13997186046538 23.11549242294338 0 0
27.36350378804262 27.21945896077782 0 0
37.30963346824874 37.05444789546522 0 0
16
3.155946318470654 3.240173430687252 0 0
7.812688424732974 7.83151033896234 0 0
8.178313496092173 8.186166413574551 0 0
9.211650003266231 9.323224118633361 0 0
9.645964818282749 9.837088641866018 0 0
9.905028335078162 10.04923934234055 0 0
11.22629565695078 11.26634171419927 0 0
11.2814009397274 11.46063660354396 0 0
23.43793730426441 23.53188673173538 0 0
25.63063029085272 25.63206208175823 0 0
26.41943378255273 26.43673653366239 0 0
28.25471363458692 28.25908916588369 0 0
29.69612914294187 30.05530806610063 0 0
36.28573830565151 36.54994279854287 0 0
37.0359478323501 37.28996925041724 0 0
37.43130443640352 37.56817030940624 0 0
2
21.96645597470393 21.90323623198547 0 0
38.17341445481027 38.15731667852736 0 0
23
1.283302380710957 1.606796999804722 0 0
6.072403679486475 6.150316550057377 0 0
8.653119622366695 8.847098125690518 0 0
9.62058187959561 9.636934642282389 0 0
9.647112982707176 9.774559181964889 0 0
11.64073045123714 11.87692569938021 0 0
13.19044905856784 13.19885827327493 0 0
13.30058688551423 13.68365215423587 0 0
14.68150478881748 14.69993024115863 0 0
16.15797765835397 16.25918110267454 0 0
18.27085525014954 18.39220955947333 0 0
18.99419045906505 19.10313880304006 0 0
20.02198530896653 20.40235551770727 0 0
20.78832301396084 20.81517012867364 0 0
20.824314244124 20.86238059043589 0 0
24.82038019616405 24.82423883253393 0 0
26.19704532282547 26.29169603405292 0 0
31.21015465084558 31.26987741274704 0 0
32.37841652602275 32.50257186525367 0 0
32.83990881256172 32.91914804617618 0 0
32.98897686133129 33.04252066141068 0 0
34.84705094968925 35.05711856205109 0 0
35.9535693389714 36.54671373877502 0 0
3
7.484443662725132 7.443105093327251 0 0
23.59290086764137 23.56827448034288 0 0
34.03697201410615 34.02027214692203 0 0
3
28.67333228357613 28.6127772048471 0 0
29.35098614182084 29.3064396880895 0 0
32.48189710812563 32.47364387005137 0 0
14
1.044112466123195 1.040892201317021 0 0
5.546462861851221 5.417115073700622 0 0
7.368193853007441 7.304720586577634 0 0
13.40460229574586 13.39248439991398 0 0
15.00416521510856 14.97889270635214 0 0
15.73846464395275 15.71899726859794 0 0
15.91337148788097 15.88396976794054 0 0
17.38425694072973 17.32058592289897 0 0
19.70766213435742 19.7038164604119 0 0
20.05220157160521 20.03390247194191 0 0
20.92760907377103 20.92375119251751 0 0
23.77465666644629 23.74988014465643 0 0
34.1888753762819 34.0009625820519 0 0
36.28678086261107 36.25667989969969 0 0
4
3.527382634211477 3.499536158568219 0 0
6.239668889961054 6.225433076463752 0 0
18.12038418072406 18.09505695194128 0 0
26.54652596863367 26.53709677029007 0 0
17
1.279865696975047 1.271153170486547 0 0
4.543667216845146 4.401236554355789 0 0
4.950732182496135 4.862529918806606 0 0
6.66980439721583 6.665913623870943 0 0
6.864981077035303 6.861839102636088 0 0
7.589041703749173 7.550595453928007 0 0
7.603633504950894 7.602103381462834 0 0
10.17155067131883 10.14065435713307 0 0
10.28440549943851 10.280488008849 0 0
14.34580188875284 14.34113975674616 0 0
17.25062749650831 17.20778120961477 0 0
17.82965406162986 17.82155526378567 0 0
21.13809758228396 21.12767283349255 0 0
28.46612585335947 28.4264116629272 0 0
31.52438016265452 31.48886175688641 0 0
32.47508198109716 32.45131304657385 0 0
34.49608714818014 34.49344319402891 0 0
