# Status file for ctqmc. Used to save all times t_s, t_e.
10
2
31.01944094896601 30.88324514253648 0 0
38.30870378377072 38.30085296793115 0 0
5
10.757411042158 10.75373754499238 0 0
26.55600349413547 26.45016641673991 0 0
36.12741818176869 35.9218402945225 0 0
37.34694804015485 37.31966192322659 0 0
37.78930421411851 37.71973802363053 0 0
21
2.510333630077985 2.491748881541755 0 0
4.151732142032182 4.126273097887281 0 0
5.983626162793419 5.978064664767798 0 0
6.451181885651584 6.432517869697493 0 0
8.732417430511152 8.680072528317679 0 0
9.158432186521505 9.106031913501468 0 0
9.745560489510472 9.508157493793082 0 0
12.16436342384103 12.07591252321095 0 0
13.98876525794748 13.98676775434918 0 0
14.62933473257756 14.62932422945502 0 0
15.66890732141277 15.62422275783728 0 0
17.77916656299633 17.53260283089782 0 0
19.6594420664788 19.65437801713136 0 0
20.6460094880597 20.64361980802676 0 0
23.1011292527522 23.08238536038496 0 0
23.88542084856692 23.88451909911683 0 0
24.72335115093072 24.71058088062924 0 0
32.39447282940852 32.38681385461477 0 0
33.68797911797605 33.66099173310455 0 0
35.51386408597233 35.46016800223577 0 0
37.16852100173917 37.1526922864013 0 0
3
6.161453363266659 6.117289855466822 0 0
27.95547851730193 27.72810230181206 0 0
32.21849418061707 32.19992248722259 0 0
22
0.09154949106202537 0.02784781588873386 0 0
1.677950137440907 1.67266257055739 0 0
3.631008521980398 3.616430119394323 0 0
4.413112080219078 4.389099001630238 0 0
5.439553601854083 5.420567497265305 0 0
9.825220201604765 9.740787708394439 0 0
10.80187675284189 10.76940595553947 0 0
10.98814646817233 10.97307953097923 0 0
11.17239438249299 11.13623486659021 0 0
12.29324985229444 12.27059162110804 0 0
13.35312033610893 13.28542436597136 0 0
13.94020216520319 13.87011962266426 0 0
15.09569094830961 15.05984907507855 0 0
19.16644365629468 19.15071578634886 0 0
20.99688058030375 20.98898081161709 0 0
24.62406533058578 24.59128371864426 0 0
26.08196234712569 26.06876015439866 0 0
27.28736934815824 27.27732848222891 0 0
35.91782661164901 35.86210957836958 0 0
36.31536983109504 36.29444787888622 0 0
36.65128298729209 36.60556596057548 0 0
37.50959183600856 37.50592312023569 0 0
2
28.48926285928738 28.40896486174215 0 0
31.62634980632233 31.61826900466334 0 0
1
16.02819911364194 15.86823815572566 0 0
24
0.2579122346190488 0.5108119183539017 0 0
2.427064301100884 2.512030870533734 0 0
5.364282430066261 5.718118645247113 0 0
10.49174360653805 10.63576452206153 0 0
12.77360397139155 12.84992291653681 0 0
12.85317485609734 12.9924928566401 0 0
15.83822842844622 15.93757931800441 0 0
17.87307413650469 18.1399118338967 0 0
18.94775993925373 18.95108840993245 0 0
19.72203081413687 19.73156047124037 0 0
19.81152490187653 19.92904864855935 0 0
21.02468136711908 21.063683757451 0 0
21.0796786756078 21.15047042360531 0 0
22.59009136490078 22.6732643768109 0 0
23.99819126420189 24.197998146361 0 0
24.95720007093331 24.95942265865596 0 0
28.82281866789858 28.9203091952399 0 0
28.95515771228046 29.03933583791165 0 0
29.21137809037829 29.22058435818487 0 0
29.40671344375185 29.57982083181032 0 0
30.98784007398876 31.10269868510143 0 0
35.69356083915972 35.75783502297195 0 0
35.97545972783928 36.1186749434989 0 0
36.37440725730995 36.5107591894627 0 0
2
28.43362604292915 28.32347618110194 0 0
35.45360195754158 35.40807367388486 0 0
24
1.032741875732235 1.291535426756912 0 0
1.608398105630641 1.666050771528019 0 0
1.734636072930845 1.83539449494178 0 0
2.669856394502223 2.685851877740891 0 0
5.42560801668563 5.44056639404476 0 0
10.68202661325819 10.72572126106721 0 0
11.80270387575951 11.8030624874107 0 0
12.10457085355603 12.18481388727771 0 0
13.24433861837442 13.41729421405955 0 0
13.67705643572547 13.83712432448293 0 0
14.66089722618217 14.67783706469474 0 0
16.33114780874779 16.61783493755576 0 0
16.61805756191988 16.69257066719108 0 0
17.69179532936256 17.81156828780369 0 0
18.45760854647005 18.52982190479174 0 0
21.52949160769541 21.53225263317552 0 0
22.06300095143557 22.06520715784428 0 0
26.92099876053237 26.94992455801268 0 0
28.2607395606699 28.33582587636356 0 0
30.60881979911881 30.61720057008637 0 0
33.87631676380536 33.91313900673612 0 0
35.35131447631376 35.51056392530892 0 0
35.80571607566736 35.88566246782205 0 0
37.11216297515741 37.31008882635503 0 0
