# Status file for ctqmc. Used to save all times t_s, t_e.
10
2
12.86136186580812 12.82222372537708 0 0
22.41693606093609 22.38295020142633 0 0
5
3.935345441464452 3.927690058707097 0 0
9.658242029797375 9.632491032847113 0 0
10.97862010371613 10.78047512706528 0 0
33.72576748906067 33.68904256829251 0 0
34.76102063618671 34.6757618201646 0 0
11
7.137524163467274 7.200951082129612 0 0
7.990460523663316 8.029996994953029 0 0
16.7466740082887 16.87002528909077 0 0
16.88219860658805 16.91383931209329 0 0
18.33295678456039 18.71630553133237 0 0
22.80758346137108 23.03136125711308 0 0
25.2456052106936 25.35724407679963 0 0
25.63463850196112 25.69226648191777 0 0
26.83330866722786 26.83780049787048 0 0
26.96233320367151 27.15239807106641 0 0
32.02930872822169 32.21455264330626 0 0
1
37.20359402153143 37.19252833835707 0 0
31
0.008287737797523675 0.07378024545679551 0 0
1.096563825649909 1.179865299383643 0 0
1.194468756817273 1.215353496986563 0 0
1.273157777741525 1.382786699686975 0 0
1.798823005167499 1.862089703323285 0 0
2.576206459547816 2.689830548475316 0 0
4.64793977412965 4.712706451155698 0 0
7.624910822620365 7.789845655390685 0 0
7.790593468903622 7.790917235280351 0 0
7.868799543743698 7.872047628765842 0 0
8.090641533721268 8.13911693730536 0 0
9.053265943723176 9.096619452700715 0 0
11.05138999130158 11.06076297258559 0 0
11.35589470477995 11.36153686919448 0 0
12.80054343184135 12.81512130660122 0 0
13.53148446850701 13.56275553708897 0 0
14.95788692217314 14.97936805867287 0 0
15.14626787183129 15.21963260147125 0 0
16.5512894651817 16.67391532126133 0 0
19.62297429750931 19.72144139584509 0 0
19.8365430880508 19.85985085724338 0 0
20.08102916982785 20.20027205233973 0 0
20.58006797142811 20.58277859378134 0 0
23.13175651136016 23.31254815728938 0 0
23.87860222767368 23.9546772461958 0 0
30.52725022026659 30.67383091008956 0 0
30.77986730511513 30.81701484983804 0 0
34.1451413530085 34.15450350420887 0 0
36.25794646789986 36.32898244190199 0 0
36.86356419095986 36.96635110986274 0 0
37.16345225519427 37.21751708895778 0 0
3
10.57683595766603 10.5478692390571 0 0
24.52546224247173 24.46289115688543 0 0
36.05809961134444 36.01629663652802 0 0
0
14
3.071423541677875 3.061656068915563 0 0
5.51408180908149 5.502550244155284 0 0
6.306686033222281 6.298677109299784 0 0
7.654198167279744 7.592929471036451 0 0
8.453483806445934 8.428041237039938 0 0
9.011056806138496 9.009118044332173 0 0
9.910710280778915 9.850527695109971 0 0
21.54846714404217 21.51157304886328 0 0
23.53816096290563 23.49040252191972 0 0
24.19916249076114 23.67008291335977 0 0
24.89834936422815 24.85447640399955 0 0
30.94466191379025 30.8998985186501 0 0
32.47208674949412 32.46209571397153 0 0
38.29731910052823 38.2935261087996 0 0
5
0.3836153125772555 0.2565145571436105 0 0
5.267088839640216 5.207032673830412 0 0
5.458755498822583 5.431992030976708 0 0
26.85129274752653 26.79988776885581 0 0
36.148634272876 36.12389375578535 0 0
25
0.0510897024293584 0.04953403038654614 0 0
1.10541154527219 1.082804552271811 0 0
1.964251595039295 1.904466582616206 0 0
2.215148121101286 2.083260924295321 0 0
2.719842021182469 2.715385095749992 0 0
3.817721867666536 3.792757341589626 0 0
5.030755158705428 4.966130088252587 0 0
5.199870012877293 5.150803681212818 0 0
6.444212488249057 6.423308819212275 0 0
6.483434185731821 6.457796001596637 0 0
9.15138030068038 9.110827748231625 0 0
12.19905605540491 12.15273871623958 0 0
13.69806949325067 13.58138263786632 0 0
13.94802382136654 13.90599721748613 0 0
17.30359381981373 17.29009732075562 0 0
17.64217807318751 17.60197956513104 0 0
20.3978154095587 20.33593445137291 0 0
21.46372347061784 21.45727728405793 0 0
22.84942547718964 22.79697236292832 0 0
25.62280072551838 25.59340125095094 0 0
29.38487651397983 29.3194983178332 0 0
30.78453653126748 30.76986584479475 0 0
35.04376292274471 34.95906870026332 0 0
36.44582291404079 36.36672765937811 0 0
36.95927480596784 36.94150518131964 0 0
