# Status file for ctqmc. Used to save all times t_s, t_e.
10
2
8.199910135973433 8.176460323219915 0 0
29.7528699659644 29.57734654955115 0 0
4
12.40326269300906 12.37898560310594 0 0
13.78138709708552 13.76474524139765 0 0
29.45478421011842 29.42124508532548 0 0
37.45063338419474 37.3804279658592 0 0
13
0.45961003824128 0.4405018737802493 0 0
3.649429991656128 3.649048699431781 0 0
5.121061903431741 5.09455993970132 0 0
7.223941672008111 7.220818712498796 0 0
9.650470798051618 9.537798302929925 0 0
10.75887683420424 10.75576509663381 0 0
17.54799223390809 17.54631375346798 0 0
18.93701356357874 18.88691767660405 0 0
20.03462644677248 20.02225765583568 0 0
20.12436228625662 20.04015317139524 0 0
32.9014590445122 32.87642697169511 0 0
33.14859192937028 33.1202990453547 0 0
35.66571425523513 35.65747040610337 0 0
1
19.86596480713242 19.83067258546099 0 0
16
0.843158763199078 0.8058481250598319 0 0
2.073523311762525 2.037045065516281 0 0
10.3157819868468 10.28837611791037 0 0
10.36894024563417 10.33703980635654 0 0
14.26228862511795 14.23686833759611 0 0
16.00623812310927 16.00452308234312 0 0
16.33642102666535 16.33475767336212 0 0
19.22907531004235 19.21134133272732 0 0
20.02563217469658 19.90878637697134 0 0
20.79894997174982 20.78843601151007 0 0
21.09137898347065 21.05535003005104 0 0
23.64555425061161 23.62617110988138 0 0
25.7232115704523 25.70141734184511 0 0
27.16827514120259 27.13569048821554 0 0
28.91316931455186 28.86303791515609 0 0
37.04936901519496 37.01052153502643 0 0
2
10.39758728231691 10.24324187844716 0 0
29.0508060314151 29.00198131857936 0 0
7
2.414791467341031 2.413586507645462 0 0
2.499249510716957 2.435743621644099 0 0
6.992981322250294 6.965933008158625 0 0
25.91312545572612 25.84820867701977 0 0
28.66667227396431 28.63980764590085 0 0
33.52199381082517 33.51539900906783 0 0
35.62896284507968 35.62309257046875 0 0
28
2.380607902965483 2.641753724127973 0 0
4.843453736250448 4.970620512322037 0 0
5.149029143764993 5.150445694786933 0 0
7.567261410211153 7.850936822413224 0 0
8.587644611068836 8.72761065289543 0 0
9.395204366835138 9.482535629162625 0 0
9.753567524510014 9.91245662949116 0 0
10.16064458642128 10.20843535733584 0 0
11.14753781762888 11.1916198240854 0 0
16.85190732504259 16.8865266842876 0 0
18.07375663719618 18.20572088384344 0 0
19.36896560590525 20.05251768915717 0 0
20.2764918711225 20.82668736602788 0 0
23.62324578427478 23.7117228387015 0 0
24.42180677765026 24.51804721760722 0 0
24.59109439381578 24.86631438019645 0 0
24.88100342354456 24.88734174724609 0 0
24.98561404432759 25.04218336170576 0 0
26.76303345366188 26.92820471393983 0 0
26.92948644813022 27.21179524494921 0 0
28.43416639696787 28.65817418238407 0 0
28.67838713127962 28.80679959532446 0 0
29.75016262101783 30.07534633915796 0 0
31.23017767537296 31.30115651218124 0 0
32.06490636134751 32.18279511056826 0 0
35.0882216934104 35.16276045202934 0 0
35.72823714848185 35.83000908634918 0 0
38.3182428925183 38.33482635738751 0 0
1
30.16585749153018 29.86452832988241 0 0
21
1.823623290535283 2.062620853102015 0 0
5.070124025495289 5.109556646449554 0 0
7.051401880231355 7.072035064769721 0 0
7.308356793972507 7.434432526419139 0 0
8.114244268445693 8.498422516233145 0 0
9.106798715963892 9.178707011849092 0 0
9.566743459903874 9.603393121281698 0 0
11.41956181905056 11.53543892928759 0 0
15.11106296178239 15.21029272195397 0 0
16.72579313604318 17.03745822919199 0 0
20.90906986177578 21.59126242061642 0 0
21.60942661141644 21.75660676128817 0 0
25.56671871727345 25.65131473008968 0 0
25.89849843872982 25.91398751606919 0 0
26.84086679419117 26.89428059900248 0 0
28.45874712253867 28.49416622993619 0 0
29.90297804962547 29.98181885750295 0 0
30.65731986218311 30.70673723214994 0 0
31.85381577925365 31.90242439650492 0 0
34.13994645818888 34.1984874476554 0 0
35.0566367399608 35.08092417915379 0 0
