# Status file for ctqmc. Used to save all times t_s, t_e.
10
1
25.712964862751 25.448306127424 0 0
6
3.443904129257092 3.392696019700196 0 0
13.82760521943636 13.29773035984037 0 0
15.94356165379692 15.89716744205533 0 0
24.53621323398863 24.51416791776932 0 0
29.62108392081193 29.56832738497621 0 0
30.68644123426921 30.60324461724463 0 0
15
1.677793970788301 1.661965031365511 0 0
3.153633784767756 3.040423122296264 0 0
12.65634242088343 12.63361976225339 0 0
13.18037291949076 13.15400119944823 0 0
13.99449105311606 13.9143609764084 0 0
14.05840686737371 14.04114814310818 0 0
14.66463852602027 14.62917981876621 0 0
22.91589780616821 22.87595256939349 0 0
23.70870430421002 23.68914116621079 0 0
28.37251740875054 28.30254450912937 0 0
31.01474885947369 30.9891964894767 0 0
34.40887235165603 34.34771324909278 0 0
35.10367983086361 35.06698349288201 0 0
36.63525430464163 36.60612651445387 0 0
38.38393320032203 38.38347879993164 0 0
3
19.27068481818795 19.2665672876363 0 0
28.99122578683673 28.77261064073912 0 0
30.7723545063688 30.7078274101961 0 0
18
0.6533732495102795 0.637407244444808 0 0
5.209917811066054 5.173034341987854 0 0
7.239644881082913 7.229430702068543 0 0
7.70389137596336 7.680312286772665 0 0
8.352783658709342 8.31599639643008 0 0
10.5199269758959 10.50803535724809 0 0
14.09165861290912 14.02079387649284 0 0
16.39883359073898 16.39587321225694 0 0
22.00611077530631 21.97004409334311 0 0
22.76560519905654 22.7346127632312 0 0
22.91274540870541 22.85316064869656 0 0
22.96253773503297 22.95280212234286 0 0
23.52195745013131 23.50563526934735 0 0
29.59563202590027 29.57764784613952 0 0
31.21458565231629 31.20041498244438 0 0
35.1021175681126 35.07680290339783 0 0
36.03025855813017 35.98657178368384 0 0
38.51949009876368 38.50818973431919 0 0
4
5.553989526171904 5.530341540886732 0 0
7.900545574019322 7.858260780276604 0 0
11.97088624268001 11.95763191259086 0 0
15.59244903015387 15.57209269476805 0 0
2
4.269333492310878 4.247688810034361 0 0
30.9710123884721 30.95384130077658 0 0
23
0.4340205425227452 0.5579106839137538 0 0
1.526499444974945 1.92101829440657 0 0
6.426260113869189 6.450145384956124 0 0
11.33300245302068 11.4168000730671 0 0
13.0763292518562 13.09065510546268 0 0
15.04314816711775 15.12990329536811 0 0
17.08096025146088 17.16596825117322 0 0
19.74768714923454 19.91119378532155 0 0
22.04754734092411 22.08404890649919 0 0
22.41960523006684 22.47272677629918 0 0
22.81047130171208 23.1278984594707 0 0
24.51067389111275 24.5353456612185 0 0
25.16166630946189 25.17348335468449 0 0
26.06760155444844 26.19182542674953 0 0
28.77341571023274 28.9136139443533 0 0
31.55054963185758 31.61970672622678 0 0
34.52138633234657 34.6372850284798 0 0
34.64957885773957 34.84010991129606 0 0
36.58979251553476 36.64577497285366 0 0
36.78131249697297 36.86305856470147 0 0
37.26572776280273 37.35778731278533 0 0
38.00407665739382 38.06451058322325 0 0
38.50326467841514 38.65381225532919 0 0
2
26.87543806575384 26.78043260424113 0 0
30.09282492683823 30.0821306401726 0 0
15
0.4093672917467686 0.596374431918409 0 0
1.841152158220196 1.973837706270852 0 0
2.878998860942854 3.567814025510878 0 0
7.079380314837532 7.11062246201198 0 0
7.717877089413602 7.777900627785391 0 0
7.806027507562702 7.832984484721413 0 0
12.84964622880207 12.98850848155054 0 0
13.29247921046057 14.08902144387393 0 0
14.55938913905221 14.68310465613818 0 0
15.05009955464274 15.12189448758243 0 0
25.73598447632575 25.79347294824662 0 0
26.48258228939747 26.51034544568576 0 0
26.52107681022484 26.73517414220861 0 0
33.04299177230891 33.08201448934223 0 0
35.89273796158454 36.1212735568663 0 0
