# Status file for ctqmc. Used to save all times t_s, t_e.
10
1
29.38472352505983 29.22228864696822 0 0
0
18
0.4988430607269514 0.487923262521026 0 0
2.300558226249571 2.294158737822628 0 0
2.671133327157477 2.666443796177262 0 0
6.348226744242301 6.266766111277057 0 0
7.839927966032752 7.808323397540989 0 0
9.034771249471881 9.025023420520293 0 0
9.665547170593516 9.632559664205049 0 0
10.2494580619172 10.01902765759632 0 0
11.93515369563599 11.92504349487601 0 0
13.626910988857 13.60430991622002 0 0
15.95471239881456 15.80005598451988 0 0
16.72352345697175 16.42300664283805 0 0
19.37676162668653 19.35351407990573 0 0
21.82115243748883 21.81183339086581 0 0
26.97388802784393 26.89593770990902 0 0
28.86622636133243 28.7744457949741 0 0
31.09727532941534 31.0644085430675 0 0
34.58704195409479 34.51612276518988 0 0
4
0.450931211988852 0.3457982946228668 0 0
0.7105382601850678 0.6978710186649764 0 0
8.340698894357853 8.247564331413891 0 0
35.35092504081269 35.34548012326751 0 0
21
0.1206948596377373 0.0668786009751372 0 0
1.893940234084505 1.879360825169045 0 0
3.359411823942039 3.321361653394992 0 0
4.551145705063304 4.537702266998441 0 0
5.548515993689133 5.537698877813776 0 0
8.81907339902703 8.804976857850463 0 0
9.637107203991015 9.623058003364005 0 0
13.68981425146952 13.6883053848034 0 0
15.28359328890799 15.25589199175922 0 0
18.54980070174209 18.54927381878621 0 0
19.67722686322514 19.6467442163138 0 0
22.67715881496884 22.62322496155755 0 0
24.12805216629451 24.06158776455971 0 0
25.83767685744552 25.83620210561147 0 0
27.52384096543068 27.45840407319767 0 0
27.84031682006298 27.83870465224563 0 0
28.6698580859458 28.58546008490046 0 0
28.82816380908569 28.79418974097599 0 0
30.52867944767207 30.46265604416507 0 0
34.1099694428266 34.10604637052917 0 0
36.03906015500485 35.97967852352952 0 0
1
8.879761807621462 8.815266962267795 0 0
2
2.723521468154694 2.657484031607353 0 0
9.884074887106223 9.785817675493533 0 0
27
1.981161256760857 1.989485386001385 0 0
3.314306033831761 3.436830838698002 0 0
3.885586427597335 3.918181884591356 0 0
4.731868706567729 4.886566629521363 0 0
7.314258651036639 7.342954489464323 0 0
7.92999753003967 7.93621025376148 0 0
9.12744700494339 9.230004618796812 0 0
9.85575670212376 9.885299663249024 0 0
12.30167211264028 12.32182840881375 0 0
12.89645902265246 12.96454259278278 0 0
14.81662187033972 15.01426453143348 0 0
16.40309723437911 16.53779702079093 0 0
23.47706833563007 23.56777326687142 0 0
24.03761996285806 24.12565939198365 0 0
25.54429572853116 25.69515664762579 0 0
26.79943405587478 26.92481892761452 0 0
28.3539780778059 29.23069996678029 0 0
29.87744820118317 30.01811419871669 0 0
30.21832553436988 30.23188527682827 0 0
31.94398185940173 32.29557122750932 0 0
33.70991566255436 33.71333897822954 0 0
33.95021662072926 34.03633441845126 0 0
34.69893687796684 35.22606424720935 0 0
35.26711502403128 35.30372989357663 0 0
35.93591701969806 36.35371807211754 0 0
37.03882816860435 37.12255564162414 0 0
38.5502765992985 38.59494452643744 0 0
4
4.74147716056104 4.677571287233377 0 0
20.81772795150519 20.26798024712124 0 0
25.93510258453628 25.8486810298191 0 0
35.68931781916998 35.64530368671851 0 0
24
1.676608881652922 0.04739055682536275 0 0
2.716630852976754 1.71355390160561 0 0
2.761108699810634 2.741647121775446 0 0
3.439866795485761 2.863116242126626 0 0
7.357149760294164 3.444037335882012 0 0
9.801914502682646 7.376326003434256 0 0
10.56398376635682 9.866530264970361 0 0
12.3339353350002 10.89838263308303 0 0
13.11692518265798 12.64801627214547 0 0
16.68921928939755 13.1560034557539 0 0
18.64286285764587 16.69128080558013 0 0
21.40871246630027 18.71414745287384 0 0
22.13993913498877 21.52805257204519 0 0
23.22682554624395 22.62672949253668 0 0
24.39180418539006 23.2611387514457 0 0
27.40690648943913 24.59529175574785 0 0
28.32899503107252 27.60362682075693 0 0
29.64922925645321 28.52836182553191 0 0
33.2734581198759 29.73538721900952 0 0
35.05849184118186 33.37907701527038 0 0
35.61696260375174 35.07097483286351 0 0
36.09934965068756 35.86613209646078 0 0
37.39827227414069 36.200878360794 0 0
38.62601147827785 37.52450324979483 0 0
