# Status file for ctqmc. Used to save all times t_s, t_e.
10
1
12.06307916962897 12.03333909848119 0 0
1
31.86318203393624 31.80349380990295 0 0
25
0.3091811171264818 0.6032105083128272 0 0
1.46285473646107 1.473465939496938 0 0
1.922984694555709 2.135172445044343 0 0
2.541884400733379 2.736400339959022 0 0
3.467625641440403 3.576723133652825 0 0
3.747194694746728 3.906091341013 0 0
4.077101274515398 4.32517569094954 0 0
5.324977749911953 5.393730794709557 0 0
8.850272366278221 8.889031839721431 0 0
9.6826565278999 9.744723692577651 0 0
10.42987057887324 10.46041030776257 0 0
11.89111853780175 12.14291228803332 0 0
13.79257213198481 13.92839663237614 0 0
14.12447340689325 14.22625282391488 0 0
19.22949210959834 19.34177583908085 0 0
21.80983901336703 21.91828708649463 0 0
25.26881373064444 25.437878255807 0 0
26.85277398643171 26.95457411616228 0 0
28.51011318057624 28.55557719810798 0 0
28.75877367279406 28.85488805959861 0 0
29.03970482755079 29.17194165374733 0 0
31.95471401237313 32.2146714892971 0 0
33.1249673856283 33.2258686974274 0 0
34.01930670845207 34.09612529145357 0 0
38.29345505106895 38.42565320545382 0 0
0
15
1.738670162885981 1.888992957219273 0 0
2.189064349427952 2.430548809743894 0 0
2.831272402221411 3.259072600267457 0 0
3.322027568844567 3.550845595885245 0 0
5.81159194846335 5.821695914530964 0 0
7.940964055539861 7.954466559151673 0 0
9.841207385258048 9.902334974813204 0 0
12.25554785642232 12.28167905569559 0 0
13.30756760593219 13.39410715238657 0 0
15.98171975310511 16.10708278617086 0 0
16.99860934274535 17.00523724143869 0 0
17.7826438120087 17.82905017263669 0 0
26.12919585295054 26.32252841652375 0 0
28.43580659455757 28.48834305934603 0 0
34.83299922660353 35.03253325083812 0 0
3
8.307562907645421 8.273739505063837 0 0
26.20381559561485 26.07525024362875 0 0
28.37446516876121 28.35371542334333 0 0
2
10.98744399832786 10.94638886981969 0 0
38.5847911060653 38.54113173787391 0 0
30
1.005953231755754 0.9892874853650184 0 0
2.648159223058435 2.586102597058963 0 0
3.301135975171425 3.141943963937359 0 0
4.219453678025591 3.89778636327896 0 0
5.990043608191315 5.636387724398307 0 0
6.25833799633395 6.223897831511534 0 0
6.768137602504577 6.746393204478803 0 0
7.679910045854469 7.678774558828064 0 0
8.210772302421217 8.205384201941371 0 0
10.21365792228262 10.20830854489963 0 0
16.4651603665756 16.46485058784387 0 0
16.72467371908957 16.69803097443124 0 0
20.83229236631652 20.82780738311546 0 0
21.70234603365047 21.66187740147075 0 0
23.05861410906299 23.05819871646941 0 0
25.35794527639223 25.21439349724081 0 0
25.7312190566712 25.65847086517436 0 0
29.13401571409326 28.67122676574065 0 0
29.57072202366685 29.52228431074126 0 0
29.89009047789442 29.80231929524535 0 0
32.01388500171124 32.01063850890593 0 0
32.16139749496467 32.11335943219994 0 0
32.63545755122242 32.63305611148526 0 0
33.77353728665589 33.67467833041334 0 0
34.07310406331378 34.0681441545664 0 0
34.12197835419369 34.11941318455905 0 0
35.39733100382605 35.39153688560478 0 0
38.08894612296671 38.0775115679703 0 0
38.16016728796243 38.14860042204481 0 0
38.64169459155683 38.61934532472416 0 0
3
2.348747967038825 1.992444546527906 0 0
4.826287476941276 4.696442639321918 0 0
27.84836388664919 27.71137882172006 0 0
17
0.3076433361273481 0.253338364323516 0 0
0.7021281899434562 0.6936258689862693 0 0
2.591700326110808 2.589862167492806 0 0
4.576162138853995 4.462252833017433 0 0
5.13831058167561 5.127794042717413 0 0
5.935320581333328 5.915276820761826 0 0
7.554534328344591 7.459520161961913 0 0
16.85537116353025 16.79541815143459 0 0
18.08849124852057 18.08717935443808 0 0
19.06695430219931 19.03159933428961 0 0
20.07271871430675 20.05529308977281 0 0
25.66346341167714 25.64656409743813 0 0
26.14641355286137 26.07399217546028 0 0
28.52401150039996 28.49735072508022 0 0
29.72133604639804 29.71073755874342 0 0
30.92143987835275 30.85345128071892 0 0
32.17060092642056 31.88883093934552 0 0
