# Status file for ctqmc. Used to save all times t_s, t_e.
10
5
5.214253959351048 5.123522318373524 0 0
9.643561813326361 9.568331745844421 0 0
12.1912568639061 12.10146707208697 0 0
14.19940630308686 14.18585032734908 0 0
37.62303888372408 37.54548720225124 0 0
3
8.185212753216339 8.082668416107353 0 0
17.25876068231855 17.21637327148924 0 0
25.34518108842867 25.29273872603363 0 0
19
4.000127425878624 4.049645479610419 0 0
5.555803178995969 6.095159350797887 0 0
6.741333423199401 6.855132781812944 0 0
7.628261445663474 8.312397603143827 0 0
9.057991329242244 9.14224677175592 0 0
9.697193306652435 9.709631316042248 0 0
10.66495783620449 10.73868353365437 0 0
10.99336192087106 11.32809273414139 0 0
12.53897076863813 12.56406474729771 0 0
15.00127176957754 15.01991699087185 0 0
15.03080430963247 15.07521908817468 0 0
15.56653253849094 15.71526089965053 0 0
16.94837608407104 16.96866934950445 0 0
20.15907047139865 20.4192097761351 0 0
21.31111958264157 21.31857402895787 0 0
24.41762243046072 24.42600356390042 0 0
28.95968468338319 29.12834666540756 0 0
30.56223453626947 30.71926678889515 0 0
31.73631809299749 31.85459420893939 0 0
1
15.25898747113086 15.24024746816248 0 0
23
0.6476057684659359 0.07467522089188941 0 0
2.644294408761468 0.8163504635288816 0 0
2.988962503781686 2.716186008184975 0 0
3.273755111909769 3.224608912651992 0 0
5.356434087244626 3.417039626913353 0 0
6.205732484817192 5.374934107329831 0 0
7.421489698138883 6.272891855492099 0 0
8.673968459174928 7.435259147140203 0 0
9.482739730942871 8.825901154953556 0 0
10.43889407468552 9.501342656926886 0 0
10.49950134473523 10.48675343328925 0 0
14.34782311783807 10.57136489805497 0 0
19.05274778290925 14.84234168408573 0 0
19.84522146191765 19.0534080433637 0 0
20.95156829478034 19.87421623100537 0 0
21.68861544440806 20.98758411551499 0 0
24.08843726917747 21.75316504687015 0 0
30.97971877407492 24.15171215415106 0 0
33.28889440624668 31.03320863216208 0 0
33.44412929534619 33.34786923594694 0 0
35.57629879474748 33.52539157859347 0 0
36.70994258336331 35.72305004209611 0 0
38.51207085646232 36.93144304318823 0 0
5
3.72123006920463 3.714445423714558 0 0
3.784215416963317 3.737070119471545 0 0
4.367941791090743 4.313581480425874 0 0
15.6660251536178 15.59669938251842 0 0
35.71968997575142 35.58018261281536 0 0
3
9.089953862059749 9.019150278799351 0 0
11.35083170871698 11.3449131441322 0 0
21.51329123241418 21.50793053277461 0 0
21
1.06983356281734 1.051452729080609 0 0
6.536953838386972 6.527603376053885 0 0
6.938659883616458 6.936840905509714 0 0
7.21202569580432 7.21102864226801 0 0
8.320573902980797 8.318291985327173 0 0
13.68256425758531 13.67930309710746 0 0
13.80924171295175 13.8066329758188 0 0
14.10337646139305 14.09991519950991 0 0
14.50731039640936 14.48509904987779 0 0
16.68309883332228 16.68102738655443 0 0
20.09638892248021 19.97945121072357 0 0
24.61908882414278 24.55342529341679 0 0
24.95816267558711 24.93084038084833 0 0
28.09246647087154 28.0434332480296 0 0
31.10062768855949 31.08530086897774 0 0
31.18224809297278 31.16572831840064 0 0
32.20912856083783 32.2025946686207 0 0
32.54422640118403 32.49932354260467 0 0
33.4267483225175 33.38991750329789 0 0
33.88505522745108 33.83585120138272 0 0
36.59368701419368 36.58865465018791 0 0
6
2.785523826595184 2.779415262139426 0 0
8.124549685075268 7.981733749517641 0 0
10.24603817224979 10.20433609737083 0 0
13.94431652908658 13.8718144965862 0 0
26.77987936499537 26.67279386530431 0 0
30.49496805980934 30.35597032629173 0 0
18
5.023923840891311 5.008091648174435 0 0
6.16735729421922 6.157871533751722 0 0
9.121785558914027 9.085594077705784 0 0
10.43280207365118 10.37313132779248 0 0
10.54593000440282 10.52423487401974 0 0
11.11497169375596 11.02175504869926 0 0
12.9246116069711 12.44964302103725 0 0
17.48627290264314 17.47684831762286 0 0
18.40313570500033 18.38983882056811 0 0
21.00967758591613 21.00002534736964 0 0
23.30053674624234 23.27817992061363 0 0
24.06299567820755 24.05234116348963 0 0
26.41815287206898 26.40900603388849 0 0
31.90818417843451 31.86937424028265 0 0
32.54223652130961 32.48315026931559 0 0
33.93030981830362 33.9285916264552 0 0
35.28744782864641 35.25581810833003 0 0
38.3209792796038 38.30161443475314 0 0
