# Status file for ctqmc. Used to save all times t_s, t_e.
10
19
2.885499701789166 2.73261769029086 0 0
3.625852660254349 3.577621896156528 0 0
3.739467223898095 3.722653635506595 0 0
4.335463422544809 4.334507963839741 0 0
5.021021515149497 4.997168283790144 0 0
9.185144653239059 9.176238131137517 0 0
9.33254591968074 9.264831568454305 0 0
9.896583618011826 9.808736112464681 0 0
11.20101500520916 10.31788969687949 0 0
12.18101714255809 12.00143925785354 0 0
14.54985583500925 14.46849357425952 0 0
17.96064573418483 17.31850424589574 0 0
19.38765905363708 18.9877886344715 0 0
20.03431583635234 19.97290589449837 0 0
25.16821936291279 24.32918403382869 0 0
26.11782088879074 25.28220145978693 0 0
26.17431322371294 26.16194215775829 0 0
26.67263092177645 26.64576342592491 0 0
28.56752569655729 28.55668244492102 0 0
24
0.9023586888891488 0.6436776173887797 0 0
4.920882717796313 4.903477859132724 0 0
5.924994620291269 5.920224789036624 0 0
7.388754438319952 7.33344915462132 0 0
8.200440057227091 8.067017567333249 0 0
8.769781121084549 8.592908363517239 0 0
9.354612390268072 9.244571376346187 0 0
10.59974374697325 10.55864860430435 0 0
12.5115280009653 12.30056574425509 0 0
14.14789033824069 14.11701955652209 0 0
15.38090574492664 15.25866234516307 0 0
15.92946303034541 15.64741908712604 0 0
16.00937656385273 15.96732521598102 0 0
16.70169107493865 16.33551003398209 0 0
17.50746342134392 17.11688374768717 0 0
17.9965643856513 17.96013305952488 0 0
18.5744903063276 18.52240827414111 0 0
19.09215453595609 18.60833253300894 0 0
20.09303431979987 20.05513641537832 0 0
21.47911864332016 21.33988332960541 0 0
24.8774354632457 24.76340241200323 0 0
26.59459863949234 26.58253460797737 0 0
27.0106606638288 26.78861222475652 0 0
29.7008077061877 29.32279186052964 0 0
6
10.6535718912563 10.50029219941637 0 0
10.83566507777353 10.721282596507 0 0
10.99496861678846 10.90435971070001 0 0
18.4383329714441 18.37033856330411 0 0
23.21668966262786 23.13746836590078 0 0
29.31970621678726 29.2322673475149 0 0
23
1.997604429406706 1.954480799428014 0 0
4.110994261884798 4.018920804916185 0 0
4.703966398097025 4.69333389000203 0 0
5.874781757226629 5.698549410612157 0 0
7.590953769440298 7.493211817541995 0 0
9.313181683021327 8.263403753236918 0 0
11.46691246042337 11.45359626670185 0 0
12.49057813913629 12.3394891201173 0 0
13.75124417477606 13.03481665339686 0 0
15.07017095604454 15.06737597879853 0 0
15.50261487760162 15.38397869654886 0 0
16.33333015624682 15.9569874715227 0 0
17.26369158713669 16.79472718960582 0 0
18.91108056984653 18.13394147199661 0 0
19.81668886325983 19.20145098850368 0 0
20.12175441252316 20.03920814737681 0 0
21.74346003480708 21.43969599654694 0 0
21.85423847621454 21.77913408769636 0 0
22.5539819644876 22.12115438975168 0 0
26.38922072082527 26.28103822980194 0 0
27.07385661194172 27.07245819920901 0 0
28.41518790644241 28.27876705513766 0 0
29.56714821890275 28.42290581623548 0 0
13
0.02046130383951095 2.149945270601192 0 0
2.303914116446252 4.947971489973889 0 0
4.98529639204426 5.557078932253891 0 0
6.312294617618472 10.7219446556878 0 0
10.82979015615234 13.68986912902944 0 0
13.90557548019044 14.44439930602574 0 0
15.11220972771284 15.36324502893155 0 0
15.61710432947043 17.34409635282197 0 0
17.35614935425684 18.60282808636 0 0
18.67150113539265 18.73723928213317 0 0
19.03157170558725 26.35986634425909 0 0
26.4199043768936 29.50739167526273 0 0
29.54792372483656 30.03656557172825 0 0
25
0.2702373734125175 0.7659357327298151 0 0
1.444619447413407 1.462779879534359 0 0
2.876302128653063 3.038873494443145 0 0
3.045395918396912 3.54678321501703 0 0
3.584638957610766 4.433870131259182 0 0
4.844700606789115 6.20868776535417 0 0
6.346322237138997 6.654241848400456 0 0
6.846034239185665 6.883881899655456 0 0
6.901013364137361 7.184179333977696 0 0
7.217531096661191 7.481972600435151 0 0
7.571124489087262 7.84362422615472 0 0
7.885232746522377 8.85886900307912 0 0
9.202655813058863 9.933864270907657 0 0
12.01813311692924 13.05515053093408 0 0
13.39646443634233 14.02303323095591 0 0
14.31106375985983 15.85491602787221 0 0
17.22177818397465 18.25874970471075 0 0
18.45017165985254 18.716786310046 0 0
18.76693200949853 20.25581788230212 0 0
20.48050246986804 21.01421767342143 0 0
21.49850250536906 22.31332014806889 0 0
23.4210016253071 24.96340207300955 0 0
27.87974636515409 27.93177278966781 0 0
28.12024198035271 28.41175174200621 0 0
28.52466732521805 28.65480633322217 0 0
29
0.2639206987748549 0.2548631662736405 0 0
0.9442161601325778 0.5194644169441709 0 0
1.458538535651685 1.162647406165615 0 0
1.66660011591026 1.591242553131463 0 0
2.54789140115168 2.534101722376834 0 0
4.843410998010097 3.292216660300238 0 0
5.749747651749395 5.204509484667379 0 0
8.223931697852496 7.146065236642034 0 0
9.64003078875921 8.702853556840807 0 0
10.85573810632394 10.08056231896868 0 0
11.02203700716963 10.99773297495281 0 0
11.86743720064581 11.17604106806433 0 0
13.19104327173164 12.92635036433778 0 0
13.52559757264579 13.21841489361632 0 0
15.681551280014 14.19374022669937 0 0
16.73876821249427 16.28396463209136 0 0
17.20102314915215 16.94672070113286 0 0
18.37231719266983 17.48800091401512 0 0
19.17750163551842 18.98081631099818 0 0
19.2376829189064 19.19668890166835 0 0
19.79356920971363 19.77984416340562 0 0
20.59350369364387 20.17434252356251 0 0
21.09725411959774 20.77333689426666 0 0
23.91765962716212 22.46199487274476 0 0
24.6705516259243 24.60329554527241 0 0
25.27516498833364 25.15630405587221 0 0
27.79031350221471 26.9919002092204 0 0
28.45704322298966 28.02486621425302 0 0
29.70909279060633 29.42078506636481 0 0
15
0.6672642402384632 0.1288955175194175 0 0
3.326037209688778 1.633509323341136 0 0
9.258685565010424 3.383256553384838 0 0
9.538150995566399 9.407461587922073 0 0
9.895907829033515 9.625100283094406 0 0
14.58657499285016 10.74085302863703 0 0
14.81786861734412 14.72252781813987 0 0
17.03536155831464 15.79508103675205 0 0
17.97386318536686 17.29609467288716 0 0
20.62068662473282 19.27824124500045 0 0
22.85362881151909 21.41522673764934 0 0
22.98078470300042 22.93611289702757 0 0
28.38512645521504 24.8987835702309 0 0
28.62083060484186 28.51649058609097 0 0
29.95132002016168 29.59176470334911 0 0
32
0.07588687525339566 0.3169775324844046 0 0
0.42000170561874 0.4486550783556232 0 0
0.603084969384075 0.7243759575645634 0 0
1.317657635949875 1.595268608434995 0 0
3.187998099219878 4.093687657761357 0 0
4.523366219864427 5.447466793817097 0 0
5.488296546034482 6.118335988478922 0 0
7.618692705483824 8.032511180233998 0 0
8.061297318606107 8.114817282394828 0 0
8.14682602094217 8.264050066435491 0 0
8.474354604352763 9.308759427477465 0 0
11.21522135941446 11.88574170981468 0 0
12.96441107551404 13.09256568719815 0 0
13.12556074176004 14.00609138406128 0 0
15.7698096717099 16.39221057692637 0 0
16.52671581929598 16.58169132117535 0 0
16.6009043996029 17.85348068777764 0 0
17.86390446380416 18.7620695245936 0 0
18.76248189957135 18.86169792981913 0 0
18.87567648003798 19.03396599978471 0 0
19.449026402131 19.46295756485401 0 0
19.61034734401536 20.65429281493278 0 0
21.33478504706858 21.6497280321442 0 0
22.92384734767361 23.38994311893967 0 0
23.38998640149002 23.61335268740425 0 0
23.77626945152722 24.12132897299897 0 0
24.70642062078255 24.74885432507985 0 0
24.92795792777037 25.12839992857584 0 0
25.22074096318374 25.46206174758225 0 0
25.47887980194187 25.88419575412589 0 0
26.4261372391597 27.20785843102607 0 0
27.91867576937468 29.42172922869708 0 0
24
0.6438775794137221 0.7696280147635368 0 0
2.307253395105769 3.419765418898389 0 0
4.389586003483672 4.684972868421134 0 0
10.46111538229704 10.9549663705688 0 0
10.95998196872944 11.77450480319611 0 0
11.93938274335772 12.0305973344826 0 0
12.10336316505701 12.57010566185199 0 0
12.96757288280453 13.4884817096041 0 0
13.79032416376427 14.74032205251128 0 0
15.82607102362939 16.03982968375163 0 0
16.11375870588049 17.06069025186234 0 0
17.99878691477809 18.0697765352739 0 0
19.20361426846298 19.33299492699381 0 0
19.79406649713066 19.8654889980977 0 0
21.30836174177147 21.62097562894355 0 0
21.96383751490578 22.1487427344377 0 0
22.55627158324544 22.79205454877991 0 0
23.05032643130832 23.14897229331075 0 0
24.57250759714497 25.45028766204317 0 0
25.74389505942031 26.44727693345485 0 0
26.67982244879383 27.44617388075288 0 0
27.63635166745856 27.65216205528566 0 0
27.79814881181062 28.20186424575434 0 0
28.82210008948409 29.06373285760252 0 0
