# Status file for ctqmc. Used to save all times t_s, t_e.
10
21
0.2323039215506029 0.1535045891516198 0 0
0.8693369384021464 0.516308776539662 0 0
0.9560769824464429 0.9416351471479328 0 0
1.145566751498301 1.109881052117933 0 0
1.419747030912546 1.398368854211621 0 0
1.951698595027375 1.87228268401411 0 0
2.072844675090595 2.014527049218361 0 0
3.765065520182036 3.732719517615554 0 0
6.157122958892045 5.382926249004695 0 0
9.493508667035883 8.760719378478818 0 0
10.78317338519382 10.56460080774414 0 0
10.85265881039874 10.81201689002034 0 0
12.19083576673619 11.92487546398728 0 0
12.34813107947862 12.26710563550589 0 0
12.7734519935361 12.7517285264111 0 0
14.73927632726062 14.50977592540886 0 0
15.00822942446046 14.9955831946262 0 0
18.09489640470369 17.94515436422307 0 0
24.64402470084761 24.61566963885178 0 0
25.64156704773982 25.62622354273419 0 0
28.92199890532358 28.6976447542159 0 0
16
2.247882865015832 1.775256401061909 0 0
2.429500894070578 2.366989639279007 0 0
5.036376001757683 5.001374308317546 0 0
5.722561676968591 5.718069092741557 0 0
6.355027702390593 6.250077892502773 0 0
7.927124836797073 7.893802536617843 0 0
9.216886587222707 9.195660607350643 0 0
11.15419419032877 11.14100419567165 0 0
12.15722192985658 12.08884114891246 0 0
12.69180343829897 12.35719015215615 0 0
21.72407469630549 21.68847048647969 0 0
23.14569456441532 23.11141167748816 0 0
24.1620506112438 23.15499882041939 0 0
25.37492426358851 24.94933900183477 0 0
28.98549139929131 27.43602033413927 0 0
29.54958782703679 29.27964163111123 0 0
17
0.6645274728886612 0.5612315057209685 0 0
3.747772986607964 3.618788053780641 0 0
5.765704212756742 5.584211327021627 0 0
7.137109290370637 7.091816208055968 0 0
7.951782285824924 7.346749323701157 0 0
8.82729217982363 8.437207531472341 0 0
8.867470603827272 8.849081996704346 0 0
11.89945555609465 11.88640953214651 0 0
12.37655858056761 12.34322851881065 0 0
12.92235043620686 12.78144543625987 0 0
13.7435279019846 13.01604042170365 0 0
21.32419064397559 21.27267740417634 0 0
21.8062383931852 21.5970631390128 0 0
24.0254348815512 23.72123505725799 0 0
27.20581131988403 27.15252098076952 0 0
27.41120165552439 27.34587760071203 0 0
29.0587617481528 28.90361555207517 0 0
24
0.9921099710963196 0.8877726154324842 0 0
1.354257435829106 1.11200478588222 0 0
4.158156313885661 4.1518170096224 0 0
4.728994671724355 4.626338977006866 0 0
5.366695811726025 5.208630104624391 0 0
5.932090615590118 5.743610590625438 0 0
7.414733312471364 7.214227943692058 0 0
7.912058672048737 7.850032441131332 0 0
9.21990583301525 8.736808420555729 0 0
9.371535180934382 9.351240114258434 0 0
10.67400283579144 10.46596263201851 0 0
11.23791228298459 11.2287364531297 0 0
12.13347736124022 12.05941605506406 0 0
12.19040062510692 12.18454613546027 0 0
12.25255841187968 12.20847160738651 0 0
13.70672349501054 13.65750428458802 0 0
13.95484695245352 13.73224571973314 0 0
16.23638526699305 16.19834873988891 0 0
17.72258485842817 17.66135845069131 0 0
18.43672168061421 18.42181999609983 0 0
20.1379934893045 20.0308610562938 0 0
20.24278489947466 20.21955781729578 0 0
23.94230209359027 22.34427001082048 0 0
26.42334305233261 26.25662874542097 0 0
6
0.9843504099900404 0.9799877453914441 0 0
10.45345033379109 10.43029307489653 0 0
18.25455942177084 18.05727393012997 0 0
20.38926569157287 20.24325062177391 0 0
26.90564316058236 26.85810902439702 0 0
27.90728966050576 27.79377121856217 0 0
29
1.287136571011273 1.350470867437165 0 0
1.604969583137176 1.704853471366254 0 0
1.797199912517868 2.001094698214883 0 0
4.338992238613439 4.459980938520562 0 0
4.597548959739686 4.623889763110566 0 0
4.673571682777736 4.680065324148784 0 0
5.284543072060329 6.207990777357344 0 0
6.599172298290106 6.714098085568231 0 0
8.684986869285495 9.582862369516926 0 0
11.03054861481166 11.04976364961476 0 0
11.20404466734323 11.69030474787941 0 0
11.91470376517081 13.64309075037197 0 0
14.35287608381037 15.23031327188682 0 0
16.91827900206346 17.45880849345773 0 0
17.60990422415298 17.72167810340709 0 0
18.43430021808166 18.60129929798693 0 0
18.67891757772387 18.81870362275955 0 0
18.90555888828074 19.21127618599232 0 0
19.83775934927913 19.89269223416166 0 0
20.46142808072992 20.57007454850975 0 0
20.9266767123405 22.41105282319835 0 0
22.44520936150223 22.45368192406173 0 0
22.81486969179517 24.01527861674881 0 0
24.86172811309698 25.01410286179419 0 0
25.02136451217014 25.16234240102558 0 0
25.3112875225835 25.60435677406346 0 0
25.8641029709645 25.95252573019077 0 0
27.34705547620165 28.1818454004807 0 0
28.42425149551553 29.12975016373081 0 0
34
1.729743114404321 1.339184846964188 0 0
1.992582127699609 1.86767044932919 0 0
2.432989732904522 2.409536781967254 0 0
3.036070474289171 2.958770649302336 0 0
4.326762958030197 3.347787199924998 0 0
7.435660095232761 4.557722441679064 0 0
7.6311311998518 7.575537545483988 0 0
8.476611976396095 8.238624919207505 0 0
8.686540899670819 8.57253132534408 0 0
8.736974451675581 8.731163349233382 0 0
9.842564147321308 8.869129546412406 0 0
10.11806634081455 9.949663439444164 0 0
10.6019906943294 10.21425383929595 0 0
11.37499516738647 11.11100028500129 0 0
11.76038712670267 11.39245151100032 0 0
11.98503377283222 11.9739947120655 0 0
13.52689753542198 13.41092343941281 0 0
15.30371062065314 14.06826105503878 0 0
15.60256163762936 15.5159443350143 0 0
16.09207696602518 16.00737227412078 0 0
17.06041871022859 16.57719245571327 0 0
18.27190036212905 17.07189308635579 0 0
19.312257764471 18.75430151387273 0 0
20.14943216998875 20.13001554788215 0 0
20.80647666373807 20.69961955256531 0 0
22.01855626519233 21.72851401096191 0 0
22.41549609196746 22.1783783344869 0 0
24.14654188478898 24.00987871334112 0 0
24.42315515815118 24.36156229102236 0 0
24.63826459798088 24.60960942214338 0 0
27.54284273614535 24.6846151528235 0 0
28.07068296073036 27.87045256645533 0 0
28.44144109609567 28.3892737377585 0 0
28.72829088338698 28.5543956892317 0 0
24
0.6088331056963003 0.1054485595673427 0 0
1.759423974582886 1.116624604157973 0 0
2.043797741290804 1.995838305770362 0 0
2.894922844441004 2.219806342647006 0 0
3.793544859359492 3.182168871522934 0 0
3.839002262243626 3.805154091899157 0 0
5.500956595429709 4.011506461039798 0 0
6.228618517304645 5.649874633923731 0 0
7.081778331282774 6.334662104770712 0 0
9.421259692669397 7.371111897613897 0 0
11.53936038067001 9.482823044871374 0 0
14.96603148069067 11.56781602295142 0 0
16.56716612019015 15.02690093901416 0 0
17.38843351304929 16.59453612167859 0 0
18.73434809503295 18.70008093399115 0 0
20.90405231214542 18.73752833973171 0 0
23.46583843725046 21.07027158007003 0 0
26.16070560845568 24.14264474871101 0 0
26.34683282488058 26.21253335848825 0 0
27.33853374668931 26.41461795126979 0 0
27.85697391709869 27.57748095705838 0 0
28.46213977723698 27.95342706955772 0 0
29.18702582685123 28.48035065830579 0 0
30.0031340221387 29.38466913467089 0 0
34
0.7904695116582943 1.495641773396128 0 0
1.556570422050437 1.579256092324578 0 0
1.640445439460295 2.327763845105071 0 0
2.350026923083925 2.531394245786361 0 0
3.315004302335393 3.472452902577947 0 0
3.505720802053306 3.841917704215892 0 0
3.851231940698704 5.425635185084682 0 0
5.610571644146742 6.789395776551727 0 0
6.858404926187017 7.739415912513108 0 0
7.818245464242665 8.30895493002572 0 0
8.437905009231006 9.440654980612447 0 0
9.484750206701579 9.939414660492744 0 0
9.987495560022969 11.28121076116826 0 0
11.80986726952704 11.87179163544955 0 0
11.9576207735278 12.52587291445477 0 0
12.63536790738166 13.75842499689695 0 0
13.94290773378745 14.32136368742809 0 0
14.39618001285429 14.86075943094053 0 0
16.69450246442679 16.82993466958933 0 0
16.88687876919783 16.94956016998555 0 0
17.20777522305103 17.30241495086186 0 0
17.31626185395513 17.39369126472433 0 0
18.23858219291209 18.42502226828217 0 0
18.61219921256039 19.22696372582158 0 0
19.3984050045704 20.12662067423437 0 0
21.54834910025643 21.58518955428684 0 0
21.66527225813606 21.70758452291136 0 0
22.33312155404914 22.52784064341843 0 0
22.5344176697125 22.82114131698757 0 0
23.07411905731082 23.34174492206811 0 0
23.67114021828803 24.00682618699321 0 0
26.82284025098066 27.0091564711104 0 0
27.14295814590819 27.23882444916937 0 0
28.1874881328341 29.88187977111171 0 0
15
0.07326058544177272 0.4721397471247109 0 0
5.433507918740936 6.82397622630514 0 0
8.709956222824527 9.559792135287175 0 0
9.682469878958258 10.97725492678351 0 0
12.11232800231847 12.24639995729479 0 0
13.79084531660402 13.88572584763602 0 0
14.30836383465049 14.67766205903119 0 0
15.72591736860012 16.37114255453402 0 0
20.93571425478298 20.96147112201342 0 0
21.88730221634675 22.71346973111196 0 0
22.95257041723886 23.05276868306536 0 0
23.4299693711779 23.69446428568148 0 0
27.42879851966996 27.48052335973307 0 0
28.80693208065899 29.02000937498493 0 0
29.29816408023511 29.75400855715297 0 0
