# Status file for ctqmc. Used to save all times t_s, t_e.
10
33
0.1167508672120618 5.233784234942103 0 0
5.328730743691584 5.55523720128377 0 0
6.048416215547104 7.084097877762264 0 0
7.217731467511215 7.339863114474692 0 0
7.399457681183257 7.49402467734147 0 0
7.63141876512146 7.779217407198581 0 0
8.147518946018931 9.112208031367086 0 0
9.190799774396174 11.0316988000004 0 0
11.05460011116743 13.42292893099035 0 0
13.42464016120671 14.47660377944695 0 0
14.81199195335257 15.10844263693196 0 0
15.21227397454241 16.24685345809241 0 0
16.3778341263964 17.07897554634332 0 0
17.12057132869177 17.26887090149791 0 0
17.39571995871068 17.50091044197697 0 0
17.53357247331298 19.07349873603842 0 0
19.14526168497343 19.46523765134268 0 0
19.48539318748786 19.67454329047717 0 0
19.68288060368321 21.65586971600055 0 0
21.69922762287081 22.01576483337369 0 0
22.03257970556259 22.50612223054426 0 0
22.54477878829248 22.6022115086576 0 0
22.64023194122512 23.38703632794932 0 0
23.82667774951227 24.49595053828368 0 0
24.51769629270175 24.90849444948316 0 0
24.93045286481683 25.25262702380456 0 0
25.28498210490474 27.42494377388381 0 0
27.45309394627583 27.96658066156562 0 0
27.96910999967735 27.97825455227767 0 0
28.1109403487198 28.14460830120596 0 0
28.20630385311568 28.79568280829179 0 0
28.82035256562072 29.37688295575809 0 0
29.39824382473299 30.04359997980948 0 0
20
2.660102913475581 2.222037136246406 0 0
4.673412579440465 3.154796900452969 0 0
4.941419794002217 4.800830777253012 0 0
7.122770962707114 7.054148345667749 0 0
7.62679918916337 7.619192711245283 0 0
9.558314407383293 7.708976117261501 0 0
10.39660767185201 10.38677814928993 0 0
11.45801794378459 11.16885242962428 0 0
11.75190116286418 11.72494904983616 0 0
12.09140831786951 11.75323483378983 0 0
12.55618781915443 12.52095363137462 0 0
14.04819675954834 14.04044995239066 0 0
16.2158001273652 15.7598874150437 0 0
18.10417034805226 18.07306177736998 0 0
22.27252331075287 22.2646953423601 0 0
24.58714272671362 24.27160333834035 0 0
24.93613660968635 24.92581511680669 0 0
25.87309528857115 25.51668361228309 0 0
28.70252059752404 27.44749340042903 0 0
29.592133315981 29.56745627704333 0 0
10
2.418927641224176 2.409735997803397 0 0
3.502408183191764 3.282473047552225 0 0
5.599854672851443 5.455986093029432 0 0
6.755801485871755 6.746399220554641 0 0
8.923259963708388 8.889364776071812 0 0
11.49700211757834 11.4242341217846 0 0
16.82113572926002 16.39374459923883 0 0
17.75517440931647 17.30051376981048 0 0
18.62575086363752 18.41026878034263 0 0
24.54604901294386 24.53416683266048 0 0
21
0.1191250652311737 0.603626553313795 0 0
1.065573526905735 1.42518580115647 0 0
1.479178948408608 2.704101621051476 0 0
2.968085101407414 3.032712831968474 0 0
3.181596401369209 3.212594755177053 0 0
3.441708189174375 4.05108164369676 0 0
4.204906092012169 7.889628471093063 0 0
8.009732154689317 8.438670326498009 0 0
9.565404655068743 10.97121737669594 0 0
11.06827853342027 11.19257757853858 0 0
11.23526854925453 11.85156945199921 0 0
11.88471442051639 12.19057539920014 0 0
12.19324975008702 16.31482537398064 0 0
16.71530847717802 17.06451821202014 0 0
17.13635567284769 18.80261882187092 0 0
18.85884511858229 19.63038508307188 0 0
19.72057995520927 20.03460269588954 0 0
20.20906481491443 20.67698198550806 0 0
21.56865036219479 21.57575347188772 0 0
26.25154904145417 26.72749952691733 0 0
26.74576704663959 29.84664215457812 0 0
9
4.281430368850922 4.264689373125497 0 0
4.925548558428676 4.73015521616878 0 0
11.53365396818594 11.49482558169139 0 0
14.27507946547014 14.07815311304666 0 0
18.18143981307375 18.02453401899023 0 0
20.07843036426286 19.2238475725342 0 0
20.30300279271813 20.17504666486659 0 0
21.07332057547079 21.05692314206828 0 0
23.91313773801819 23.83982402707825 0 0
31
0.9619740110395887 0.5249925432531946 0 0
1.763211828275383 1.735852658600409 0 0
1.975307850336255 1.942936514277571 0 0
2.423394109299099 2.033462809855787 0 0
3.284750369945102 2.83230737060412 0 0
3.69033069494645 3.634964522242234 0 0
3.786732529484413 3.744446291729298 0 0
6.623144635010951 5.432265058250148 0 0
6.79543828121952 6.711337820994196 0 0
6.898821411177775 6.807726927209381 0 0
7.741474929747525 7.700745649111175 0 0
10.75890943856126 8.667131736724402 0 0
11.48107078919838 10.94332732460957 0 0
12.9664542622108 11.49437666981864 0 0
13.29167060562651 13.21185034360105 0 0
14.69158697929989 14.25909705986772 0 0
15.01562912515287 14.86598458502285 0 0
16.0256140102541 15.53119701530249 0 0
16.4903011873575 16.40089421945749 0 0
17.01846139233474 17.00272459557091 0 0
17.74405306408613 17.0201318212569 0 0
19.60406449222861 18.05807642510641 0 0
19.89703368729912 19.68451376936137 0 0
20.93858310288364 20.80585460116446 0 0
23.41435445783586 21.90197865609126 0 0
24.16517373238781 24.00855477197413 0 0
26.2782204563283 26.24376381854455 0 0
27.82715405663726 26.43700062415988 0 0
28.17382664403745 28.05718635968656 0 0
28.98234419417225 28.9170886861767 0 0
30.00442253616576 29.9549494721511 0 0
32
0.08643877771302044 0.1569630768917207 0 0
0.1727809379978094 0.9556604990755194 0 0
1.214722385831355 1.278615408155008 0 0
2.294445528416815 2.488250877914976 0 0
2.521638780442281 2.774362792324104 0 0
3.026794620313789 4.760766171894763 0 0
4.769511832085786 5.03871621376023 0 0
5.643234996717762 5.840049847533442 0 0
5.963580499061621 6.418392374666563 0 0
6.540326795300254 6.557119701888686 0 0
6.584142056302613 6.790702783850548 0 0
6.850625474980362 7.390920529509775 0 0
7.424455371491685 9.220822539927317 0 0
9.29652409854681 9.490985224612391 0 0
9.647679469722 9.75866785344788 0 0
11.72544239784434 11.88493647421876 0 0
11.93536411235183 12.34339975300394 0 0
12.58401451735816 12.69937852534413 0 0
14.43360047588388 14.651008689203 0 0
14.83467954827132 14.98668329193013 0 0
15.54599614813685 15.84344697892089 0 0
16.33176409363093 16.65999562788987 0 0
18.08895126649648 20.76409290205606 0 0
20.8600224559749 22.04571193950337 0 0
22.15347503514516 22.6441764767003 0 0
23.47830571570388 24.58710231970251 0 0
24.97132702902688 26.13207017892165 0 0
26.78177096682876 27.86633420587013 0 0
28.45920234870363 28.51088703187694 0 0
28.57909376459319 28.66666867213261 0 0
28.94504476453417 29.07830825741526 0 0
29.24163086384388 29.29990874775477 0 0
22
1.355634989391541 0.4436143392809696 0 0
1.795253453475869 1.635105374135858 0 0
3.850834565352003 2.015109258195634 0 0
5.108233939936203 4.074786298443671 0 0
6.939359980566261 5.577587863917916 0 0
8.730584440536767 6.94739385418006 0 0
9.043534332249253 9.009869714577572 0 0
11.69475890919546 9.301645255670733 0 0
12.35086901501213 12.30487794369137 0 0
13.00281832053426 12.74919803917596 0 0
15.89152526389195 13.22198312559584 0 0
16.43381650270008 16.00012225484479 0 0
17.28879302995829 17.02373252380969 0 0
17.56700938112495 17.54137924076363 0 0
18.41101215065757 17.80316571008466 0 0
19.86889008971695 18.99736841454992 0 0
22.49788550225147 20.47068587325726 0 0
25.16668387906559 22.83911838659965 0 0
26.66566036844155 25.1854804046091 0 0
27.30169378529646 26.97372490768591 0 0
27.85201567412416 27.33388717461149 0 0
29.75615666265939 28.61496698476 0 0
30
0.9052238611423876 0.8612571611756394 0 0
1.561802127365228 1.489797161959692 0 0
2.331157005718187 2.312088768057903 0 0
3.634898078845244 3.482853276434232 0 0
5.229550182278294 3.772608231345325 0 0
6.598223729581719 5.465739964643583 0 0
8.077148469945387 8.0120485851106 0 0
8.422207534690211 8.390932326274196 0 0
8.89544517254563 8.78583038825011 0 0
9.072195927158607 9.064578303432768 0 0
9.162425117735818 9.107387381129779 0 0
10.03010026168218 9.869005248888694 0 0
12.53817583782188 12.26285210872695 0 0
14.24167100186065 12.86914533727149 0 0
15.41190831242266 15.34087985549153 0 0
16.06492204182414 15.66040418556907 0 0
16.71650902445181 16.61036553991636 0 0
18.58179104735213 18.47470716346763 0 0
20.20654233532602 18.84881542993275 0 0
20.77334099793634 20.29792978615496 0 0
21.71745361581953 21.52813359183146 0 0
22.91885718805755 22.62337604008382 0 0
24.35943461452034 24.19336163967851 0 0
25.98909028026764 25.79497612296521 0 0
27.54186868287332 26.04291982469033 0 0
28.06314110127543 28.01693624211072 0 0
28.17453334518497 28.1270206928191 0 0
28.45045263102692 28.42810875906361 0 0
28.86399109817797 28.83331249586509 0 0
30.06333464332236 29.14571643004026 0 0
28
0.2987378761266737 0.9858372467023989 0 0
2.059379245267151 2.331084166506457 0 0
2.9342520350523 3.096430664564328 0 0
3.464607929427044 3.478976195677063 0 0
3.872667356657792 4.48705615756721 0 0
5.203405883006243 5.340553636031699 0 0
5.376432035734131 6.041826769726229 0 0
6.708473716925377 6.737986603776527 0 0
7.823048063148152 7.87763942637846 0 0
8.206609911344014 8.371499671246916 0 0
8.524095061957382 9.028977554610899 0 0
10.53543309515153 10.63141352497235 0 0
10.86689158052185 10.8951825042115 0 0
12.58402416173891 12.60064580863624 0 0
13.02975834960574 13.0824514672256 0 0
13.35208748518072 14.34283235408192 0 0
15.84096015116208 16.17188715001086 0 0
19.56672289348569 20.04179250522554 0 0
20.21725899343264 20.44317262830731 0 0
20.83501781141459 21.05503925138208 0 0
21.97914248649709 22.30859265455464 0 0
22.5091334319051 22.84599465918665 0 0
23.68211465836817 24.16820977959922 0 0
25.02104302140669 25.44448250313013 0 0
25.87408775397559 26.34115610365141 0 0
27.4754719908909 27.60220305949104 0 0
28.09682783753321 28.20555435378754 0 0
28.56566040712018 28.64240146442412 0 0
