# Status file for ctqmc. Used to save all times t_s, t_e.
10
24
2.883692072266121 2.855492983599865 0 0
3.382467532088562 3.323902971575415 0 0
4.084965076201771 4.066969454424257 0 0
5.544852113803181 5.34081356811501 0 0
6.041391846797519 5.886512735996176 0 0
6.229972820535171 6.175379741982571 0 0
9.925851184919718 9.728397116654778 0 0
10.49347224994099 9.972514191690124 0 0
11.23314288658597 11.12227714339201 0 0
12.38576563140443 11.79862322253621 0 0
12.7250040467903 12.61254340942911 0 0
14.14007884202491 14.12413941724185 0 0
15.59282337651354 15.56200795280068 0 0
16.00322392351309 15.71918758178582 0 0
16.88637716020371 16.19639208305804 0 0
18.22259090152382 17.80264397708084 0 0
18.88187119623877 18.53876688130207 0 0
19.82690007957022 19.62742753666507 0 0
20.57736500213038 20.53756483071156 0 0
22.28270852126555 22.2287806825534 0 0
24.82141185738929 24.75688644219812 0 0
26.43674260731349 26.34349389474849 0 0
26.77488979812422 26.47510289553072 0 0
28.7357538140296 28.31447009770473 0 0
16
0.440081042877555 0.4210745627545407 0 0
4.045324975873172 3.95561222181326 0 0
6.219113877457608 6.196089909809232 0 0
8.819859724533599 8.735710684934697 0 0
10.62161612262364 10.61893761865618 0 0
11.44563596124756 11.34333645227059 0 0
11.67279522086382 11.66846449525413 0 0
13.96761625558779 11.78055040053475 0 0
16.35791590248091 14.05928651315717 0 0
17.1230075874091 17.01238750264605 0 0
19.51003141894794 18.50350929252583 0 0
22.50212665060097 22.46783462389862 0 0
22.9633786446856 22.92260144783013 0 0
24.26143391331622 24.16148243986162 0 0
27.50455935371534 27.38977120119136 0 0
28.37897733525761 28.27592056307219 0 0
12
1.520223037290599 1.461894655966705 0 0
2.868454996838172 2.797724184308017 0 0
4.421485798147072 4.368986004582094 0 0
5.007311828608922 4.714418751528844 0 0
11.45525007859261 11.37512915481908 0 0
13.55052076223242 13.33573677451229 0 0
17.58286696634556 17.39298609110067 0 0
17.8686556817965 17.80351649456121 0 0
19.9571770555661 19.10236418820698 0 0
24.28319759346745 23.26583962297753 0 0
26.62995153758096 26.60443594220222 0 0
27.08871746834938 27.06949268896075 0 0
26
0.5397669736859443 0.5290825027014321 0 0
3.062067647671528 3.007334671323817 0 0
4.200231323883254 3.834057124640618 0 0
4.557167470534895 4.528515631774207 0 0
4.760726427370451 4.710919579372089 0 0
5.308358046370453 5.214066411007643 0 0
5.75435054998519 5.643608716034497 0 0
5.999045733807099 5.967076770984266 0 0
8.317374883568995 8.306250083853113 0 0
8.654410794974122 8.654138392500174 0 0
8.887652932206688 8.83502685533883 0 0
10.92006058700215 9.429963841204701 0 0
11.87986664060834 11.87733162850296 0 0
12.43788793422295 12.43413507956492 0 0
12.7196247530873 12.67888254434485 0 0
13.43287428410935 13.42827106992847 0 0
15.72873788357452 15.57512615309428 0 0
16.68953660321918 16.55248567461453 0 0
19.5516003544135 19.53644918036828 0 0
20.13558169064134 20.10471594952768 0 0
21.9348921927476 21.7253669795365 0 0
23.06432082192675 22.00473186182132 0 0
24.05053785152213 23.90462100812485 0 0
24.37168259662354 24.36725392405069 0 0
27.82633117205214 27.80020670832713 0 0
29.86043981257797 28.20194877221666 0 0
9
4.223173048098698 4.196876304909932 0 0
4.67511651551404 4.644997681464758 0 0
5.8001409386143 5.688798690938127 0 0
6.561246548382933 5.821021123434966 0 0
13.8754157169872 13.70455866184354 0 0
15.5354999819174 15.53180165584457 0 0
19.39252940036432 19.26895133947249 0 0
26.05322329205458 26.04125969549941 0 0
26.44211415216772 26.4108524467229 0 0
33
2.420808227252685 0.4747618254405495 0 0
4.521243699880653 2.573762058219984 0 0
5.171630688197913 5.136639488041146 0 0
5.419211825967496 5.21188111284358 0 0
5.614820018713545 5.566202944600658 0 0
9.362613864685448 6.657410438880726 0 0
10.60547753142408 10.55080579775106 0 0
10.72001819004437 10.62283059891298 0 0
11.43442070184912 10.80495731872035 0 0
11.62104805067966 11.60646738401856 0 0
12.45764517621625 12.27730558228816 0 0
15.23895530096854 13.81713109828856 0 0
15.38443512763433 15.34988398708544 0 0
16.15447801551607 16.0140314262802 0 0
16.52132611674485 16.46203707045317 0 0
17.27513046240585 16.83382255653021 0 0
17.86075977227309 17.85052802875301 0 0
19.39456226143335 19.33520085399894 0 0
20.78477236867376 20.73307433420198 0 0
21.68312346671254 21.09841237502568 0 0
22.23791830330457 21.78401012024287 0 0
22.6702936916316 22.59574401618127 0 0
23.37068201513033 23.18452961489188 0 0
23.90038455050843 23.43079551888614 0 0
24.43098655862764 24.3943369960073 0 0
24.70577126167229 24.64266228518133 0 0
25.23835778607151 25.16442786085328 0 0
26.03230692406666 25.80692904883478 0 0
26.17045792802849 26.09198380888316 0 0
26.4671795193949 26.24422698522979 0 0
28.22620912528114 27.64340354533583 0 0
29.25020186138181 28.50846444073471 0 0
29.98147228419072 29.61807686032304 0 0
23
2.558917129627194 0.4584967468074588 0 0
3.525863599291529 2.666184794083445 0 0
5.494772485752751 4.080192935993145 0 0
7.102325533841488 5.596565185503096 0 0
7.374143873429747 7.308118007265676 0 0
9.636912903970968 7.587957946872074 0 0
10.32134595296454 10.29467530204169 0 0
11.79323188776111 10.49780594390676 0 0
14.63752552748494 14.61532115186277 0 0
17.89445528124162 17.11512055254973 0 0
18.99028518615825 18.6884523536474 0 0
19.1428320178855 19.13870261846043 0 0
19.83884743835835 19.8324026043621 0 0
20.34467962018616 19.83950991806233 0 0
23.70842987181059 20.35215114173557 0 0
26.70265692461223 24.19353505090893 0 0
27.34026996508742 27.06413051153368 0 0
27.57063837522591 27.48549821363755 0 0
27.93997134429375 27.57746910504904 0 0
28.08955391924374 28.07135983528671 0 0
29.45684462892849 28.5362447900942 0 0
29.70174794872594 29.69930368970908 0 0
29.95390337112196 29.87761260351369 0 0
17
0.9439746323137435 0.1446013762981799 0 0
1.293113337762762 0.9541288995734168 0 0
2.299434366820695 1.486209181515381 0 0
3.687311073267075 2.339391492375632 0 0
8.18784915450335 4.118702355233451 0 0
8.23824368370491 8.230969985468938 0 0
11.23591212942558 8.516610171845633 0 0
12.22098599691763 11.37158890064609 0 0
13.37442320213356 12.37614080425483 0 0
18.80559275800436 13.80809921237516 0 0
20.51778931471987 18.84308187908244 0 0
23.21759180290594 22.26412506955433 0 0
23.65932983870705 23.30681808981941 0 0
25.82861778856956 23.67296951933485 0 0
28.60872702497747 25.94522527821773 0 0
29.32702346774495 29.22523742402336 0 0
29.85027820508841 29.49030148753983 0 0
29
0.4439235772007645 0.4362827021163652 0 0
1.470519458524127 0.9348392446133165 0 0
3.984269106590768 2.268849206554228 0 0
4.764546368947526 4.735444142497346 0 0
6.468754335289671 6.243893902749165 0 0
7.424041837045597 7.401594194022525 0 0
8.233988882864365 7.692047506800318 0 0
10.02177213431436 9.925448622468535 0 0
11.45069744259084 11.08746421550835 0 0
11.51019946238445 11.47177486047687 0 0
11.6572342731985 11.52371689952894 0 0
11.77582440806298 11.73607816710317 0 0
15.00612704744646 12.84641748896749 0 0
15.93838411158839 15.43929345757702 0 0
16.34802336282204 16.13150660429027 0 0
17.53302788913665 16.86419463858612 0 0
17.85058151839716 17.60859604033767 0 0
18.60416442695706 18.52350857005443 0 0
18.90110308488975 18.88979351893057 0 0
21.03912383987169 20.02472631604421 0 0
21.23733948687867 21.21484913369492 0 0
21.57801306930587 21.31858449292426 0 0
23.5490586477958 21.94096848717135 0 0
24.49197953182054 24.48125803364228 0 0
25.54451129156569 24.82097174926689 0 0
26.22156895702597 25.54514794272542 0 0
27.66726702957118 27.00492504558202 0 0
28.24760434608038 27.82441731048636 0 0
29.98135310940289 29.25739558542627 0 0
15
1.359892877864253 1.374273692309058 0 0
5.291136625577677 5.792665984961804 0 0
6.649848205837895 6.77915660351966 0 0
6.849422262316756 6.978666792923378 0 0
11.15003687647192 11.22525642304707 0 0
12.67932199609914 12.8334025069455 0 0
13.86571289374938 15.55399243496335 0 0
16.08886478942 16.27354848179896 0 0
17.50641270516838 18.11990518894422 0 0
19.55829138943722 19.9335545834359 0 0
20.47702564649077 20.60546271544569 0 0
23.40228035756855 23.65809486337062 0 0
25.35362438763548 25.42692969815004 0 0
26.97466812832504 27.08303641560096 0 0
28.90806965891927 28.98191828792367 0 0
