# Status file for ctqmc. Used to save all times t_s, t_e.
10
18
1.024787754269539 0.6571319829341284 0 0
2.432728277511795 2.361180512547639 0 0
3.889840222177137 3.801475929306291 0 0
5.455503899153065 5.333449702482605 0 0
8.664462430094993 8.540681925289828 0 0
11.83179975544886 11.2066382160645 0 0
12.31929462075782 12.14327239761218 0 0
14.89501674265651 14.89444032487638 0 0
15.43905870104791 15.41002982941506 0 0
16.11103220899393 16.10321235074534 0 0
16.63121156120041 16.6105865241416 0 0
17.28910855219985 17.23843626251356 0 0
17.95457669197482 17.87816455706763 0 0
20.9426688617117 20.89472973145805 0 0
23.21747405979363 23.13133857909111 0 0
25.35160425453149 25.24795237562961 0 0
25.57837890453352 25.5692529306393 0 0
27.76254004597295 27.65564692811564 0 0
32
1.564267159106017 1.545486650869449 0 0
3.087943317109249 2.092911147442613 0 0
4.228391666117648 4.192191702331858 0 0
4.927804628883577 4.869156259862045 0 0
6.789810460521271 6.724802053140326 0 0
7.410481894619886 7.406882745816623 0 0
7.60094021033209 7.600438896850189 0 0
7.967645500051236 7.938434662102035 0 0
9.539450119895177 9.493402502230609 0 0
11.4310224273164 11.30299425633817 0 0
12.63954326845395 12.60869616461606 0 0
13.83962124170568 13.80261505608175 0 0
15.12886809719236 14.65331331293732 0 0
15.35096093951905 15.20935757357273 0 0
16.08794107131325 16.07371506624901 0 0
17.32955882739148 16.88705863074359 0 0
17.52371735190881 17.49499401528888 0 0
20.02595259543041 19.95533186616138 0 0
21.67420707457795 21.61318005001257 0 0
21.93980210819208 21.78275728018598 0 0
22.56880199664116 22.55076578823137 0 0
23.01146550589137 22.97186370606675 0 0
23.20448236839501 23.18683738949368 0 0
23.5681632969782 23.4758072074211 0 0
24.61784651672227 24.60336747777409 0 0
24.83907439294008 24.63007700537556 0 0
25.953943048204 25.81786260615252 0 0
26.41038019179765 26.40355772792649 0 0
26.58507636827635 26.52014764844618 0 0
26.90371331205378 26.85215111380471 0 0
27.35924276395709 27.34195328489308 0 0
28.79615435123265 28.6646831853593 0 0
9
0.8908122146022706 0.7862080747399744 0 0
2.117023967017743 1.123287163377328 0 0
5.149914336855128 5.145162987897873 0 0
10.58324953137622 10.55538250214646 0 0
16.79494503184049 16.78363821263106 0 0
17.50657141035524 17.49108449930907 0 0
23.78273368839507 23.74951670564213 0 0
25.55069754276879 25.46163667952839 0 0
26.22925541477809 26.22872321302098 0 0
23
0.6669808103559857 0.617102005432034 0 0
0.8514173405468041 0.7245568078453475 0 0
2.81980607641781 2.706967964073307 0 0
3.006416868171992 2.887107462210458 0 0
4.240942788630511 4.109508306564178 0 0
6.89772295919232 6.867585814342776 0 0
7.669125924023176 7.557491596669769 0 0
8.27586566767436 7.696868743715404 0 0
10.28349636107076 10.20882537071872 0 0
10.56471676640639 10.52023271461681 0 0
11.38336150602404 11.36516938603112 0 0
12.61320634618841 12.01275603212154 0 0
13.1671148756904 13.12599202608833 0 0
13.63918327688052 13.45458475572868 0 0
13.97914737607344 13.68989297926696 0 0
20.7276449639646 20.70414978158712 0 0
21.8605556722193 21.8269100171654 0 0
22.52659459810377 22.46998637139262 0 0
22.93865862223561 22.93797562188359 0 0
22.97964975416302 22.95597826748786 0 0
25.82524779509332 25.76642113310366 0 0
28.19894319716441 28.04672035517728 0 0
29.85491247896419 29.84356491666042 0 0
6
1.748834998938805 1.304850170821606 0 0
3.077356133827353 2.979759082870139 0 0
17.36603267951992 17.2565308858985 0 0
18.63956801660049 18.35299655325525 0 0
19.15542328336251 19.10640900705432 0 0
22.82111022519821 22.7739666102109 0 0
33
0.04166993016864495 0.1179696840659205 0 0
0.6259645585039466 1.201195703989179 0 0
1.381156776685965 1.600587916646915 0 0
1.622208726082216 1.724129289671057 0 0
2.062551107335049 3.260141865544796 0 0
3.383970051608924 4.909312246617952 0 0
5.603768424964136 5.69484451193396 0 0
5.945372589441303 5.957548699052405 0 0
6.541251002612895 6.554800918942169 0 0
7.342802285771372 7.640399128657628 0 0
7.653085808366754 8.172797005097326 0 0
8.180241508092331 8.626807739843292 0 0
8.792004855945365 8.902238614874308 0 0
9.607868320626622 10.83931169413511 0 0
10.93180564329284 11.29560404868681 0 0
11.34028535516147 11.67067541301707 0 0
12.97627893098785 14.3799132448477 0 0
14.45474022478389 15.0163142183783 0 0
15.39873131573006 15.41090812270048 0 0
15.52389923056774 15.57490788539335 0 0
15.62018752030213 16.60431908270473 0 0
17.51630145277174 18.45109434686129 0 0
19.85429225541665 19.8556225553864 0 0
19.97024202760063 20.05417341193852 0 0
20.08251006194854 20.65795931291865 0 0
21.47332651855244 21.59997201735984 0 0
21.74877768579659 22.30846667942036 0 0
22.31616334254609 23.21435604704764 0 0
23.6268712322365 23.9684132599061 0 0
24.20062328977142 24.64110054582671 0 0
24.67823105780473 24.75450161411708 0 0
25.03729404918272 25.06786104174658 0 0
28.32437122206943 28.81429026112132 0 0
32
0.1187669093739707 0.4266288635460426 0 0
0.8934158890142494 1.991774092000103 0 0
2.208765815917046 2.414902564637173 0 0
2.608419178219912 3.24305193752602 0 0
3.293646641056232 3.623075844503516 0 0
3.760325729266253 4.279277073131913 0 0
4.778443559147394 4.88938766775855 0 0
5.480964848085897 5.914655390795211 0 0
5.923942244269164 5.943578410404944 0 0
7.151040417817985 7.634312653399833 0 0
8.614602834858768 8.699841649750701 0 0
8.864460297460662 9.545238618060353 0 0
10.26635128321011 10.69537098566959 0 0
11.59421013115908 11.94659534788414 0 0
12.24636401098444 12.33684717398314 0 0
14.16352081570586 14.3431231970732 0 0
14.65703136962305 15.3380427717624 0 0
16.89065323753634 17.01692659468538 0 0
17.20957418668034 17.72082541895112 0 0
17.8438505752663 18.114505655023 0 0
18.25460491315788 18.39604572129438 0 0
18.79492356162005 19.06371960743013 0 0
19.07116741140229 20.49176779610297 0 0
21.63583603325417 21.67817144715147 0 0
21.95924444690211 22.17105259921365 0 0
23.41047488562753 24.2666108834944 0 0
24.36249857964397 24.72293802816935 0 0
25.64084218538806 25.90489997977553 0 0
26.18205636048568 26.29210928512794 0 0
26.59034862707867 26.64642809246112 0 0
26.89269100500487 28.50295402781441 0 0
28.56728020479157 28.70169197293771 0 0
15
2.35304497985808 2.535630628374326 0 0
4.106073379014502 4.566024394895228 0 0
4.871379690557291 6.211268482323497 0 0
6.552671177844113 7.281650981274904 0 0
10.76219916229709 13.78356069465874 0 0
14.69125938213699 14.75484936070636 0 0
15.73866499508505 15.98469035518795 0 0
17.18329909033736 17.42287190387495 0 0
18.61432001655465 18.95856175316349 0 0
19.46797831756819 19.85598981841496 0 0
21.22640358625546 21.37314631181974 0 0
21.57915998597483 21.87935345025702 0 0
21.94319557315847 22.09865377290283 0 0
22.7592233060638 22.8012307257724 0 0
25.40698163911829 26.49157128011447 0 0
32
0.02514647718174601 0.07453156419369478 0 0
1.794385666421508 2.195545858537616 0 0
2.659153481602769 2.877871577691611 0 0
4.127483336516239 4.200194132142064 0 0
6.342073354890814 6.544922688134087 0 0
6.875599247815667 7.760564218562398 0 0
7.917277477795983 8.171514905569319 0 0
8.739782836614738 8.870770051682097 0 0
9.504265449864153 9.531467749016215 0 0
9.968033644328733 10.24862317248651 0 0
10.26205931194178 10.36723569336387 0 0
11.96722235324614 12.24885665223195 0 0
13.66271172937192 13.82772353859819 0 0
14.35449996649723 14.6757975139982 0 0
15.18919014402393 15.52780108332976 0 0
15.78968765782448 15.82571245205115 0 0
15.86487632040551 15.94255892717828 0 0
17.15637772863984 17.44499486416646 0 0
17.86758371480888 18.53682117196136 0 0
18.55236019119528 19.45321404681015 0 0
19.89591649597852 20.0034548669037 0 0
20.28555146758811 20.54608088526098 0 0
20.68142731310077 21.54841532959119 0 0
21.56906924418261 21.81561270368429 0 0
21.86038987346252 23.11600450109623 0 0
23.26359769927749 24.26572315365366 0 0
24.58728413310325 24.7555735462335 0 0
24.76656487663605 24.9988138506171 0 0
25.06092732887591 25.38075734379826 0 0
25.56328797683146 25.7747039887162 0 0
26.0675542228945 26.12135803581956 0 0
27.23869192992866 29.96053799071574 0 0
22
0.8518085398686353 1.211398954604139 0 0
1.611628873537493 1.763222288146242 0 0
2.880848234870509 3.046643766142811 0 0
4.283822986191029 5.881154621958435 0 0
6.353384738779033 6.555499832801242 0 0
7.838272921796124 8.155076198739737 0 0
9.601911800380543 9.883952860772188 0 0
11.00966783733667 11.41483995127849 0 0
11.45165884720518 12.2528436493133 0 0
13.73054068652122 13.93372420260676 0 0
16.95215788185718 17.05119793781555 0 0
17.608191266016 17.83213666188143 0 0
19.02931647173034 19.0689261642238 0 0
21.83395698772715 21.83624343056782 0 0
22.13234617776094 22.32166915802674 0 0
24.23029524742838 24.33622352912947 0 0
24.73062434458663 24.78316671160891 0 0
24.80705824174838 24.93575101885767 0 0
25.41230588509156 26.76045193251602 0 0
28.83719687492339 28.88592077119243 0 0
29.11871112994722 29.67333962391482 0 0
29.86310024374015 29.88163583605012 0 0
