# Status file for ctqmc. Used to save all times t_s, t_e.
10
34
0.5491232866168794 0.9133765483494838 0 0
0.9581511705274579 1.95777910184592 0 0
2.30018282953344 2.667284887073439 0 0
2.716803045084553 2.795943973350127 0 0
3.14342557789683 3.299822765866943 0 0
3.760078709057513 5.685776160566109 0 0
5.694585406050822 6.100142314242652 0 0
6.159718250026503 6.702213228251347 0 0
6.84977816289261 7.699755999025405 0 0
7.733983356049865 7.793981513348933 0 0
7.999392912398911 8.015865258937596 0 0
8.297091915734054 9.567037792462239 0 0
9.662429701753519 10.7456302983537 0 0
10.79627503487327 11.41430486966615 0 0
11.4189752406376 12.02993571016646 0 0
12.1603119582328 12.60218182135342 0 0
12.70829796692182 12.76379884189084 0 0
12.82867963227901 13.91797729329336 0 0
13.92775688840013 15.16621092453221 0 0
15.42564355681676 15.93035348991705 0 0
15.95949610722878 16.96990983170566 0 0
17.05136344975966 17.43871177592621 0 0
17.45302153697043 17.99846423535539 0 0
18.12100079891058 18.60116474779556 0 0
18.65172421049953 18.87147260613477 0 0
18.93164147130255 19.88884201356711 0 0
20.01067392285756 21.0078167106393 0 0
21.04366040208033 22.89508216538211 0 0
23.12770430242039 23.56298900163892 0 0
23.58308821607467 23.8406978281758 0 0
24.02428320628068 24.11132291121258 0 0
24.13989755319392 25.82139222435652 0 0
25.90327614299715 26.34904086788289 0 0
26.67106883766898 28.39188788361046 0 0
21
0.07989097829504743 0.05486552884092433 0 0
1.085650213724586 0.8869031242501334 0 0
1.715463920362121 1.481135266664286 0 0
2.662931042281293 1.945043917671987 0 0
3.064168064105424 3.052599897005265 0 0
3.605628389857655 3.577188767811011 0 0
4.800624095271412 4.754092436528109 0 0
5.051970844759073 4.966061186576773 0 0
5.567662199219367 5.441583063465161 0 0
5.900892550511888 5.8421484194874 0 0
10.69471898948846 10.63830208629333 0 0
12.33612093433578 11.81452324812996 0 0
12.84631823373314 12.82426324688957 0 0
15.30597274988953 13.84937137442389 0 0
17.46137477466076 17.2384220675293 0 0
19.39025585130122 19.38441156310476 0 0
20.22978815480782 20.16562015550789 0 0
22.08181538687558 22.06161529633712 0 0
24.99154514323603 24.88280572706999 0 0
26.3712830071679 26.24692714310868 0 0
28.35450575308828 27.52438471437201 0 0
10
2.21271296546978 2.198960345039648 0 0
4.762838212184994 4.684414242593946 0 0
5.458582439131131 4.764550258738225 0 0
6.199511818162767 5.712088842596221 0 0
11.0851861008274 10.95052852142842 0 0
16.36135793185662 16.35406475144541 0 0
21.16153374235782 21.14623592554088 0 0
23.4228553069178 22.81999394972194 0 0
24.05736786388746 23.4317475866669 0 0
25.34407730826741 25.12000827778195 0 0
19
0.9507121315990122 0.9070700790765691 0 0
2.830163406620411 2.695146492063758 0 0
4.247012421644428 4.126972119968467 0 0
6.676736247263368 6.653978569120433 0 0
8.514796937658103 8.48376712571176 0 0
9.02079622162632 8.862459403989973 0 0
10.01797541954587 9.783521764861248 0 0
10.73806408462976 10.57345068751328 0 0
12.63273216993771 12.53323021515401 0 0
13.58557283652711 13.3865276576676 0 0
16.21352211837007 16.12372673197682 0 0
19.94921589125913 19.82905393999327 0 0
21.58262662704397 20.98040643278559 0 0
22.47094659901877 22.30396659134772 0 0
24.23474999962507 22.50207031620246 0 0
27.42087501609317 27.14013539836399 0 0
27.88456372785543 27.47603264113565 0 0
28.43875571606051 28.3930900453339 0 0
29.70339256095758 29.70247305414093 0 0
7
2.251346022547022 2.090149380096185 0 0
2.880510683196393 2.565791709925618 0 0
5.08488811833678 3.9044868309372 0 0
5.296813278404158 5.257173335238717 0 0
11.2776376003622 11.23559239770107 0 0
18.7188688062249 18.68917779308944 0 0
24.68699919921048 24.67586080788509 0 0
30
0.9776975084253101 0.5522819178401905 0 0
1.403139299716962 1.238320179593113 0 0
1.500739643714669 1.498631062643793 0 0
2.443409302179219 2.266748988502577 0 0
2.701599275566523 2.652186642709923 0 0
3.351809891681603 3.351457158176456 0 0
4.830310775248311 4.625061163591426 0 0
7.388618012317694 5.843458880328834 0 0
10.05896161900094 7.911037037874888 0 0
11.42556017984897 10.66933219020104 0 0
12.81664579208325 11.79232614473066 0 0
13.68817962411335 13.35533897714414 0 0
14.47947312630467 14.28026120840864 0 0
15.2481096994061 15.10827014201092 0 0
15.5260402068692 15.4234284029468 0 0
15.85231084058491 15.64198252278658 0 0
15.98176673361474 15.91881381070726 0 0
16.60827369608326 16.0306173329803 0 0
16.87012596098823 16.73856153598119 0 0
19.48403777192086 17.09876621628955 0 0
20.00408931538607 19.98929466134285 0 0
21.33444376994136 21.13186359684011 0 0
22.22432020341723 21.44145089957678 0 0
23.503182249867 23.48659062998635 0 0
23.82867536494135 23.58371198060177 0 0
23.89620758653913 23.86194793137588 0 0
25.81145108496298 24.04039089929492 0 0
26.10926455442794 25.92943517258016 0 0
27.4663222666787 27.26883322892095 0 0
28.52063210033336 28.32373480564754 0 0
31
0.7788728335036588 0.7744599502186489 0 0
1.001574181633474 0.9375095225285124 0 0
1.586926787178666 1.161901063414084 0 0
1.807419520398206 1.752614812126752 0 0
2.049757057995607 1.836901754920606 0 0
3.459698735346283 3.426574354504917 0 0
5.776158911277181 5.329117933070956 0 0
7.811903197861323 7.510401704248634 0 0
8.784147904786527 8.607624001870009 0 0
10.45856942298865 10.09173879723531 0 0
11.33141931260843 10.55879307552338 0 0
11.42362319742462 11.42355687180491 0 0
13.76936435158173 11.50242887895479 0 0
13.83671916835522 13.83006436640023 0 0
14.17694482081913 13.92231882966898 0 0
15.08108641068434 14.84601656521539 0 0
16.09438364912705 16.08115590542743 0 0
16.29448983788833 16.25420297338992 0 0
16.78762812767869 16.4687768623449 0 0
17.16745498510339 17.15123116879738 0 0
18.33995004816441 17.93597061113149 0 0
18.48169060288912 18.37567719545417 0 0
19.80660298801152 18.49728486414554 0 0
20.06073100472882 19.80872589200315 0 0
21.13838122395672 20.78421659184226 0 0
23.03266492048346 21.62266362073279 0 0
24.51093402026327 23.95037166543416 0 0
26.47291143202748 25.14846906583995 0 0
27.12744419721798 26.71748237343878 0 0
27.66889799042053 27.64382281151684 0 0
30.06114157874259 28.53462808210874 0 0
20
0.4987709405357599 0.5415137075906193 0 0
0.7253611610001787 0.9907789565007441 0 0
2.508875862309477 2.770626551587279 0 0
4.270546841415284 5.022453199015936 0 0
5.300135473917954 5.713049061713384 0 0
5.874347246693557 5.961929662467143 0 0
8.400101502070903 8.583695966601326 0 0
9.491799734777636 9.592375455891673 0 0
9.797993770215539 9.981809534937049 0 0
11.19100802099456 11.48819704681964 0 0
11.61120070497867 11.66396284484019 0 0
13.27926603496249 14.3803394766132 0 0
14.773281596677 14.80973003656923 0 0
17.92360179779442 18.68100158483247 0 0
19.27409940428189 19.34602939268001 0 0
19.60944804098913 19.71820723886808 0 0
20.79499151748257 21.05971494555108 0 0
23.78971054233278 24.85644848032569 0 0
25.80112906108469 26.23672453136547 0 0
26.6984487067951 27.40578883587017 0 0
25
0.252468274553884 0.07198265549899574 0 0
1.281762812450432 1.118712709598812 0 0
2.90494707951854 2.847651906777416 0 0
3.965636465979891 3.693879972299724 0 0
5.337871920536077 4.898475286258391 0 0
8.817484431383468 5.880166387697839 0 0
10.65359885740917 9.035959283151056 0 0
11.66609288148065 11.4987777374027 0 0
15.75713646265426 13.14150208315245 0 0
16.16308998726956 15.87656359946289 0 0
16.9235800961461 16.62219878244075 0 0
17.04872634828883 17.04149207227006 0 0
19.10032330574875 17.33979014165415 0 0
19.982988448343 19.9246344338457 0 0
21.03929192330124 20.89431020335944 0 0
21.69399339365073 21.35145992799928 0 0
22.38065192157545 21.90754587773422 0 0
22.71696817799129 22.7155871072125 0 0
24.70153723944892 24.25533139353397 0 0
26.28153484222261 25.70241378949898 0 0
27.18930177208091 26.29334569235372 0 0
27.48034892544225 27.36248432401766 0 0
27.96788842076229 27.87801862609651 0 0
29.46103240572025 29.37917500064961 0 0
29.85738020900215 29.79871213730773 0 0
21
1.877067554517048 2.11225055537653 0 0
2.581796398074676 2.986170353311257 0 0
3.992071528085269 4.265993957977638 0 0
4.603909154366131 5.256359835778879 0 0
6.048811755933823 6.138865761377756 0 0
8.506713802881519 9.255753783838202 0 0
10.76760028011744 10.98437091216174 0 0
11.47215204462785 11.66552565990731 0 0
12.27706041657017 12.31043006774998 0 0
14.66874447693035 14.7721053848244 0 0
17.32071084802831 17.47744926813393 0 0
17.97969757939761 18.2200186026818 0 0
18.49636138859275 18.62015858516356 0 0
20.48871049362746 20.49059750786574 0 0
22.46471177599643 22.48858547916344 0 0
22.68836931133117 23.10238801377523 0 0
23.46329282183914 23.95459460577954 0 0
25.43163293921957 25.97046912997197 0 0
27.58430079986167 27.64250090625179 0 0
28.48357775460793 28.95297452061095 0 0
29.77782775390992 30.01330701049235 0 0
