# Status file for ctqmc. Used to save all times t_s, t_e.
10
26
2.083311586162994 0.8723133344489082 0 0
2.524762949658274 2.43596511984762 0 0
6.981916593231969 6.728748116807757 0 0
8.286711204879493 8.262656099602452 0 0
8.781156141364161 8.761080612290575 0 0
9.072680595211891 8.950061536802936 0 0
9.399891766416845 9.396892868829024 0 0
9.522046001633599 9.519642427656013 0 0
9.883939790228233 9.878336381742839 0 0
11.6592005428664 11.6030567284386 0 0
12.89188902491222 12.64942848112196 0 0
13.04543005533437 13.04097181999084 0 0
13.93309067065117 13.80941468819346 0 0
14.71649739359214 14.66420411568652 0 0
14.99559314279458 14.97302578457281 0 0
17.09392266302003 16.9876043303269 0 0
17.54628784124092 17.48331042595758 0 0
21.8990394516772 21.85366945435876 0 0
22.73409595808812 22.66879314068054 0 0
24.95195555847047 24.94766646880703 0 0
25.10240147961927 24.99968912293022 0 0
25.59024928736093 25.56727873929726 0 0
25.64477866529348 25.59322791930906 0 0
28.11648709447741 28.08443076339227 0 0
29.20147166554988 28.76069824656878 0 0
29.67905919473384 29.22066112067352 0 0
26
0.241752164410066 0.3760593378377841 0 0
0.3968124481004591 0.8361609860620276 0 0
1.155944869139656 2.955075875038912 0 0
3.018743387866031 4.224051879491407 0 0
4.229565789390345 4.565177182685181 0 0
4.738518006471967 5.655832501394515 0 0
5.696554050594942 6.85434026962574 0 0
6.887793331541086 9.748668067983695 0 0
9.750590101389724 11.07366951827926 0 0
11.12902169813251 12.64696745397711 0 0
12.65307295011097 13.62789599537251 0 0
14.12203556850414 15.49562376363949 0 0
15.50876378681392 16.58207792069184 0 0
16.88911186651494 19.04468953008292 0 0
19.0768784411721 21.44196341399403 0 0
21.45717541826725 21.49635919096541 0 0
21.6497871923561 21.67802898716622 0 0
21.87640955530263 22.16741732469236 0 0
23.80742768241008 23.86978134715215 0 0
23.91454151823476 24.49835057976065 0 0
27.0165562150913 27.03168760867358 0 0
27.06400168527838 27.57442501096132 0 0
28.76231150980669 28.80707026353588 0 0
28.99011221121103 29.15342843082237 0 0
29.24088922410519 29.27687132744165 0 0
29.5020865680234 29.57351971883815 0 0
12
0.852775358383469 1.859957297719957 0 0
1.895346139877618 4.699652710519647 0 0
4.992003558299023 5.023424969487695 0 0
5.563828748540051 5.623472523449568 0 0
5.651187189299468 5.793254575086743 0 0
6.711103884867236 7.323406514606033 0 0
7.925189100861175 13.89803601280913 0 0
14.08555192137745 14.17612912508614 0 0
14.33058612139876 15.91680499451709 0 0
15.91946426192848 18.79407287137348 0 0
18.80394587070775 21.95888057066774 0 0
21.96715938286013 30.00761493458149 0 0
22
0.8859839973104187 0.6647574275681265 0 0
1.451862554089428 1.406563512354342 0 0
1.557382978471995 1.509419931297233 0 0
3.442111436026194 2.866865215207951 0 0
4.514326613747131 3.847740378825017 0 0
7.351741432203634 7.050681662667523 0 0
8.5738811603964 8.571180034052936 0 0
9.399566896293647 9.39782432476105 0 0
12.31628878673552 12.24423189691547 0 0
13.83443793438197 13.76434608695664 0 0
15.67854024258097 15.58735952898896 0 0
17.57492627286651 17.39386250718637 0 0
19.08051463918403 18.39803244044778 0 0
19.41474784348735 19.11248419105427 0 0
20.97175244348725 20.88053149793588 0 0
21.18808677918704 21.17883871481614 0 0
21.821785071626 21.59272144204291 0 0
22.41050144426439 22.24271622495942 0 0
28.20480950667611 28.15321369924939 0 0
28.59267635384105 28.53330203914558 0 0
29.25906612266355 29.20391054104399 0 0
29.83289533014135 29.55001174831883 0 0
19
1.109827646988473 0.8444425507351347 0 0
5.636289480162032 5.610836310871866 0 0
8.806647402919282 8.687696531313922 0 0
8.885764455451415 8.876865302754624 0 0
10.06095625741376 10.00351892472908 0 0
10.38481893407175 10.35970242728452 0 0
11.95934378838984 11.84488763865646 0 0
14.76398117140868 14.75437400185434 0 0
15.40126342429896 15.36386432680666 0 0
16.17203600985287 15.77186289714988 0 0
16.31694383830172 16.21539506840789 0 0
18.03257731578416 17.81761588632354 0 0
20.70146254068345 20.67330685873112 0 0
20.81552018271689 20.77246009665776 0 0
21.83152515306969 21.79619048412402 0 0
21.96933703174497 21.92241073519364 0 0
22.95998716889213 22.95200317963548 0 0
27.00993402186971 26.94868370337943 0 0
27.86333289139335 27.83539619465242 0 0
25
0.9941642566630611 1.307202839644035 0 0
1.705272129620674 1.89137315904827 0 0
1.920555047070131 2.120060104806273 0 0
6.110567568267277 6.259961408721367 0 0
6.355474695457624 6.542141290886453 0 0
12.65596013337239 13.02097828444765 0 0
13.07440759672068 13.67336443498669 0 0
14.67292364820583 14.71859242241493 0 0
15.37687085206193 15.64766057989022 0 0
16.71801356724864 16.78842713410936 0 0
18.42282819240658 18.94261472185109 0 0
18.96210810798198 20.16439733969339 0 0
20.75179074491622 20.82276544663951 0 0
21.91447367984382 22.19467095579871 0 0
22.27445125444821 22.40964468715698 0 0
22.4704791523233 22.75139286995309 0 0
23.06106541140656 23.60056179829002 0 0
23.63342639903713 23.68967981531349 0 0
24.97530170110081 25.74134174996831 0 0
26.10302427694272 26.11195116000225 0 0
26.85614773288562 27.20256180390154 0 0
27.21572211693291 27.28387358402394 0 0
27.31912204213351 27.66169653313415 0 0
29.41237467575322 29.41662051327535 0 0
29.44267056139115 29.49615265200007 0 0
30
0.5883451399265266 0.3177696887966341 0 0
1.941349937763976 1.926242558926263 0 0
2.528185423484818 2.414401084171105 0 0
4.13664649469318 3.69484334771962 0 0
4.975011627401086 4.781550832974212 0 0
6.038277749700426 5.120981601791998 0 0
8.016107405415164 7.971373420966762 0 0
9.269715748140841 8.046397122751289 0 0
9.793999548823768 9.632056235537821 0 0
12.99286551904417 9.860667538219429 0 0
13.16583789395321 13.1009034465555 0 0
15.73203145442949 15.12026656412724 0 0
15.92590412661326 15.75766297308115 0 0
16.83701439674379 16.36707416933716 0 0
18.11652791229431 17.24823852748311 0 0
18.41321485742811 18.36603338552466 0 0
18.78044759317356 18.71795276916777 0 0
21.7923608724718 19.18431502639243 0 0
21.99409142861348 21.90301483691765 0 0
22.12373671494384 22.12349260445216 0 0
22.53457719138629 22.50199980493742 0 0
23.67081144785708 23.38062487139315 0 0
23.85893074163664 23.82528449364859 0 0
24.73340268160921 24.72411360861257 0 0
25.04742693762599 24.80032600249618 0 0
26.59926764845739 26.58734032383704 0 0
27.27831567168105 26.86731332953882 0 0
29.08190402497172 29.05501612052302 0 0
29.12424369477556 29.10170411069319 0 0
29.37668570623027 29.20317563715998 0 0
22
4.834780140642656 0.4296864463632026 0 0
5.328274544366709 5.326903377391483 0 0
6.570671021286075 6.479616286262585 0 0
7.046913094545136 6.588890174362683 0 0
7.452115755135837 7.201700031767856 0 0
8.585042765836359 7.52200295764522 0 0
9.010622375383496 8.594628904169326 0 0
12.62376269802354 9.605272604556051 0 0
15.84207291249651 12.97956623982864 0 0
17.89092463235678 16.40388387325907 0 0
18.24388907027017 17.93843183518763 0 0
19.21588473057454 18.47408042289243 0 0
20.26927846316113 19.68586776114583 0 0
21.33500753430038 20.54891380380322 0 0
21.79725900375252 21.78651658991519 0 0
22.1827504675526 22.03292107649916 0 0
24.3637351597929 23.57217160204285 0 0
24.81950468791768 24.43218644141819 0 0
25.31552426507164 24.86991437045979 0 0
27.69616236515545 26.00532170712363 0 0
28.86012141087389 27.75247688708087 0 0
29.81727115437717 29.30061180800256 0 0
30
0.531651237973076 1.019348712111702 0 0
1.076333392557766 1.100690957135543 0 0
1.738451411694018 4.976797823090386 0 0
5.463836138327859 5.931321019091405 0 0
6.493290186884524 6.680684640698495 0 0
6.686493504966627 7.116526997388411 0 0
7.119247540828707 7.876864225660399 0 0
8.575617089811493 9.375066702848537 0 0
9.967656214506972 10.0233362055509 0 0
10.25024219303214 11.37960140546824 0 0
11.54035506275312 11.73306277679522 0 0
11.78843747109385 12.14231904272023 0 0
14.06976531986701 14.21084563027101 0 0
14.21459559357475 14.27039975927964 0 0
15.60826201582294 15.70885203279639 0 0
16.66046411560684 17.03582984085746 0 0
17.72351090069279 17.80000257733566 0 0
18.61600007649238 18.7671768539509 0 0
18.79921097098439 19.43897920112016 0 0
20.5716018986592 21.06488111636343 0 0
21.07696402222477 21.28767026206459 0 0
21.99852849165971 22.52177063028687 0 0
23.06679812228397 23.21320262035011 0 0
24.05409163434711 24.55642128690209 0 0
24.64736739183877 24.75372479359606 0 0
24.8029496070089 26.74649824220334 0 0
27.1076452539792 27.1904548066323 0 0
28.02602029253145 28.83246765917456 0 0
28.83329129644283 29.04714886401583 0 0
29.34248871431363 29.82078219113381 0 0
20
0.07083829157808808 0.7317368739770966 0 0
3.466018985315019 3.522923738294819 0 0
5.407868683447162 5.562196193006196 0 0
6.345455358301364 6.536595526310842 0 0
8.096841395578302 8.436794462274904 0 0
10.51413294768503 11.97146596721485 0 0
12.04976706881236 12.5187817740236 0 0
13.79184974839784 13.93300726708781 0 0
15.44975371652264 16.18180894289254 0 0
17.44689595515223 18.00553704886373 0 0
18.73431623338851 19.14410994005685 0 0
19.89538530655595 21.73452590374324 0 0
22.13680489082501 22.17889849475132 0 0
22.41764080135392 22.6096870528348 0 0
22.70055129614627 22.9786765272798 0 0
23.52599196991967 23.59292474651139 0 0
24.30866400097566 24.58035041330971 0 0
26.01794411241175 26.3196245120064 0 0
29.53103122008702 29.79770151870793 0 0
29.82672641574996 30.02060530188588 0 0
