# Status file for ctqmc. Used to save all times t_s, t_e.
10
22
0.562133793774958 0.2718358083438304 0 0
0.9110989385857526 0.9043548404696546 0 0
2.431667099071787 2.395048104510999 0 0
2.977236586595439 2.956731383669158 0 0
6.491552899455349 6.486604635293871 0 0
8.149418925028666 7.260705164686828 0 0
9.215944092530146 9.206801302370456 0 0
9.743630772354621 9.503333040758346 0 0
9.793605862792575 9.79150383847773 0 0
13.8710523695047 12.9456377530604 0 0
14.63887473818886 14.56746570563089 0 0
15.74866719570417 15.69310013764397 0 0
15.9313182683271 15.91290777465544 0 0
16.59827055001831 16.54451208972759 0 0
20.65102769148784 16.9659669132068 0 0
21.28331248411665 21.27636354481252 0 0
21.62919530841452 21.54958006432708 0 0
21.75190665995684 21.7503260196073 0 0
25.18880692430827 25.06531086537911 0 0
26.42443571559284 25.75424629399304 0 0
28.35185391646937 27.48016788051628 0 0
29.5894006380877 29.07439121114313 0 0
27
0.01910529397462568 0.1512078908534495 0 0
0.2286701675015878 0.2843935113150943 0 0
0.3177278007730133 3.239991410274893 0 0
4.228049489713598 4.40549126617681 0 0
4.418749899577088 5.941197407567366 0 0
6.230898118881213 8.92816390259777 0 0
8.931394291698382 9.963463595383738 0 0
10.1172251194289 10.4169870921552 0 0
10.43607236158051 11.49688727397066 0 0
11.83742515285943 12.47829077228729 0 0
12.56470661142197 13.51983988362024 0 0
14.22211423076916 14.4538135592533 0 0
14.78501393922499 15.3848503929782 0 0
15.3926641873466 15.54307395756767 0 0
15.63181226718011 15.67728422445442 0 0
15.7935420832822 15.91514562716264 0 0
15.93118159716644 16.30033572521072 0 0
19.19408949782279 20.15375042308355 0 0
20.37807323406701 20.98492341750215 0 0
21.15497897173547 21.54422362690614 0 0
21.74865327509198 23.26280383870295 0 0
24.81250367126106 26.36597991279731 0 0
26.40604750735788 26.80232817439112 0 0
27.44314219919433 28.14729281441971 0 0
28.14919622688223 28.6794867739464 0 0
28.74695537270464 28.97934177365774 0 0
29.01872421165343 30.05418633239852 0 0
13
0.861145796845971 0.5363789720745835 0 0
3.178876647313761 3.144228873111493 0 0
8.531540940908974 8.472383783863133 0 0
12.02950502926291 11.67652313338228 0 0
12.84481048238866 12.74849561806766 0 0
13.40840697184204 13.18184198047351 0 0
13.91933000436178 13.80220006600414 0 0
16.32368329739957 16.23184507862496 0 0
18.44076558260824 18.39744545919341 0 0
19.28519041807209 19.02610137860806 0 0
20.39026094210061 20.38066114738666 0 0
22.78599088835227 22.75635165881279 0 0
24.86877782761075 24.79589471781317 0 0
19
0.07561337621827487 0.2246197166333035 0 0
1.625226124200635 2.97719665081718 0 0
3.018350735044938 11.01325781381199 0 0
12.88786945477175 15.21352481719803 0 0
15.23610743653206 15.98336056758298 0 0
15.9966582595025 16.35897961488309 0 0
16.41278550990474 16.50716319954381 0 0
17.83315584504752 19.43279590524925 0 0
19.50304311126628 20.92970157912471 0 0
20.97473205048655 21.37938354046262 0 0
21.77164073605369 22.3361751476487 0 0
22.82075642753013 23.30839320716526 0 0
23.3407658542098 23.54861604111101 0 0
23.63193730977155 24.68705867934851 0 0
26.17164407522115 27.57086685384078 0 0
27.68244541915558 27.79527455145208 0 0
27.80466320864802 27.99863690134773 0 0
28.00165298605702 29.03950877997846 0 0
29.35241094498068 29.51345210843414 0 0
15
4.385855920786169 4.362664391220715 0 0
7.178801812495811 7.10142864304801 0 0
8.805076912396645 8.640141718018 0 0
10.40663602018798 10.38737087476029 0 0
12.81550567951438 12.72025122988736 0 0
14.8340966033715 14.62049792135327 0 0
15.24203012539504 14.98714633612823 0 0
15.95721011678489 15.31882450844601 0 0
16.63400827697351 16.609147425821 0 0
19.1078614914484 18.58575576056726 0 0
20.98586157609505 20.90509283810239 0 0
22.08799508489171 21.83460586707863 0 0
24.69807740974321 24.43564968729607 0 0
24.97496996544628 24.81902071528436 0 0
26.26516390662791 26.24205030742732 0 0
28
0.3887162844581198 0.5180237919196037 0 0
0.5633269026506829 0.7034098035758268 0 0
3.078597910002971 3.216609700141259 0 0
3.396612843037593 4.608782963512275 0 0
4.610728230461739 6.023216783643426 0 0
6.118589291532731 6.145380419886785 0 0
7.230912751557414 7.363148373727933 0 0
7.627226149373081 7.669421391471866 0 0
8.128445225185837 8.164885417915301 0 0
9.52409858864217 9.782955004675946 0 0
10.90591074763218 11.62898062082036 0 0
11.63147477863989 11.95058753794504 0 0
12.04817961831919 13.11596281872449 0 0
13.20624135496242 14.19783541571595 0 0
14.36913675087367 14.60449799321874 0 0
14.71629915670605 15.34115036679781 0 0
15.80031954622915 15.86151694252305 0 0
16.16831742346917 16.3072560746828 0 0
16.34580058723674 17.29168342376719 0 0
17.50943845267057 18.138566673758 0 0
18.14453731205226 20.65502307259371 0 0
20.80909461448018 22.03665886494788 0 0
23.30513873072679 25.26796694129108 0 0
25.36145908335282 25.5495386526 0 0
25.61944820382362 25.69830033135256 0 0
25.95563703232746 25.98629783705496 0 0
27.58843641025025 27.70598349418366 0 0
29.4919567964541 29.73313451427561 0 0
33
0.2782886746802937 1.12219996345138 0 0
1.206443662333137 1.653033511842235 0 0
1.669664234150435 2.633924081890831 0 0
2.77713188066615 3.429872017355788 0 0
3.450338963987805 4.209146793160075 0 0
5.765446520790152 6.326482760610292 0 0
6.457049632451191 6.59065642178544 0 0
6.623658156770358 6.671781219039134 0 0
9.738318415673032 9.931320646035758 0 0
9.956953582057036 10.11958940750038 0 0
10.38004917276092 10.65759801012676 0 0
11.2386870490476 11.30469638288349 0 0
11.68532616411229 12.0709500826071 0 0
12.62332237882119 13.40685850186527 0 0
13.44226444897107 14.74752702932931 0 0
15.16048944497064 15.24495258419223 0 0
16.05198655227776 16.69665660308001 0 0
16.71187587302608 17.73819280223712 0 0
17.77424046210863 20.66132489396362 0 0
21.68974503862515 22.36477918518327 0 0
22.39535716956013 22.77401082580561 0 0
22.80809088809712 22.95414184328602 0 0
23.01619461789651 23.81497605001819 0 0
23.930400332402 24.2943065857606 0 0
24.60771613822965 25.17428896084728 0 0
25.32880666440747 25.67334444591058 0 0
26.48126663261196 26.58013475882374 0 0
26.64974206403108 27.11115508310477 0 0
27.52416277337687 28.11112126046 0 0
28.43036739283473 28.5164676772219 0 0
28.55968542523924 29.02568000169033 0 0
29.43063131042552 29.45870932466275 0 0
29.54721771071658 29.7897494054354 0 0
20
2.771095152246698 0.780103756348105 0 0
3.302442962361691 3.130638949209855 0 0
3.935165161736981 3.343699208320073 0 0
4.692936619455761 4.076394152497796 0 0
11.4663273515116 4.796213744604902 0 0
13.25235008416033 11.67307008328475 0 0
15.08413705779133 13.46623296419689 0 0
17.6781377230632 17.39290479449996 0 0
18.61398871507695 17.73638712318131 0 0
18.94363875551928 18.8051141844 0 0
19.50875814020437 18.99597415916884 0 0
19.9727630201152 19.77440425974811 0 0
21.53785618555195 20.28948425042963 0 0
21.99423389834061 21.64187630106164 0 0
23.97684048598004 22.15841881500892 0 0
25.89910007937485 24.55363697495218 0 0
26.91647423605068 26.17161423242334 0 0
28.703286558496 26.92038437523899 0 0
29.31894632190911 28.74771921425315 0 0
29.92778051729636 29.39325549416445 0 0
36
0.2866136708567612 0.1734435755919215 0 0
0.5426826731269543 0.3466463289049296 0 0
2.360002630329456 2.041087370335107 0 0
5.282469962857506 2.65152481288389 0 0
5.627913198757652 5.334475063539871 0 0
6.066669259941746 5.917899598284939 0 0
7.02347108289523 6.964425846208393 0 0
7.244360140903669 7.20406576529087 0 0
8.571054291751732 7.554758343789176 0 0
9.854462645720323 9.240025437744498 0 0
10.05349403246167 10.04811119592313 0 0
10.76676373660826 10.12524058429623 0 0
11.03810693199734 10.93480551757165 0 0
11.47508526477138 11.41021233617564 0 0
14.43346854370928 14.13858095905607 0 0
14.64756822279388 14.60352247767565 0 0
15.03661002804611 14.85749942640064 0 0
15.29899336087393 15.25889855951936 0 0
16.32005935159538 15.92570582840138 0 0
16.83976153536716 16.83879063254149 0 0
17.11974550318999 16.97271501977562 0 0
18.96716436037284 17.88602341119815 0 0
19.21188204473753 19.16089206893317 0 0
19.73350736068975 19.70713384185229 0 0
20.40354224616758 19.9828818686517 0 0
21.13371446547438 20.8757362966886 0 0
21.6044727825477 21.2084789039699 0 0
23.61422001893938 23.57018657517411 0 0
25.55999208855909 23.86494274823367 0 0
25.97253716433257 25.90845708859845 0 0
27.05152901671012 25.99240342186015 0 0
27.35160960175645 27.05360288544227 0 0
28.58817988498538 28.56137148042538 0 0
29.63767074366598 29.50912947142711 0 0
29.87442273911968 29.84772197466908 0 0
30.01248654189153 30.01116572004324 0 0
22
2.773594039655486 0.4802290177685715 0 0
3.06025929205135 3.057140050924023 0 0
5.694530746779582 3.834358832136704 0 0
6.920148993808518 6.630560042995221 0 0
8.243074318113704 8.17299485839867 0 0
8.891922854221658 8.824790409555741 0 0
10.6266158855707 9.003838073630945 0 0
11.72287733205379 10.89603360073012 0 0
12.81110239479801 12.78161696408494 0 0
13.56688486405597 13.18650453026498 0 0
14.22986766468599 13.85671486927623 0 0
15.52304051278951 14.37601241314588 0 0
16.49823375617515 15.92606513615382 0 0
16.87948927997513 16.63304654225898 0 0
17.32285444657586 17.16817903167717 0 0
18.87253325711217 18.81648054351891 0 0
19.93302613507221 19.70123896885531 0 0
21.53174221967486 20.14995676309873 0 0
25.26805269756857 21.97573576230503 0 0
25.65140358984288 25.43851752874805 0 0
28.70176939086776 28.14732756026407 0 0
29.53281017647165 28.97918713845785 0 0
