# Status file for ctqmc. Used to save all times t_s, t_e.
10
28
0.3541725883105603 0.2506441393976786 0 0
0.4297427919353144 0.3735477663481246 0 0
0.8573533796488579 0.8487898854532748 0 0
2.135417167050644 2.129279181858005 0 0
3.909692864064692 3.450591680164781 0 0
4.224569049419477 4.134785135997993 0 0
4.49251911507681 4.478314383404803 0 0
5.330678462795949 5.169005378215924 0 0
5.724027553545009 5.639359049207368 0 0
6.206370960512883 6.205260593818105 0 0
7.03004105614005 6.886347586240716 0 0
7.29848325786446 7.236667471663691 0 0
7.547443096812808 7.437320911577993 0 0
8.744079934019203 8.711642360245497 0 0
9.175484597511772 9.161963287930188 0 0
10.08598091679075 10.05049598093988 0 0
10.74738206459315 10.70791398099333 0 0
13.05978147844822 12.9369368864584 0 0
14.61772186220941 14.44861757504918 0 0
15.62030089258174 15.41265019061631 0 0
16.37221677291623 16.31641757515902 0 0
17.2901236577499 16.84586821624901 0 0
18.57927476977149 17.68895306190543 0 0
22.13533545912821 21.77358658286335 0 0
24.11411140814005 23.99049249834838 0 0
24.44339622971928 24.38062347931898 0 0
26.25083957072163 26.24905301207635 0 0
28.17438595026062 28.04799555253779 0 0
27
0.6461610813980503 0.6311106071289245 0 0
1.039520303355506 0.9639622248958735 0 0
2.385260632857265 2.061204480642535 0 0
2.787964021990196 2.745345765698671 0 0
3.728279750590606 3.698359836977928 0 0
4.415584152133669 4.389612687029913 0 0
5.586234234166604 5.030667451215368 0 0
6.507817909132118 6.44612604211232 0 0
6.762624115569082 6.565076567316102 0 0
7.811328843475621 7.738191022182876 0 0
8.81870982621591 8.555888700921519 0 0
11.11761263288595 11.11335593797705 0 0
12.38267416335776 12.02546912572753 0 0
13.21098080631509 13.04762315307597 0 0
16.51035772936835 16.07821102519779 0 0
20.14759230321955 20.11623850034699 0 0
22.34130646978453 22.3394644269225 0 0
25.28475757892065 23.98504344342592 0 0
25.79642994218809 25.61361225354901 0 0
26.34276974443828 26.26517512650108 0 0
26.74901527410898 26.69173606987108 0 0
26.88669886117555 26.753637711505 0 0
26.94151611586542 26.9212064425631 0 0
27.21083587100926 27.09597269099167 0 0
28.22386031671459 28.19505458278975 0 0
28.5740005374204 28.56825344119469 0 0
29.59390632838226 29.49373449631223 0 0
7
8.530200012758863 8.34737069171962 0 0
12.896060143374 12.86698420248821 0 0
18.78182689860144 18.77345066068638 0 0
19.32228804299424 18.92138993870282 0 0
21.44373034639309 20.86744838135871 0 0
24.23448620897614 23.82157532277472 0 0
26.28650876488218 26.06954190999699 0 0
27
0.03606569276196225 0.5635228604966044 0 0
0.594169748390429 0.6740049322297945 0 0
0.7960213701036394 0.9286788118258688 0 0
1.080973557270664 1.850220243814799 0 0
2.924322158886053 3.655646044620749 0 0
3.658692279218795 5.701040120580869 0 0
5.769089204303295 6.088692606605256 0 0
6.168524366966049 6.635755211195622 0 0
6.673616963786167 7.756511998877641 0 0
7.82553442437862 9.772638351369165 0 0
9.859730972310837 10.39700120874138 0 0
10.40383902643556 10.8568684260579 0 0
10.93787345556653 11.20000925791264 0 0
11.20854377061596 12.062097271001 0 0
12.82568831760816 13.08237906492288 0 0
13.0955673373797 15.45099163280284 0 0
15.65570421767168 16.03315961031887 0 0
16.19934663507149 16.44783281111451 0 0
17.95229020796078 17.99982072206349 0 0
19.77349123147364 21.15189995887497 0 0
21.25025043514541 21.37481943062976 0 0
22.19670259428639 22.93355555995146 0 0
23.02180607643838 26.62425700570973 0 0
26.69505514664705 26.86403712206536 0 0
26.95750066468779 27.29649607528752 0 0
27.34939748167998 27.36195767099019 0 0
27.42855419468107 29.93591975510327 0 0
6
2.290278717494762 1.821843796435193 0 0
6.988549762067883 6.931754446568604 0 0
9.741988293298954 9.689169199574442 0 0
10.43329708651764 10.3495206398496 0 0
19.94367414544602 19.32244585283793 0 0
24.54609777398177 24.49217977424058 0 0
27
0.8467877510958632 0.576586258581577 0 0
2.678832411936732 1.12214674812209 0 0
2.706560857276352 2.680480068023676 0 0
3.329304047407232 2.866093329063196 0 0
4.175622926384998 3.914249513920431 0 0
4.551540277215609 4.482043194092227 0 0
5.812567449989916 5.331423688608507 0 0
7.171835248389684 7.16331848433088 0 0
7.959392784439309 7.352663507707736 0 0
9.987044999578135 8.107059285915534 0 0
11.42459909444646 10.87969700906962 0 0
13.07663902887859 12.40536850609556 0 0
13.45897759815145 13.43255889184927 0 0
13.96095117595418 13.92131635342881 0 0
14.66530668806141 14.18144510006333 0 0
15.50201066074906 14.87617865403694 0 0
16.65123255974776 16.24657983699461 0 0
19.149459034615 19.03832247533542 0 0
19.43853738874854 19.32503988529263 0 0
19.91914448004555 19.56605443346276 0 0
20.73698366230934 20.71759144075341 0 0
24.33666684869057 22.05778398289544 0 0
25.20570530227494 25.13914383282327 0 0
25.44475183973613 25.42769026720841 0 0
26.22664281532203 25.68353681015829 0 0
26.53137317334546 26.39872183037744 0 0
29.7660463075435 26.96509308257627 0 0
32
0.5845407969039975 0.9301775120201594 0 0
1.205733302236356 2.066375940276092 0 0
2.155753026415672 2.791197702848784 0 0
2.795136995804896 3.476809361336397 0 0
5.017898038673035 5.63329593797958 0 0
6.40010867715181 7.537464263780551 0 0
7.752894565754476 7.882377240831715 0 0
10.06856160822171 10.5619262356741 0 0
10.56594209076961 10.60676831484675 0 0
12.27020841081131 12.45667341714594 0 0
12.57150081011994 12.85708695096635 0 0
13.68592700242764 14.34073031115944 0 0
14.63682437833703 14.78138821485855 0 0
14.80636248726507 15.23872696054213 0 0
15.37095541574471 15.64662381887548 0 0
15.68205169493569 15.69570545360703 0 0
16.37249048714656 16.56061444424439 0 0
16.64314222551518 17.67322451603317 0 0
17.9859854980275 18.17988039261136 0 0
18.49286099934848 18.57250286021278 0 0
18.82875343891087 18.86279575327026 0 0
18.90292484522362 19.16031783811005 0 0
19.26699722557273 19.34008913612871 0 0
19.95520962921789 20.2398245249868 0 0
20.83215397244501 21.01914894783124 0 0
21.10095218647355 21.27598830797831 0 0
22.54218374402819 23.48318748209378 0 0
23.63504583226704 23.66084629291272 0 0
24.46142538302263 26.23196632249457 0 0
28.59812712423496 28.84642918454851 0 0
29.10899771766618 29.49399160129049 0 0
29.90563626526841 30.02089761973317 0 0
21
1.378689181426556 1.39387850643666 0 0
1.507486152307142 1.635944765123115 0 0
5.490978686618603 5.895378021804509 0 0
5.910572217176953 6.318790009431261 0 0
6.629639602176098 6.672993435238475 0 0
8.099887219521072 8.22840758220595 0 0
9.564360536947321 9.641525203256666 0 0
11.77669964925293 11.79661249670073 0 0
15.45877540566883 15.98920450528432 0 0
16.49458122407246 16.75501978334875 0 0
18.09387134470463 18.48197554827352 0 0
19.33412602074205 20.20011004820098 0 0
20.5587063056697 21.16317867746986 0 0
21.31235623193324 21.85803243777149 0 0
22.75513871511532 22.98648713697144 0 0
24.50959566851721 24.54044807701396 0 0
26.38683525933183 26.64110248046925 0 0
26.94229840022721 26.97900278418234 0 0
26.99242084231377 27.08542287256853 0 0
27.14700423005776 27.64944488454623 0 0
29.02209085943313 29.30835350475159 0 0
35
0.3621025166915521 0.7851834410691122 0 0
1.686435277126378 1.688439321755433 0 0
2.2491041872821 2.468330805493117 0 0
2.515475613727717 2.718666247047506 0 0
2.993819095288697 3.656075236297098 0 0
4.597179487033149 5.418853696374198 0 0
5.479716572135769 5.496451423495437 0 0
6.598324598703694 6.741073576715643 0 0
6.792632520871737 6.978634151003015 0 0
7.506535423954976 7.909704320868151 0 0
7.927167355735257 8.820549544126575 0 0
8.871154588783146 9.010219727699836 0 0
9.030677635277847 9.093913411598766 0 0
9.230653711415414 9.790585660956229 0 0
9.792984909808906 9.948621842584679 0 0
10.35449414754283 10.5166697029453 0 0
10.58103803956026 11.0138797637083 0 0
11.02202764018327 11.05909474962185 0 0
12.84614118987765 12.90352223145318 0 0
15.53232169136956 15.63420365073121 0 0
16.81650296627961 17.13091340091403 0 0
17.39871250901174 18.32407601793145 0 0
18.48839273608428 18.92889493354694 0 0
19.23132200565396 19.48539306504612 0 0
19.68140619150738 19.73315418395662 0 0
20.83446317744409 21.59005459645396 0 0
22.91063944718217 23.27860316492813 0 0
23.67867549220374 24.48711634892842 0 0
25.24544685888677 25.42310631139136 0 0
26.07854400534854 26.27948667018839 0 0
26.5299593283599 26.6420430052317 0 0
26.66372511986058 27.13502878898192 0 0
27.24678283625213 27.79045480991668 0 0
28.46787896498368 28.91077249866797 0 0
28.94508300904148 29.58165961116733 0 0
24
2.352673227361667 3.058710965631331 0 0
3.313080961921949 3.334888639502902 0 0
5.689133296784774 5.751099419942908 0 0
6.248288789362427 6.280214323368927 0 0
8.330184050974907 9.962666142414671 0 0
10.2338321719287 10.71676576219421 0 0
11.35918769043723 11.64113054184882 0 0
11.96629915485474 13.431850783039 0 0
14.46939532301172 14.77188600427055 0 0
15.83379673162343 16.22762570566544 0 0
16.3101821914229 16.88974851354934 0 0
19.18047095668706 19.24961598654442 0 0
19.48854738422899 19.83815891986415 0 0
21.06338921277065 21.34469810367361 0 0
21.53755676507382 21.83931513072453 0 0
22.05495927853791 22.11789588156432 0 0
22.1936840376021 22.28435305746456 0 0
22.56236844168414 22.56732088428743 0 0
22.68663539850357 23.17758418800014 0 0
23.58034410846826 24.44656375615506 0 0
24.78210117288867 24.961148081893 0 0
27.62330782206363 28.23826686555221 0 0
29.00256130265038 29.11311461244055 0 0
29.51416812328619 29.61578953945818 0 0
