# Status file for ctqmc. Used to save all times t_s, t_e.
10
27
0.5677948732226101 0.4779718071994609 0 0
2.025671444730558 1.232904499981023 0 0
2.98139399061638 2.649310483612764 0 0
3.057377958732356 3.032342780445561 0 0
3.338468097594139 3.116808148606024 0 0
4.495704087163147 4.07634167371318 0 0
4.958398217856441 4.821868474525939 0 0
5.471281533687008 5.188116018494087 0 0
6.723304066271311 6.695140550911537 0 0
9.982488329054673 9.958353052278779 0 0
12.97633676872465 11.7048623292481 0 0
13.85078753921282 13.55170425268204 0 0
16.17980800723352 16.12096344722394 0 0
17.1422046421933 16.90399883455893 0 0
18.54120991486261 18.21882697909075 0 0
19.77564113112935 18.84207963615178 0 0
20.33893269886557 20.32200135007814 0 0
21.8873541699901 21.21041233238585 0 0
22.05579763982897 21.98239513783805 0 0
22.28629886675267 22.08793300303819 0 0
22.88147234975741 22.80162975893931 0 0
23.31999989917974 23.00539952530906 0 0
23.57625585177456 23.38067892744383 0 0
23.86025692745336 23.8265479474304 0 0
24.17842473610061 24.16132716071662 0 0
28.27522352530836 28.0026630041138 0 0
29.06581233747183 28.90640371959653 0 0
26
1.470986730343423 1.180577258919689 0 0
2.668063282061525 2.177656997313005 0 0
4.307832085789281 2.802470812910814 0 0
4.422935393925711 4.411913279326235 0 0
6.649908282835679 6.572096992216202 0 0
6.728839760409304 6.665610772872825 0 0
9.030987205317654 7.444630529801038 0 0
9.286533052564783 9.275033610078509 0 0
10.48988821735143 9.890289409295015 0 0
12.26745125182814 11.21540130609856 0 0
12.60558109549111 12.57070334827504 0 0
13.4713737694551 13.12716986918238 0 0
14.14732373651163 14.07194243849945 0 0
15.340546838946 15.31030019229526 0 0
16.7215357856298 16.61553436184971 0 0
18.80732315479732 18.47950435277536 0 0
19.86124347594184 19.5322968674794 0 0
20.34871314283335 20.34809914130575 0 0
20.6180217849613 20.36293520402903 0 0
20.67861582120683 20.64483037678362 0 0
21.85987224188166 21.81982073725687 0 0
23.54863028147788 23.51361961253852 0 0
26.10908271429768 26.07294663498144 0 0
26.67812508207813 26.44523367888301 0 0
28.69180516159323 28.4775708595503 0 0
29.43055887365213 29.21221457913691 0 0
13
0.9344431359432166 0.5236178771712225 0 0
2.068762897586771 2.062023569707651 0 0
3.624985522964725 3.554853498880792 0 0
9.785414337012734 9.643178585447485 0 0
10.29122459948928 10.04822750728399 0 0
10.49029043263137 10.47750183459262 0 0
12.98335444415121 12.95098525853357 0 0
14.19714996016138 13.52867862114976 0 0
14.52753784080596 14.34692761958996 0 0
15.62837445233334 15.16110007279167 0 0
21.21151604816239 20.87359929053133 0 0
21.5659234182966 21.4052502084314 0 0
23.42600064152476 23.4072193455044 0 0
29
0.482722865219573 0.6768287895185636 0 0
0.9220394079413913 1.910651968257572 0 0
2.384283508062281 2.488984984310402 0 0
2.533413426789033 2.633573257990983 0 0
4.31013820276864 5.492291441536533 0 0
5.508552185924498 8.58920080055052 0 0
8.612406932675587 9.570223659606107 0 0
9.684203044400499 9.771612445261598 0 0
9.792981769774844 10.9563610929237 0 0
10.96059288898847 11.3421800657627 0 0
11.43006925525026 11.87699861193773 0 0
11.95183014790874 12.57024417106066 0 0
12.87260871758982 13.76943856508418 0 0
13.77816024684484 16.57677212300715 0 0
16.60579479996288 16.95174687155866 0 0
17.19706716896936 17.50347356755147 0 0
17.5315335377589 17.53652593918948 0 0
17.54945851448535 18.88114936235898 0 0
18.91714440970811 19.58847087158582 0 0
20.38903806783844 20.80600962835527 0 0
21.17660578688259 21.34019262693053 0 0
21.37557791612987 24.52751407689799 0 0
24.5438654948003 25.71241932592163 0 0
26.34051945058821 26.92420633581764 0 0
26.95109677094796 27.71945460784008 0 0
27.73252875400958 28.35159131384255 0 0
28.36191520147525 28.8876440419177 0 0
28.9745988512668 29.5449389566801 0 0
29.59072119748262 30.01524752212174 0 0
13
1.432040725069778 1.403123534134516 0 0
4.623905396378288 4.553779147752083 0 0
4.736568096727246 4.666682242232567 0 0
6.796401245082316 6.511889589954603 0 0
12.84910390484214 12.48067182451625 0 0
17.40784311989872 16.0003958358825 0 0
18.08339551944719 17.83168654839594 0 0
19.52707642418407 19.27422604290717 0 0
22.17981907321865 21.98476382364834 0 0
24.31728086392954 24.18679198368707 0 0
26.70161476568306 26.63325723768702 0 0
27.7722228876441 27.7675558777745 0 0
28.45129802817187 28.36121012024514 0 0
28
0.1349868806663288 1.829712808667805 0 0
2.015778690237399 2.615381971178917 0 0
2.622299560543703 3.818602917737872 0 0
3.979842725615129 5.242782563272092 0 0
5.261589127128328 5.856315702112672 0 0
5.891549573182914 5.988307624457283 0 0
6.065528241941841 6.79812615179888 0 0
6.84358855993378 6.918499679028004 0 0
7.072063049939938 7.268510181411119 0 0
9.799591765495407 10.3773484865369 0 0
10.38991504444657 10.6865817926281 0 0
10.77046058210716 11.75360956148406 0 0
11.79949619379918 12.17516793273162 0 0
12.32741232854499 14.01076227737961 0 0
14.19716581683305 14.83208305415955 0 0
16.04861061210168 16.36730868782549 0 0
16.4518641215443 17.28827574638333 0 0
18.19430563182704 19.91822469328718 0 0
20.1580684256794 20.30311338595025 0 0
20.49941247551074 22.09144990292856 0 0
22.11015302884425 22.18249504766594 0 0
23.17512559307849 23.45821472693009 0 0
24.15398159880896 24.32000732701142 0 0
25.57388043399902 25.66042472507252 0 0
25.77560187565671 26.73413091936941 0 0
27.98355304745525 28.34895369872051 0 0
28.63320163281651 28.95897671526328 0 0
28.96004411044219 29.20801250448007 0 0
34
0.4645333885386442 1.247119012613418 0 0
1.266414935028639 1.898365331093266 0 0
2.231929593735676 2.726202305636405 0 0
2.729691196671344 2.81178569075361 0 0
3.107628283622993 4.627917283955185 0 0
4.82026653566138 6.043219877164545 0 0
6.310306722333791 6.416959567331855 0 0
6.547416442438597 7.351454377272661 0 0
7.396755230042008 7.901064241087594 0 0
7.918916231234115 8.370846271265293 0 0
8.479619421034823 8.565601972951139 0 0
8.760531299742933 8.832670042403866 0 0
10.29879598682922 10.58433271963338 0 0
11.58581998252899 12.01469178727984 0 0
12.02706949951034 12.15664871855776 0 0
12.57741872757803 13.0999127977365 0 0
13.41331100022506 14.44909206874528 0 0
14.45773768889062 15.31436007028822 0 0
15.32785545129635 15.61313121797746 0 0
15.75388377403237 15.91989726499225 0 0
16.30847464153291 17.03856742567687 0 0
18.23716445617728 18.29034845972771 0 0
20.36234289209396 20.6978778400883 0 0
20.73693461414356 21.86809410543495 0 0
22.46610827015907 22.93401488250719 0 0
23.42722030069759 23.45091417547535 0 0
23.91423480114905 24.12850450584942 0 0
25.03495827448045 25.37898084630099 0 0
25.70974499703604 25.8080845540365 0 0
25.83634852688692 26.99228453293699 0 0
27.24458608337759 27.25084767563934 0 0
27.66279266539083 27.72021638267796 0 0
27.81246543369456 28.12748801117819 0 0
28.22802423632941 28.52173541498016 0 0
15
2.261043353617072 3.688176570376462 0 0
5.170078420369239 5.356119548815894 0 0
5.373285908363552 5.783359666387467 0 0
8.303408571250136 9.366821767978049 0 0
10.10894148813936 10.13172634656873 0 0
11.13959432213937 11.40943963993752 0 0
11.51239210530025 11.59300428951893 0 0
15.54668934437972 15.843587215926 0 0
15.87275228433235 15.91865879440739 0 0
16.88749466823973 17.31506144103598 0 0
18.26346503244235 18.65176482095455 0 0
18.69033168000536 20.6823562575945 0 0
21.1636316176979 21.60564663890158 0 0
28.0745051003905 28.30614776533243 0 0
29.63175416071645 29.97378105486528 0 0
33
0.2573971399357617 0.1436129068741039 0 0
2.895021604599366 1.07815338455276 0 0
3.501729967971447 3.455964143661744 0 0
3.754869609185616 3.749638682486208 0 0
3.812247530238891 3.805372796322736 0 0
5.854471020396993 5.274866913194599 0 0
6.155904783289443 5.98124581250528 0 0
6.490265143992582 6.474799969347425 0 0
7.423958640461282 6.645637658835111 0 0
7.774523834615084 7.462491320842112 0 0
9.048052789998243 9.010684479823503 0 0
9.480642487485357 9.46789458376295 0 0
10.10471163673047 10.09702830570936 0 0
10.62018352301308 10.14636717121991 0 0
11.25481241536679 11.13246626837248 0 0
12.39752884712476 12.2874547343629 0 0
13.44184979469112 13.2814853030888 0 0
16.16279140655722 13.57857259814499 0 0
17.31365180685794 16.58475123939661 0 0
17.47106890907354 17.45228253750256 0 0
17.53717718615866 17.53548853489451 0 0
18.54367667565825 18.04944348339171 0 0
18.97834302104284 18.93142813316452 0 0
19.87514103777808 19.82672130138063 0 0
20.72531619604911 20.02364037216873 0 0
21.92165019964945 21.5101759918889 0 0
22.26734805190661 22.20913061048456 0 0
23.61397514214619 23.4548145107279 0 0
25.11266895294529 24.13244835268741 0 0
26.8362251306231 26.79262507854698 0 0
28.91830798263052 27.81947643614835 0 0
29.17744159694141 29.17086379124879 0 0
29.83303718496203 29.82904865382381 0 0
22
0.03782133264913057 0.2420280816180842 0 0
2.579424599739777 2.835358447984251 0 0
4.162056876612202 4.206315209155417 0 0
7.129782622522303 8.534756459982145 0 0
12.4230307909054 12.52068386893698 0 0
12.53939331084938 13.70708516999825 0 0
15.12272765632289 15.55475486575406 0 0
16.54262656944326 16.89427316753193 0 0
17.3667684192032 18.17327412939009 0 0
18.33308961416278 18.46404182616603 0 0
19.47525807007928 19.72989379486246 0 0
20.52425432909401 20.67945108051432 0 0
22.00045066943369 22.44411085325438 0 0
22.73962475147983 22.77086787341116 0 0
22.92916276365337 23.12273578528538 0 0
23.87532087510817 24.34218167824742 0 0
24.55076418066133 24.56435586461518 0 0
27.2699407892619 27.89212976359508 0 0
28.15228009141427 28.32901933859985 0 0
28.83364937458945 28.9403001278043 0 0
29.2031187374463 29.38426448657155 0 0
29.73925699466904 29.88860119574181 0 0
