# Status file for ctqmc. Used to save all times t_s, t_e.
10
30
1.194511822652653 0.4734491707771298 0 0
2.120204978127261 1.866183625937125 0 0
3.033492190125538 2.996218760942571 0 0
4.775244081515095 4.21653290043768 0 0
4.981876169526155 4.97583835640731 0 0
5.256462759472141 5.125557420429875 0 0
5.513318920258466 5.496858837979451 0 0
5.996966613402647 5.926372847076538 0 0
6.662240284035628 6.432952434189855 0 0
7.414900040643999 6.676890070060512 0 0
9.147744534314937 7.657457422252436 0 0
10.14669642874588 9.249735275497466 0 0
11.82033279470214 11.67499134839 0 0
11.88754775953459 11.87837795280252 0 0
11.94610918088052 11.93208283953638 0 0
13.42902945962364 13.04985677027253 0 0
13.89545704908577 13.86614780868815 0 0
16.20586031588143 16.09279224729863 0 0
16.28544470070087 16.24476041845933 0 0
17.29127837666962 17.26372987961184 0 0
21.70059216507489 21.52739631477346 0 0
21.76614357426337 21.7543309667593 0 0
24.46661498054405 23.68269256589836 0 0
25.47190105861905 24.75312157271527 0 0
27.20370639648846 26.00640900965028 0 0
27.21443876924308 27.21437911997124 0 0
28.52304596028719 27.92211897213316 0 0
28.95258501158217 28.94551802311204 0 0
29.42210173749572 29.23180009190447 0 0
29.84745576946214 29.81674974298567 0 0
23
1.469806495510527 1.326520656437694 0 0
2.398270998108549 2.260971977471694 0 0
3.58112776632208 3.444398999540593 0 0
3.768617748297756 3.688453399898449 0 0
4.98003094442099 3.773654614422767 0 0
5.087243405414775 5.072238237050057 0 0
5.577910316829779 5.236048916425418 0 0
6.064181785148498 6.014944236417016 0 0
6.687071104194279 6.65266768897988 0 0
8.17967615473216 7.366354884430458 0 0
9.767203502052013 9.762272005989082 0 0
11.14574070949575 10.86726086963311 0 0
11.68350904919711 11.58475723252393 0 0
16.70988770930867 16.3467908740944 0 0
17.9261526268804 17.80382854095691 0 0
18.77573106511093 18.35613689318168 0 0
19.75117406496471 18.93373580356222 0 0
20.08351077613586 19.88292059707052 0 0
20.84746092651942 20.75118855452457 0 0
21.13830365033013 21.12911662788429 0 0
21.6859682211033 21.6582468065373 0 0
24.16134863176186 24.06787274737282 0 0
28.39913378662136 28.14153349723176 0 0
13
2.669230426985183 2.667238652393324 0 0
6.053165199936095 5.924246637782687 0 0
8.771707561566522 8.770883035638827 0 0
11.84674676747853 11.81927501570154 0 0
20.77681451802329 20.609812878559 0 0
21.80069233099453 20.85088978701269 0 0
22.75740468122869 22.41442985469766 0 0
23.71949145151662 23.71585285252304 0 0
23.78349881880226 23.77597508384747 0 0
24.02566261532651 23.83936246851033 0 0
24.96578869929879 24.02941623388919 0 0
26.76801534858808 26.74974855481182 0 0
28.35388885140906 28.01446498421761 0 0
26
0.8024644414311126 0.7135843564670061 0 0
1.747643592758629 1.338703145587937 0 0
2.887719246958678 2.877687351379687 0 0
4.195625084489071 4.151600884233567 0 0
5.458426027639393 4.44241725478322 0 0
6.714102143180462 6.651620334890528 0 0
7.707571217673801 7.021250541173113 0 0
8.157080071400545 8.056838735934079 0 0
10.5512212588998 9.926403822614439 0 0
11.28128446618496 11.15795566794791 0 0
11.98126877996927 11.55153136710085 0 0
12.43937635967674 12.39510591095155 0 0
14.11932522669812 14.06411089077903 0 0
15.15876340254021 15.09197676707393 0 0
16.2421838800107 16.1674983125688 0 0
17.99067345496104 17.65156087534182 0 0
18.74483028521128 18.62425505477455 0 0
18.80439457072042 18.7992155806818 0 0
24.80606104583817 24.77712311687505 0 0
25.01551719544812 24.9799093199302 0 0
25.65055239564246 25.62384505476622 0 0
26.45897467373143 26.33781012491921 0 0
27.99445825250548 27.77388509904764 0 0
28.10624698060913 28.01169022949422 0 0
28.22918304657479 28.11212312826624 0 0
29.03618275992405 29.00239482814538 0 0
6
0.01245916775299349 3.851800845791915 0 0
3.861415324772069 7.266603111788104 0 0
8.321603191440655 8.582595519874054 0 0
8.859937656805977 18.66626544245444 0 0
19.42917327087863 20.87971850761975 0 0
20.89185882698661 29.74038855166962 0 0
25
1.325500558267919 1.245202363807976 0 0
2.018092202367444 1.954814869051337 0 0
3.404865376122879 2.364155464548189 0 0
3.896921264226371 3.831090656638467 0 0
4.713469846673966 4.580746078509472 0 0
6.320999198931183 6.21017217512357 0 0
6.60957255054489 6.354870167414474 0 0
8.124607495451681 8.087753295496503 0 0
8.346902548613155 8.164528626582465 0 0
11.67552645248423 8.812306756732871 0 0
12.25652825264661 12.01099291405629 0 0
15.47993951711534 13.38802407208601 0 0
20.19086982971171 15.74550886009776 0 0
20.33776728136126 20.31889385047001 0 0
21.00282276836699 20.7610680108764 0 0
21.32779724996965 21.31013604314479 0 0
22.41242023479186 22.41078123344394 0 0
24.6039625454476 24.60185355533427 0 0
24.6823184082718 24.63622634807067 0 0
25.70428958971903 24.69272616554649 0 0
25.81272645916308 25.73944854611284 0 0
26.54543085730454 26.23601004633678 0 0
27.13013871268417 27.06631612922172 0 0
27.85899025944965 27.55007886586698 0 0
29.65205958045132 29.08022404222715 0 0
35
1.768241768685457 2.102111860273304 0 0
2.129570413781762 2.153637564170082 0 0
2.163109313837357 2.632314223048315 0 0
2.686382495980419 2.872198719410753 0 0
3.710103710412724 4.665319819765452 0 0
4.676461429239859 5.303358845053131 0 0
5.331812611280175 5.672675474755006 0 0
5.810468057324414 5.937784237965802 0 0
5.972735660255068 6.168117334594982 0 0
7.487963377707966 7.602173058310665 0 0
7.654646695212762 7.685607028415751 0 0
7.741403787958745 7.879627279055716 0 0
7.895432864942624 8.618132561815855 0 0
9.339863680583134 9.36213464462268 0 0
10.58785784591321 11.31921111660844 0 0
11.99189480497854 12.03299830028433 0 0
12.44227293915309 13.51876593215367 0 0
13.64635370887477 13.83873857081428 0 0
13.96321931872394 14.36770850403622 0 0
14.42165334113064 14.56139936860134 0 0
14.94727914577712 15.0853137053849 0 0
15.35126143718801 15.41523381159398 0 0
15.59530094401505 15.61750080501692 0 0
15.64406329950531 16.30070010744075 0 0
16.51650973491131 18.95535294965847 0 0
19.05137994243458 20.17964076886723 0 0
20.19389958815566 20.99795142706779 0 0
21.11073249185466 21.39653527913534 0 0
22.87742354454659 23.32907840182565 0 0
23.71275447461749 24.20771234446914 0 0
24.22342783642901 25.35919347582267 0 0
27.2484607427723 27.26178937389141 0 0
27.93427556912829 28.18080151788436 0 0
28.19925798459953 28.48856788374095 0 0
28.76785179469661 29.41546174566639 0 0
26
0.02946811596858012 0.04317565273853319 0 0
0.5808487938595528 0.7549788291736527 0 0
3.783529509771887 3.93014874061668 0 0
4.194457838223737 4.229571390854924 0 0
4.374576708548835 4.41414750790592 0 0
5.609460383252665 5.930526653484368 0 0
7.533209421447628 7.797742156759734 0 0
7.836505808649129 7.849037878158778 0 0
8.531882061691237 8.670370865741324 0 0
8.839936193454262 8.866980045511788 0 0
10.14272867973357 10.36384271385133 0 0
10.45413703839032 10.57778927493383 0 0
10.74633565386671 10.87283920622911 0 0
11.83845104764902 12.17298128945085 0 0
13.33460924859203 13.9085697742114 0 0
14.18207872554309 14.2552015445874 0 0
15.02321205626536 15.40407694418701 0 0
16.16756723190788 16.49865519589169 0 0
17.12141710893655 18.02940853396654 0 0
19.59645434135641 20.33393402310963 0 0
21.42418099990529 21.46310720609013 0 0
21.51437356472354 21.7506127214086 0 0
22.44832924254348 22.96154725226439 0 0
23.01071840024407 23.28351118233623 0 0
23.54176913035155 27.65920127390348 0 0
28.15044610797588 28.59718600781085 0 0
37
0.6379244604278824 0.8104394666936336 0 0
0.8634620261638686 1.286008469980306 0 0
1.441422339889973 1.751857360582008 0 0
2.051115299447952 2.219313609053098 0 0
2.240263476448408 2.247077769954724 0 0
3.362539470212323 3.418204954867474 0 0
3.971110281933924 4.089741301603052 0 0
4.094264345175914 4.217353531932697 0 0
4.274694609727651 4.399811945698044 0 0
4.402670500432333 5.469277405338952 0 0
5.473035893681878 5.747250320305189 0 0
5.883026671574496 5.919532118261757 0 0
6.304961952591468 6.377595927210477 0 0
6.431288950684403 8.412992861442127 0 0
8.577610301376021 8.722143055944848 0 0
8.753048839551832 8.789764873845051 0 0
9.380854220042721 10.26609163598893 0 0
10.50033701154384 11.04158582036824 0 0
11.38471349873821 12.37440340930867 0 0
13.0759702426491 13.43595109601265 0 0
13.8583501456123 14.07353551349336 0 0
15.19498457877671 16.17164987560346 0 0
19.15643286240658 19.90001203855025 0 0
19.90853244290341 20.14549847719885 0 0
20.39781394509254 21.43441407165607 0 0
21.66159894132233 21.77627486094471 0 0
21.79122571114134 21.81095915758232 0 0
21.81563917845107 22.51178938599731 0 0
23.12711569183707 23.22077850314434 0 0
23.26246521671358 23.34390889005843 0 0
23.36141305335209 23.46651943879412 0 0
23.56653702544177 24.60351324104509 0 0
24.80099848417101 25.14171105519999 0 0
25.51414228296158 25.57965459630788 0 0
26.39127915497168 26.47164329054053 0 0
26.49958897218066 26.53217968393573 0 0
27.81584046198381 28.864262151464 0 0
20
1.360049169962685 0.09719375433193633 0 0
1.805175132143078 1.599783002034168 0 0
3.358570462613491 2.061890522116111 0 0
6.202187830789156 5.093087745494064 0 0
6.554253554005453 6.551669458279249 0 0
6.85672104963309 6.829874346022895 0 0
7.554027794021811 7.502808658284736 0 0
9.310198598977902 9.250958872102078 0 0
9.522369323168181 9.487887018504777 0 0
11.45976353794208 10.46221915256021 0 0
12.90770921633421 11.70183921348899 0 0
13.82352747461213 13.05325547988934 0 0
14.72413004835727 13.96491036642802 0 0
18.56243604552834 15.02298327151049 0 0
21.12087073456012 19.61131471266309 0 0
21.65131280123643 21.20361892610304 0 0
26.18779408985954 21.89659415701541 0 0
27.7347248347542 27.2700160316079 0 0
29.04745350843294 27.74434812180537 0 0
29.67643221666977 29.05616554785452 0 0
