# Status file for ctqmc. Used to save all times t_s, t_e.
10
26
0.02034018049874931 0.123373109776427 0 0
0.1512050830232745 1.620949368743128 0 0
1.631569074851977 3.593279429076477 0 0
3.6171350789898 5.092183430748786 0 0
5.145571211755868 5.350420541522785 0 0
5.452194814395096 7.415781813171706 0 0
7.467741480905675 7.787593699678338 0 0
7.813965054658619 9.051941968415617 0 0
9.070854649306746 12.26215083213714 0 0
12.32155506812257 12.5334650597638 0 0
12.6386753088697 12.91851156796053 0 0
13.04284808748455 13.87905514287509 0 0
14.12156298688429 14.41737869702119 0 0
14.42933429157248 15.84655872525421 0 0
15.9757684781625 18.64079039308087 0 0
18.64153425575448 18.64553559397929 0 0
18.69446272697544 18.80315324331763 0 0
19.01588908360062 19.36266754627654 0 0
19.46916817713732 19.48286417553084 0 0
19.58699198461706 21.18925114466929 0 0
21.18992136842868 22.24267091638897 0 0
22.27534231624116 22.58777085748667 0 0
22.67192465506026 25.50252797816589 0 0
25.51593852151157 25.9923187090047 0 0
26.05521019430287 27.88859463576271 0 0
27.89274889592322 29.79001474567383 0 0
20
0.1677999231144351 2.997541542345101 0 0
3.026551402177172 3.651834359026327 0 0
3.765882656182435 4.436795764392572 0 0
4.481479784851738 10.07012837945172 0 0
10.09280058032837 10.36786369462307 0 0
10.54338201900716 10.60377029133062 0 0
11.22588993238349 11.31206169588634 0 0
11.36131824319172 12.75403471937404 0 0
12.85577221117918 13.00334208004548 0 0
13.08232385920334 13.66239633126214 0 0
13.69678833765995 15.27354371095337 0 0
15.30247785110504 17.14292269477492 0 0
17.44772418496146 17.92616507748986 0 0
18.05623940231725 19.18954928146162 0 0
20.40500242525913 22.91609017016687 0 0
23.40039239402894 24.48820028333525 0 0
26.23295049417784 26.43443570288343 0 0
26.43452333000306 26.94076903709809 0 0
27.05913317280485 28.13246280342068 0 0
28.31690077212627 29.99773573235579 0 0
11
2.930820659201924 2.912220004690649 0 0
5.644541992030524 4.053008479999875 0 0
6.095978738297611 5.737365486595829 0 0
6.758664029640205 6.563381965100502 0 0
12.67810122800923 12.64218842955695 0 0
13.35790553935146 13.30270524881246 0 0
14.47142826205881 14.34747872256645 0 0
19.5333558463088 19.20631605868536 0 0
19.71493149196123 19.69117836262731 0 0
21.64974467411139 21.36221862032617 0 0
22.62604473212173 22.46654257595859 0 0
28
0.4285321063648159 0.4275619325746544 0 0
0.9731450559983297 0.9227416262507384 0 0
1.546183345043223 1.036967247318264 0 0
1.594024994679642 1.584583127653296 0 0
2.839618161376949 2.635999974807437 0 0
2.891356536839082 2.881169924412799 0 0
4.706926939767717 4.539762551276359 0 0
4.853189255659146 4.761423666771337 0 0
5.22497307695896 5.116708389514245 0 0
6.357544235621889 6.211694963254651 0 0
8.385243136583625 8.370794839191319 0 0
10.17467618223295 10.12647095345897 0 0
10.65288638125092 10.43972154764338 0 0
11.3205126157201 11.01451751071372 0 0
12.5543719877414 12.26773746638862 0 0
12.77116530529446 12.76760140213439 0 0
14.26751088988193 14.22888263789809 0 0
15.33370840004776 14.88023581335525 0 0
15.58316328319573 15.46979524126696 0 0
15.64641067255742 15.64340850070725 0 0
16.55648917104567 16.54475809920631 0 0
17.18647950180476 17.053387221296 0 0
19.23953303894186 19.12503695136223 0 0
19.36356244115205 19.28741527806584 0 0
21.17668251988494 21.10441258687917 0 0
21.563339734033 21.47165716182591 0 0
29.10269182977661 29.05897029933432 0 0
29.73209850887105 29.57069257659141 0 0
16
1.47162075616205 0.5207463024612373 0 0
7.458476414965523 7.223481947669331 0 0
8.44505131581883 8.436058900379496 0 0
8.551849430496453 8.526997490283923 0 0
9.573999132493242 9.555233159720249 0 0
12.92736704002327 12.86923725326619 0 0
13.96982611632971 13.95519135295036 0 0
14.63715551962698 14.63304465031712 0 0
16.44017916133214 16.42661619414397 0 0
18.43874136979571 17.99008577465086 0 0
19.60433444044162 19.17962050943565 0 0
23.72366496670892 22.90634051132492 0 0
24.67693093355859 24.60428437424615 0 0
25.43144808880373 25.18058739494474 0 0
26.64948222022793 26.62433354329327 0 0
27.12019696811031 27.0574933818318 0 0
29
1.407300968785873 1.35442715175018 0 0
3.31269812137812 1.936272416307434 0 0
4.726382678190564 3.983633947362444 0 0
5.013858388059386 4.908393980589866 0 0
7.363310163618777 5.111365215486679 0 0
8.435826343762864 7.511204422086843 0 0
9.035689283876488 8.842968237133942 0 0
9.792025270995888 9.753182890372852 0 0
10.62960175907349 10.53534319502236 0 0
10.87437966563362 10.65433445127175 0 0
11.08123423450297 11.05107930809631 0 0
12.26130447670852 11.56027255609538 0 0
12.41823159296533 12.36627689182443 0 0
13.09776267508535 12.69018086975813 0 0
13.7059419222989 13.37733354395227 0 0
14.62335561644385 14.57757029792687 0 0
15.04781270294984 14.64122471746745 0 0
17.90870990088669 16.35720299215589 0 0
18.57023556193971 18.44726181773273 0 0
18.6568980218693 18.62181506514378 0 0
22.16640814748055 19.02094750429195 0 0
23.21018188209402 22.33335678505181 0 0
24.60597559345773 23.60176549049388 0 0
27.01362185896272 26.05604879713574 0 0
27.06485046953755 27.02297233215623 0 0
27.4351918644215 27.18259726525227 0 0
28.42763332391989 28.38460480350322 0 0
28.5075307178573 28.47529746251622 0 0
29.76229951628164 29.53590694397313 0 0
37
0.3920763551279174 0.6259687050602177 0 0
0.9802715488165497 1.299122810964435 0 0
1.337351779198358 1.559496203207866 0 0
2.383510928476061 2.521704701725971 0 0
3.044828399963113 3.926774784937241 0 0
3.932044598342456 4.322559567770801 0 0
4.456940493223494 4.674484053261101 0 0
4.766257657509814 4.901510740085025 0 0
5.661359116914245 5.698463124522512 0 0
5.707402357320372 5.734359022537295 0 0
5.907171065801947 6.032425782666927 0 0
7.794530025245825 8.129772541737049 0 0
8.174614070412453 8.703466213459755 0 0
8.773712218599222 9.874327916850548 0 0
9.885918940973564 12.01549448195733 0 0
12.25950997687626 12.76531435907135 0 0
12.81540660781776 13.04005487119624 0 0
14.51084510451036 14.8355371840649 0 0
15.13647135640743 15.81380701717826 0 0
16.18598906071982 17.16429861422275 0 0
17.2203602784388 17.39464325718117 0 0
17.67026682938988 18.70984576587212 0 0
18.83047722816342 19.07103199530667 0 0
19.11162150298643 19.72830969849921 0 0
20.23619922341057 20.82332506992055 0 0
20.88533087293163 21.70419172535779 0 0
21.81996878528267 21.84859472105023 0 0
22.06802675235809 22.15440993265998 0 0
22.26027114637638 22.88067642474006 0 0
22.9822053204305 23.26789544557416 0 0
23.28596394230476 23.85175667776309 0 0
23.87384052264056 24.7137986143747 0 0
24.95138552475103 25.23247385768713 0 0
25.26350310881887 26.0694196534538 0 0
26.69721575665311 26.93076588485195 0 0
26.98167499567219 28.79861563040187 0 0
28.95956788750173 29.01859498212646 0 0
24
1.122758754153199 1.317448946424445 0 0
2.01972742933349 2.283528086904923 0 0
3.514711515689715 3.67424678364216 0 0
3.742099130323012 3.956729639620579 0 0
4.068249971393783 4.387952750432184 0 0
4.991189157698119 5.240145263450822 0 0
5.28905978457002 5.39761126267331 0 0
6.979911470321373 7.311021319244736 0 0
10.78274706169907 10.8856182484423 0 0
10.97437080524961 11.30763937606763 0 0
11.47198904311257 11.74736141583695 0 0
12.43902832706715 12.74344400680898 0 0
13.05507089790094 13.06905032421493 0 0
14.95620600228833 15.58604406221506 0 0
17.51708060157475 17.52658251249344 0 0
18.96058041442177 19.08592598326047 0 0
19.09495408611375 20.29415253213203 0 0
21.02390722766442 22.00347166950569 0 0
22.91858782275035 23.03042202833153 0 0
25.94813116329534 26.51062744671615 0 0
28.5448690266084 28.69403784994822 0 0
28.82259879278582 29.121661813151 0 0
29.65365734336146 29.86623133700949 0 0
29.98938674730415 29.99890454697044 0 0
26
0.1128579389373492 0.2271376478317073 0 0
0.5259905142654671 1.314167916502246 0 0
4.870656775780209 5.304809176264458 0 0
5.414236890134204 5.934465651097344 0 0
7.306774387521414 7.908222349178497 0 0
8.299800922807457 8.778003122430309 0 0
9.937664970699123 10.21099668376411 0 0
11.00505507001664 11.16594868377505 0 0
11.52772230842954 11.7701253743137 0 0
12.47270819328685 13.66575335761244 0 0
13.71402677575482 14.52401603081835 0 0
14.85030822189746 15.05643422865854 0 0
15.19633361479766 15.3015026122293 0 0
15.5625827873906 17.17174961182231 0 0
17.32246247394852 17.37358170582771 0 0
17.61206658631441 19.78908360299001 0 0
19.79330395953406 20.07954018446556 0 0
21.42742488061906 21.92131107762844 0 0
22.46829675738413 22.49094254554475 0 0
22.85854621531487 23.22523278908032 0 0
23.35433173285295 23.40357741494791 0 0
23.71878973627242 23.9224180203303 0 0
24.09116864270336 24.37083661216203 0 0
26.06454530580602 26.20906068770078 0 0
27.42070448878371 27.64891170056465 0 0
27.71922204589611 27.95298835922855 0 0
18
1.153362840773436 0.1475039435452032 0 0
1.569669021944911 1.462385589964047 0 0
1.981916366115767 1.62396070833491 0 0
2.60494961236913 1.994194141682063 0 0
3.525264762419183 3.328930697304423 0 0
4.480482476077775 3.816136945309404 0 0
5.216134542260432 5.080635974237468 0 0
5.528214522480363 5.301890023914795 0 0
6.050709775717179 5.672293391433754 0 0
7.947311006169058 7.045824977096515 0 0
14.40056906280627 7.98792774730537 0 0
18.17294655797907 15.11665584612636 0 0
19.38447040537726 18.36387362596967 0 0
20.82295616646901 19.95241344780302 0 0
22.77388396972383 21.08213898608241 0 0
25.58094517259122 23.48804738836949 0 0
26.47619668781831 26.23312172918852 0 0
29.55888256907633 27.33487006160751 0 0
