# Status file for ctqmc. Used to save all times t_s, t_e.
10
26
2.679538125922455 2.576800594051033 0 0
3.164189114762582 3.099647978454906 0 0
4.559130182403321 4.518372094967019 0 0
5.231737298012823 5.219569331936856 0 0
8.073815299618891 7.615140939908121 0 0
10.20091193862967 10.02635322438899 0 0
13.15102018473859 12.94906483552447 0 0
13.37007211925135 13.333144381326 0 0
14.88310400069632 14.8419648022203 0 0
15.99938105514597 15.91040353941908 0 0
16.81295802767048 16.78927750608979 0 0
17.34160492563479 17.14084016420005 0 0
19.32345573459783 18.97413254607188 0 0
19.93301430510151 19.75070125175491 0 0
20.06425915256169 20.03362422164758 0 0
20.16635798373458 20.07297957665769 0 0
21.64325723403944 20.3910221020768 0 0
22.20056510377421 21.69219060151982 0 0
22.55079853625551 22.43364410032848 0 0
23.38125303723887 22.71613941480488 0 0
23.53169120374577 23.52631723223795 0 0
24.72118968134611 24.0685683966624 0 0
25.24375138063404 25.16545479307862 0 0
25.34229336537912 25.30201229591511 0 0
28.04199646603671 25.75708147543674 0 0
29.42591731390886 28.44788526942137 0 0
17
2.014747829743161 1.873273793222268 0 0
2.550688271859353 2.465094756927594 0 0
2.760752034928213 2.75996551167014 0 0
9.611912435174247 9.501806107705804 0 0
10.07821262786306 10.02568199023504 0 0
10.24376121404785 10.24360860078026 0 0
12.462260300627 12.43521517883359 0 0
13.91882030178436 13.76427062456447 0 0
14.64134527069235 14.41545782927768 0 0
16.0707459483896 15.6612105371085 0 0
16.08680944297445 16.08567708084952 0 0
16.4769035222826 16.37372703589282 0 0
20.58072617804859 19.95876603042516 0 0
26.63292745237176 25.97767379491814 0 0
26.94026757850749 26.67273553162148 0 0
28.65192193864929 27.24529510699367 0 0
28.91541247089928 28.81418908335216 0 0
11
2.411293955483115 2.408181533588408 0 0
3.009367082537489 2.82595005145917 0 0
3.767584666899429 3.576774991489304 0 0
6.899015181001164 6.829016353328742 0 0
8.06669248124498 8.028143779071213 0 0
9.584417420225515 9.224817621746904 0 0
19.27870857516274 19.19180044124128 0 0
21.33343185786991 19.75032785710484 0 0
22.79758287138232 22.6055816356991 0 0
28.33819879934105 27.01129490288544 0 0
28.82092480609869 28.75891662377565 0 0
26
0.3879168744734862 0.3383108308453586 0 0
0.8843696026698676 0.8423102724107994 0 0
5.336323382607049 5.33039929269333 0 0
5.478095964994092 5.42323824918035 0 0
6.218667048354 6.066716035406795 0 0
7.067024387926694 7.065479520573835 0 0
7.558253489257764 7.322212574692847 0 0
8.109130160950327 8.027865238376711 0 0
8.812256526752071 8.714968530218428 0 0
12.32457465444434 11.6417919108156 0 0
13.57476930942192 13.53979631208983 0 0
14.02420285339498 13.93294677935396 0 0
17.11728354245012 15.5074153482488 0 0
18.8914769012375 18.5366572707499 0 0
19.77567802665075 19.39800100315653 0 0
20.13893724304317 19.99082636157668 0 0
22.18159071447014 21.5998130295721 0 0
22.70126207286679 22.66733514006286 0 0
22.94914533879814 22.9073378392142 0 0
25.64160967904977 25.59779222014984 0 0
26.29849915414426 25.73069740288267 0 0
26.55827294133223 26.5010725020869 0 0
26.92568537983822 26.77485244776881 0 0
27.5206725840023 27.51986107514895 0 0
28.15417499885736 28.1453540986419 0 0
29.78240359545009 29.68088948407286 0 0
11
4.187777554140914 4.058225601981297 0 0
6.529193076105789 6.457643970796463 0 0
9.383560470770407 9.327278861225523 0 0
9.917778683488377 9.798958675420472 0 0
12.8012701175858 12.76446656115787 0 0
16.81054298378371 16.64745111480822 0 0
17.75324778542682 16.93953658786385 0 0
22.82668328839308 22.6911871101065 0 0
24.26624003224126 24.23741763629306 0 0
26.88550499104424 26.67236260111225 0 0
28.56263547729802 28.03176199135793 0 0
24
1.747024971087091 2.040170020250324 0 0
2.533761778488018 2.688002665186697 0 0
2.731532697198229 2.868278487413933 0 0
2.871923310308973 2.873576911012575 0 0
2.878420290869382 2.940517714295064 0 0
4.131257023034133 4.339195126844427 0 0
4.774086864757793 5.157749359039672 0 0
5.778444778677446 6.259424387201676 0 0
6.74783778129226 7.199759053552656 0 0
7.860305711554627 8.261454789764239 0 0
10.15281555871594 10.3856225670655 0 0
12.00318145749806 12.89761352222304 0 0
14.11548207361028 14.35740562647043 0 0
17.2722954377951 17.89613503993931 0 0
17.92829436119581 19.35198265894625 0 0
19.39888523598966 20.73007774488053 0 0
20.81919058480484 21.86707337221652 0 0
21.89842728071538 22.98780867428723 0 0
23.22624617964622 23.46878683580154 0 0
23.50314084777407 24.8256046387555 0 0
24.98353049737379 25.01192039470737 0 0
26.11598427423396 26.90656640974818 0 0
27.23072568186 28.68485245328531 0 0
29.2414299104607 29.69713039219078 0 0
33
1.364225527112373 0.1038892466522512 0 0
1.913290917606443 1.649711231769862 0 0
2.159398132722672 1.997172104250409 0 0
3.130908292804923 2.266931520955609 0 0
3.30892944673378 3.298117501099842 0 0
4.479947422270644 4.317460615134223 0 0
7.670394003335846 5.371299696245614 0 0
8.386089906731494 7.75887825357079 0 0
11.49826363533033 8.793675305059326 0 0
11.88998489252149 11.59640458389013 0 0
13.44177624147849 12.95144969545563 0 0
13.50812802213177 13.45075038733875 0 0
14.12991231285578 13.80746808613103 0 0
14.37217995781148 14.30683529328413 0 0
15.27481820096017 14.77866086121192 0 0
15.75492776593367 15.71605376992024 0 0
15.94070973297788 15.92820099452317 0 0
16.49033608000962 16.46366408198166 0 0
17.38706918921109 17.2816085400538 0 0
18.18313146865712 17.92919109782602 0 0
20.08674767680519 19.49266050245754 0 0
20.16630266821208 20.13468705821165 0 0
20.87453504443691 20.32300015880843 0 0
22.73807478023166 22.58521044825659 0 0
22.79717037136844 22.76441055952441 0 0
23.55170340211836 23.35506075121545 0 0
23.81571466683107 23.59308652423269 0 0
23.87385001882266 23.81655836892939 0 0
25.23278412114643 23.92320534222571 0 0
27.56016175131668 27.47395061787851 0 0
27.73358875858902 27.68086740348582 0 0
28.17187603969203 28.0561871448648 0 0
29.87126192276173 29.50227258753704 0 0
25
0.01671565451387025 0.4771942722706726 0 0
0.6104947503097967 1.368274272513114 0 0
1.496772053297247 1.506191877867785 0 0
2.392441790757478 2.405967995396703 0 0
3.905431259297045 4.248618734752632 0 0
5.317806136680242 5.564325004386806 0 0
6.287714571063758 6.429050547661202 0 0
6.759410551491835 6.846850922588771 0 0
8.767287275849958 9.194307552662078 0 0
9.225752537935417 9.324770134561494 0 0
12.79462679342036 12.94729585267822 0 0
12.95064839659159 13.09038479098001 0 0
15.45987066734687 15.50189525653384 0 0
15.56003430455778 15.63762684612687 0 0
15.75999253332148 15.77068634213986 0 0
18.3557083015272 18.38133313322262 0 0
19.41812620498286 20.57023175802475 0 0
20.88828859333028 21.0469694856916 0 0
21.19208592216976 21.47953528088768 0 0
21.54617499392009 21.58590341288465 0 0
23.73558396308514 23.74657366253636 0 0
25.57405432837971 25.58145418918904 0 0
27.31961985973817 27.55796893423212 0 0
27.73178823336041 28.54349580765338 0 0
29.58778315385918 29.69269265845548 0 0
24
2.105917950591246 2.110123385329265 0 0
3.55176949446198 3.715380974985856 0 0
3.745755099489674 4.94109986007659 0 0
4.947109301251747 5.11930075384912 0 0
5.141544427722365 5.522179325993053 0 0
6.605205833969893 6.940700721971607 0 0
7.160153169764897 8.821863756794063 0 0
10.34228776140631 11.77736215706041 0 0
15.44336702468947 15.79643527842793 0 0
15.84572796264636 16.45673824271946 0 0
16.47808293304447 17.73523877335867 0 0
19.46003524429327 19.87407903518163 0 0
19.94407052468525 20.22455743822428 0 0
20.59955532657234 21.6799848766164 0 0
21.99668892758548 22.14962185772672 0 0
23.84249982628672 23.87219613816191 0 0
24.03399077071709 24.07716056416478 0 0
24.43442851543096 24.59128254579344 0 0
24.61331415377763 24.90379421781882 0 0
25.7860879998144 27.55528861701952 0 0
27.65545747713346 27.68516797941577 0 0
28.45079090218607 28.46240096650528 0 0
28.68729171005303 28.776863691277 0 0
28.79413726795799 29.94978349267377 0 0
19
0.270213532635907 0.5909522702458221 0 0
1.532563344821497 3.187590350568023 0 0
3.235051947343026 3.916444302100513 0 0
7.537602459410384 7.610818477360041 0 0
9.564983168642952 9.89617816681284 0 0
12.03299049032993 12.28736237610574 0 0
13.13032556025649 13.56525833372545 0 0
14.81999245982413 17.21181743965987 0 0
19.87029879032935 21.01277313396711 0 0
21.68055081822499 22.35901245417873 0 0
22.59527709961536 23.05477830499144 0 0
23.97466782746652 24.14040693628072 0 0
24.15656851476526 24.46461362485424 0 0
25.71700543887633 26.05258447306007 0 0
26.12871508412572 26.16634400629504 0 0
26.40900872696416 26.43159324732719 0 0
26.47620157182302 27.25591398159908 0 0
27.34537248404051 27.51536992570143 0 0
27.69864104122795 29.38706045073794 0 0
