# Status file for ctqmc. Used to save all times t_s, t_e.
10
18
0.5305456658337718 0.5234220170710167 0 0
1.376698416285535 1.258596532437257 0 0
4.529527122160179 2.356960815339125 0 0
5.548867640319871 5.296868877016849 0 0
5.876659282830997 5.86764082398707 0 0
7.516643234026786 7.469586548751105 0 0
9.840788797127086 9.82758388067573 0 0
12.95445436417605 12.82608022720602 0 0
16.12320400308774 16.09571175114622 0 0
19.62644122107827 19.57322284749176 0 0
20.95952537265265 20.84608950182569 0 0
21.24609960767626 21.21486626296599 0 0
22.06456557298007 21.65851511820527 0 0
23.16694727069533 22.59358225831357 0 0
23.85069184251621 23.82463614786819 0 0
25.59790069732772 25.54380922580939 0 0
27.89418129576815 27.83179348923511 0 0
29.40114293614739 29.24782866221928 0 0
25
0.0852631894319309 1.199879904759515 0 0
1.221636498077988 1.324391780306127 0 0
1.333600163912432 1.900822808343624 0 0
2.09242200349227 2.145014060896892 0 0
2.230444752497614 2.321131705292124 0 0
2.495441719737405 6.439354886005829 0 0
6.830879103351409 7.41275031344348 0 0
7.58709867592614 8.521752883866371 0 0
8.640169341959423 10.40928784265359 0 0
10.45549131904913 10.55648791146689 0 0
10.91579343250942 11.50705426389234 0 0
11.60559081564723 11.66232651910459 0 0
11.67150022324106 13.60054186468133 0 0
14.40689724765668 16.25569640565479 0 0
16.26686872948867 16.94621641596146 0 0
17.21838678757685 18.31325377450208 0 0
18.32848038790348 21.7435610687683 0 0
21.87093260439046 22.98399108588044 0 0
23.01067128869414 23.5896051354993 0 0
23.61086795133966 24.51109682785755 0 0
24.55348339983958 25.6007241629076 0 0
25.68739339946883 27.71230258399908 0 0
27.81076664624937 27.9539952490266 0 0
28.03815699799484 29.26929427348386 0 0
29.29588145380465 30.01743305239144 0 0
10
0.7444492272677614 0.7285289927223493 0 0
8.627417006379133 8.541481899440216 0 0
9.307728186550882 9.196583075570217 0 0
10.29127233808941 9.736058782594668 0 0
13.67355056654607 13.67071157835937 0 0
21.60289884605745 19.24984312669319 0 0
22.94933978787162 22.08271826800313 0 0
24.50943162955706 24.38559985029477 0 0
26.5935229237551 26.45713297291985 0 0
29.07801848176469 28.87624158088294 0 0
28
0.6092059842546412 0.5061712202070012 0 0
1.819693980230445 1.794760437072376 0 0
2.50713193680672 2.495052147528614 0 0
3.665582884473469 3.664496417500936 0 0
4.222185423471049 4.044377718316995 0 0
4.930937986678305 4.914221944728787 0 0
5.904337883172448 5.790505343106833 0 0
7.61232252954659 7.305171212546142 0 0
9.709806018728621 9.701814124691452 0 0
9.813037738578739 9.784901882621732 0 0
10.38923255320987 10.30390124528384 0 0
10.55676434237158 10.53396935690622 0 0
11.12885915512551 10.91183905422315 0 0
15.14073697649569 15.06137003977593 0 0
15.67964404838978 15.63077383111542 0 0
16.70418312083739 16.68329995168838 0 0
18.72333089002565 18.71612971924334 0 0
19.15475791503043 19.04269593845491 0 0
19.24034306280344 19.23880861445002 0 0
19.98722876475311 19.90260050199078 0 0
21.1414036672731 21.05250798228303 0 0
22.74982071315736 22.03056433894557 0 0
23.09824827433053 22.75417135805508 0 0
23.79733350164897 23.36901371283794 0 0
27.25687641605979 25.13874688196161 0 0
29.01106922541152 28.95889847337935 0 0
29.46510698932945 29.43048950016781 0 0
29.73654976144211 29.62869052245061 0 0
12
0.1486908332028669 0.04972770689576222 0 0
8.727027142011753 8.667541963431106 0 0
16.12149919127371 16.11698703637677 0 0
16.62666376625926 16.58625901999606 0 0
21.38972630356934 21.10451118856068 0 0
22.62144386657965 21.84378921368099 0 0
23.10843080063313 22.96523711143146 0 0
23.3642383845685 23.3229491218962 0 0
24.02768376921822 24.00966798713489 0 0
26.0197961133094 25.40243956582436 0 0
26.46347996856811 26.30045909437362 0 0
29.47757777673037 29.41810944585901 0 0
28
0.5106029270459373 0.1668993582590339 0 0
1.648937895978965 0.5950523904206015 0 0
1.921172684757732 1.870962906953468 0 0
2.766078987941573 2.036593329810441 0 0
3.070374043407616 3.046200274116615 0 0
4.109241008553099 3.788212746944962 0 0
6.6522350566566 4.626788366778862 0 0
7.10559697837529 7.059388941956998 0 0
7.943031116973128 7.796083349548393 0 0
9.336932232431142 8.819525386576638 0 0
9.409792529016849 9.384976720122923 0 0
9.515989787098746 9.439008144284148 0 0
9.995440621904862 9.939929195568082 0 0
12.39608304131597 12.329000589039 0 0
18.5043222656168 12.99169998446966 0 0
19.58127153504357 18.70609144555809 0 0
21.26471157318225 21.25314391812681 0 0
22.02418095159577 21.42112807815105 0 0
22.79083373595777 22.58062010854017 0 0
23.6673817449898 23.38043125528003 0 0
24.24077751292479 24.0195478009056 0 0
24.96485775005783 24.29145583004701 0 0
25.58765280696921 25.26050745316878 0 0
26.24779599006994 25.5928111635588 0 0
26.37590958368899 26.36118282546036 0 0
27.00128021055275 26.92430393317325 0 0
27.31961670588908 27.25091382336098 0 0
29.6824004387621 27.63933316359348 0 0
31
0.8398869186902864 2.644481122486964 0 0
2.67535074168174 3.390591008868121 0 0
3.576241904615133 4.107412268013521 0 0
4.583846888433426 4.688714021877859 0 0
4.740301524596604 5.425581909992839 0 0
5.531453034519746 6.449205175272933 0 0
7.330025079625525 7.781679402516818 0 0
8.555005724556068 8.785604684619017 0 0
8.815359949305984 8.877219603352845 0 0
9.176553271170034 9.378771482227423 0 0
12.24194757911779 13.20342804819621 0 0
13.3260061501507 13.72579429190859 0 0
13.76863555954412 13.93543540011741 0 0
14.22310844444131 14.39240780045952 0 0
14.71976637555473 14.76053895701888 0 0
15.50227385745068 16.08154656838769 0 0
16.11736993608276 16.65636797953806 0 0
17.5801207727744 17.58794524659085 0 0
17.66472437676265 17.7508401205645 0 0
17.84828417245586 18.60450034126063 0 0
18.72602192163404 18.7600915614827 0 0
18.77269236330076 19.77454565809584 0 0
20.36941027483476 20.57655723228718 0 0
20.7447168472374 20.91091349391102 0 0
21.16207548556958 21.30876587227246 0 0
22.19788779060576 22.87686605582137 0 0
23.35910634853043 24.30499053293689 0 0
24.45988462871891 25.47582937917587 0 0
25.53344650088374 25.95611778419111 0 0
27.28913677368431 27.78702511735693 0 0
29.54894084818635 29.87908976266042 0 0
29
0.7424583433116413 0.8561495003875951 0 0
1.281742067703534 1.28546773569144 0 0
1.891375679953246 2.021340902946795 0 0
2.958733599365238 3.028119634620725 0 0
3.20142267087952 3.328132973367226 0 0
3.480293252904206 3.603846884395752 0 0
5.639015581013913 5.64195642903186 0 0
6.152723095485707 6.781831723684367 0 0
7.737324071710331 7.746164850390723 0 0
8.720505434558847 8.745821263046478 0 0
8.804723226767829 9.065390764834003 0 0
9.681148270392615 10.34658355972211 0 0
10.38474793983577 10.53889553428984 0 0
10.70238100984393 11.03333570151161 0 0
11.38698312496762 11.56558831702984 0 0
11.86578631251091 11.96337784243771 0 0
13.76009907481091 14.02961668260068 0 0
14.09254411319188 14.51590706252411 0 0
15.07180151745123 15.07626199926009 0 0
15.87833770872306 15.96874237743998 0 0
17.05572237584387 17.10206288897194 0 0
19.2318641798703 19.77779168240604 0 0
20.21642423240208 23.14955606125447 0 0
24.595468588014 24.74802491889997 0 0
24.95164826930411 25.88898662994715 0 0
26.24757495732005 26.44420786347673 0 0
28.1685363604446 28.40323754135757 0 0
28.76919707133791 29.01359142291945 0 0
29.02381951202635 29.64123998372424 0 0
34
0.5142731750658811 0.3209289433364333 0 0
0.9149865656789321 0.8924430589553549 0 0
0.9689257486812733 0.9673202405749153 0 0
1.136216769901857 1.075095315283806 0 0
3.517670682922138 1.608487290422835 0 0
4.701022012053709 4.520321930081671 0 0
4.877137675795506 4.757444736361877 0 0
6.350751117100911 5.708349422575441 0 0
8.118645076347505 6.388710814773427 0 0
8.532194719931599 8.302619050330998 0 0
9.565975436182274 9.272036807961657 0 0
10.1861799914851 10.1416673634754 0 0
10.49935273272818 10.49187661182411 0 0
10.94109333024151 10.68785178354759 0 0
11.41195626467302 11.35862155786004 0 0
13.40073821713469 11.7591256731951 0 0
14.02765597577242 13.65331326729226 0 0
15.03466609588191 14.73805920895814 0 0
15.31243538486764 15.15619197857346 0 0
15.6271691973223 15.51785486138799 0 0
16.08160428203189 16.06457533526329 0 0
17.10193594004492 16.72288385286075 0 0
17.42022628923215 17.37328255100349 0 0
18.14303991172393 17.8175153801826 0 0
18.38845445524263 18.18038417501985 0 0
19.30484742015988 19.20742309634384 0 0
21.4047713079416 20.91102159441649 0 0
22.37017192834892 21.42285422553239 0 0
24.71117056444633 23.63105739074219 0 0
25.63273301373309 25.56492017627127 0 0
25.79336397473894 25.70093636811175 0 0
26.28914495627843 26.22693173482591 0 0
26.51491574341023 26.44766998716394 0 0
30.03917275871687 26.82761603068593 0 0
26
0.7897095929088791 0.9008968496559273 0 0
2.079440789299767 2.324430974761493 0 0
2.675591019308747 2.728447715265636 0 0
3.837496791125009 4.139667529110301 0 0
4.154817405066701 4.276886249649491 0 0
6.920515295198655 7.079821280479319 0 0
7.262745092676123 7.849149249890802 0 0
9.308743982703131 9.68010822461067 0 0
10.41537245086282 10.73244941452483 0 0
12.06932415153002 12.10015920389867 0 0
12.78156618579034 12.8457945811192 0 0
12.93658215783212 13.20142390827369 0 0
17.20138600934068 17.46788324207279 0 0
17.62944501352364 17.68951680416056 0 0
17.70579205613323 17.85263624377031 0 0
19.80635431752626 19.87633317920687 0 0
20.01424056986656 20.31295477873926 0 0
20.39600177913046 20.45819000133292 0 0
20.86198321522308 21.93288144844112 0 0
22.35059193683294 22.58820480377477 0 0
24.29933055222314 24.96367504002552 0 0
25.22710924609335 26.09021779898114 0 0
26.10785538838233 26.21388946875665 0 0
27.32960397771297 27.55214079393533 0 0
27.94740973404956 28.05168682849909 0 0
29.29129202188195 29.3038898517497 0 0
