# Status file for ctqmc. Used to save all times t_s, t_e.
10
22
0.286102575027986 0.2762956791807911 0 0
3.313003470649277 3.27703771805022 0 0
6.364616947863112 6.07696092377507 0 0
7.000247992965821 6.57714221939441 0 0
8.169921462343224 8.101894932199096 0 0
12.21207806845311 12.00068712459021 0 0
12.36432854763555 12.28341624069817 0 0
13.97027726532769 13.63289207714641 0 0
14.15138562195682 14.12132138782844 0 0
19.63568834335808 19.51567212607138 0 0
19.81105947753515 19.66147344107655 0 0
20.07114200167017 20.04246537167943 0 0
20.63041156169717 20.61359638398405 0 0
23.5473748479976 23.49808150166043 0 0
24.28932007780451 24.21897121298548 0 0
26.9766154101385 26.95208349351527 0 0
27.314406547896 27.18684073269107 0 0
27.66308473467438 27.52295480036711 0 0
28.27912152307674 28.17598822788059 0 0
28.34576950673956 28.34454838652653 0 0
28.58222298579255 28.42180193227336 0 0
29.3592540958044 29.29065640155006 0 0
31
0.5388807057115645 0.5342750012000121 0 0
2.44516319637213 2.437586433221739 0 0
2.969955649369682 2.862592754331725 0 0
8.194447302609669 8.122976961920321 0 0
11.44086511283192 11.35530273814981 0 0
12.81720309624843 12.77153349274832 0 0
12.90427631876094 12.85030875974972 0 0
13.18873112055357 13.10431660095992 0 0
13.35174310124097 13.28545002901505 0 0
14.02043102146248 13.99961258160405 0 0
14.99068419498327 14.92776323532272 0 0
15.71599862062529 15.62175413444994 0 0
16.74532977368477 16.27790790657843 0 0
17.17532865611221 17.12950008184387 0 0
17.31628810620943 17.22907605890445 0 0
17.47268857294234 17.38075163888434 0 0
18.70510504193508 18.49015044416307 0 0
20.12491634409441 19.5402498229883 0 0
20.2400776455731 20.14063742563914 0 0
20.83355946004593 20.31876904204352 0 0
22.45214264669277 22.17876914869433 0 0
23.01098954266952 22.67649420335864 0 0
23.25152896874162 23.22779148140835 0 0
23.63763403114287 23.55257207371587 0 0
23.7679863940319 23.69631838318466 0 0
24.128121298894 24.09365709621228 0 0
25.04928003156727 24.93885543247738 0 0
25.51368945372547 25.49028655656699 0 0
26.54443762137483 25.93639743061437 0 0
26.80153449787733 26.64681367481745 0 0
29.97468882567972 29.93853345919646 0 0
12
0.3049069652824094 0.1620244207982324 0 0
1.784883160921608 1.678732001212286 0 0
2.62317157414285 2.358000086039273 0 0
4.853972239771325 4.238031730963103 0 0
8.610618491897187 8.429405611794579 0 0
14.98862756109038 14.86654699815153 0 0
15.7492401521806 15.7277988967335 0 0
17.91306341208711 17.87490414900359 0 0
18.75966963070456 18.74641558343463 0 0
19.48619859793329 19.28825701693646 0 0
19.65606840034903 19.61195352585745 0 0
22.14281558627143 22.09483751826248 0 0
20
0.04112460259419848 0.955500128027771 0 0
0.9704674849553216 5.832280311778529 0 0
5.835597604763787 6.156156536376391 0 0
6.438472537366387 7.606928695777044 0 0
7.894003548600345 8.311774673659443 0 0
8.389526000328699 8.543301266100471 0 0
8.673049078509242 10.66862855138469 0 0
11.1519770158205 15.6219841919728 0 0
15.62604842400286 15.87827503614398 0 0
15.93366601999215 16.19169656528856 0 0
16.25201269768633 17.12811279791777 0 0
17.26383067519653 19.6763899012995 0 0
19.76076886203529 20.41261764896016 0 0
20.50985415393577 20.60730838383288 0 0
20.61373584110198 21.00266218279118 0 0
21.17405438411729 23.25908978684491 0 0
23.29306768753938 23.38882940424728 0 0
23.42357608736482 25.21432539899561 0 0
25.25555114951914 28.51434257042651 0 0
28.52341128629954 30.02306651253347 0 0
9
5.323411858033243 5.095891838521194 0 0
7.969316586185752 7.883559128464135 0 0
12.69538630994687 12.58861664478351 0 0
14.7919486219966 14.78983463692139 0 0
20.20124535334985 20.07516798253571 0 0
24.9114842300809 24.90966809425031 0 0
26.0546364333278 25.9807793281461 0 0
27.92609123868872 27.57999447384135 0 0
28.03789949544279 27.99781161010216 0 0
28
0.6270321588042496 0.8462117359516981 0 0
0.8637056141124215 0.9306021113517037 0 0
1.253565192199698 3.271405560820893 0 0
3.952414910175517 4.390566250403713 0 0
4.572846540696029 4.696785687347779 0 0
4.746952318627489 4.886902595710388 0 0
4.932246742287047 5.137595289136041 0 0
7.807353772976057 7.907397139834962 0 0
8.063898917753686 8.605667960622347 0 0
8.84948917467681 8.991988368813665 0 0
9.671966885010058 9.812107332441538 0 0
12.11320932778342 12.31919998052848 0 0
13.07112962941416 13.79231943990946 0 0
14.1063628141638 14.19504857049875 0 0
14.52038804309516 14.68714327048491 0 0
14.71640435625375 15.12043634948228 0 0
15.14327047845195 15.17093193319739 0 0
18.68634527343168 19.27537817050018 0 0
19.32271993709208 19.70019365898665 0 0
20.14652293636632 20.37592456504084 0 0
21.92207583078591 22.05078078313468 0 0
22.50306442104624 23.21612259607578 0 0
23.55568730801848 23.97878742130819 0 0
24.52024630721553 24.65686720236231 0 0
24.77961977072306 25.01355557936219 0 0
25.01462232713918 25.65819389061074 0 0
26.79898176426158 26.82609963323819 0 0
27.43090148239287 28.01426417888527 0 0
28
4.092776295353139 0.04542375711452706 0 0
4.972620624843815 4.794043620721453 0 0
5.048156312212452 5.029712545539238 0 0
5.219314848791125 5.215807079620992 0 0
5.782920827769474 5.69967391287942 0 0
8.444336564135034 8.377309947653464 0 0
8.584618248649461 8.523244153551021 0 0
8.95800062216861 8.888172287269223 0 0
9.35576787064271 9.319709808198811 0 0
12.29417143656706 10.21480678292548 0 0
12.78334254167222 12.36322965375626 0 0
13.8076052437333 13.06708357518737 0 0
14.59456479911193 14.05905152326355 0 0
14.90537990654462 14.70988541986682 0 0
15.94446628961863 15.81719993049614 0 0
16.28282444857516 16.0548651220147 0 0
17.04651062944777 16.92505125246631 0 0
17.63631785449875 17.37068119306844 0 0
17.87284954011121 17.76889499665554 0 0
19.29150827422058 18.02618674687585 0 0
20.23025081128786 20.10709383612433 0 0
21.41092774480447 21.30837371841898 0 0
22.5430113834419 22.36407314774997 0 0
24.31355066955118 23.00496982585301 0 0
25.06657571625512 24.47779343525998 0 0
26.40302559972959 25.1473203805039 0 0
29.62335435948543 26.78272873851382 0 0
29.75119713705165 29.66861243395789 0 0
20
1.344165821295833 1.376388691684341 0 0
1.401162882186846 2.950893124924446 0 0
4.121439926351185 4.12493989203316 0 0
4.360192768889268 4.448375998860346 0 0
4.831386525703946 5.199259022344925 0 0
5.900876113378808 6.303142372524435 0 0
12.7797304119689 13.00406414476798 0 0
13.22726757770436 14.00788965968217 0 0
14.08580426638074 14.10531515033137 0 0
14.21393696195144 14.37266181695013 0 0
16.07744311569066 16.09419272404486 0 0
16.14856755888894 16.37252748661388 0 0
16.52877508418688 16.81957454945437 0 0
18.01125851403832 18.42900527688398 0 0
20.82245335445515 20.91477640078273 0 0
23.91054852992265 24.35533433104278 0 0
25.23157471558971 25.52545068579504 0 0
25.9296187306014 26.79306076585312 0 0
26.92212248514031 27.73997805199706 0 0
28.71467866366245 29.68596937061058 0 0
30
0.3918866761673542 0.250637004765597 0 0
1.066979619492613 1.016274483803421 0 0
1.324404643324859 1.076967411705129 0 0
1.522224969140754 1.50391013441216 0 0
2.245162324931568 1.875304477800886 0 0
2.959014619740297 2.405528467104295 0 0
4.044571451097313 3.703269964890276 0 0
4.166811578010848 4.158884529975155 0 0
4.624587944016516 4.376799374139958 0 0
6.757706247589709 6.063682661557571 0 0
9.648537784313426 6.758574140186243 0 0
9.792192645108271 9.782116322751884 0 0
9.99159797969439 9.827113145030678 0 0
10.58445639254094 10.44574937649984 0 0
12.71167885130626 12.61195462831358 0 0
14.25375782523554 12.76244368040074 0 0
14.59686540760805 14.46816873778526 0 0
15.18765166405699 14.63418527489751 0 0
17.27461976809995 15.31446266777685 0 0
17.65581960805733 17.55850847701965 0 0
18.15652976167126 18.11295822011756 0 0
18.46880927475699 18.35539593234787 0 0
19.39437658572491 19.3903542568092 0 0
20.61136093915686 20.47455065615611 0 0
23.26093676331823 21.13902836586138 0 0
24.65515602061124 23.34888984998317 0 0
25.74444022143144 24.70801761806506 0 0
26.91209132598727 26.4690743715167 0 0
28.22990530729236 27.36744353072696 0 0
29.57762401636597 28.32964199363909 0 0
18
2.145337508335682 0.2581394257930647 0 0
2.784383160443018 2.213208364664405 0 0
4.955948022782518 3.277672137447399 0 0
7.421126180315884 4.997809666104358 0 0
12.44314560085912 7.957720310341983 0 0
13.53763091631792 12.59299560257823 0 0
13.82749611681419 13.70702496555716 0 0
14.60029746173456 13.86949039791299 0 0
16.38835016242313 14.73303638394206 0 0
18.82203112764081 17.55723191426348 0 0
19.65457068846734 18.99798937802802 0 0
22.20796569225545 20.17379321088319 0 0
22.77055172180877 22.6018697839515 0 0
23.66348147213928 23.66068130304646 0 0
24.70604370886669 24.2741891128478 0 0
25.5991712419856 24.89930607442749 0 0
28.03345881494634 26.39136337984642 0 0
29.83520164374533 28.17876832656892 0 0
