# Status file for ctqmc. Used to save all times t_s, t_e.
10
25
0.4684231414151264 0.4262475530286962 0 0
0.9908761346546601 0.9291213700900599 0 0
1.611527626586933 1.216730439311455 0 0
1.706635173623042 1.681550306912361 0 0
4.295218911602126 3.530077526975305 0 0
4.53699906424286 4.399530881379977 0 0
9.257558920537065 8.569993739028185 0 0
9.355135104481391 9.354739592225181 0 0
12.50562391142842 12.27348141401028 0 0
14.96565817932641 12.85577167691047 0 0
15.98832325368437 15.55581129076998 0 0
16.86241399683651 16.48120240855279 0 0
19.26678488787334 19.01773667068134 0 0
19.5673909235943 19.41808211043815 0 0
20.91127381283198 19.95450596781393 0 0
21.05771029979937 20.94836087362699 0 0
21.97152916396832 21.85241075294251 0 0
23.76248578162939 23.71625687676592 0 0
23.82094236941839 23.81083496336905 0 0
24.27397829463854 24.1145074842742 0 0
24.5025920683965 24.5021906411029 0 0
25.32190403649389 25.24296502075821 0 0
25.72323707398188 25.3430840844323 0 0
28.50726824481364 28.46812306813957 0 0
29.51977645742083 29.32460086206884 0 0
23
0.4778554699774647 0.3664766496547019 0 0
0.7505390064361509 0.7210897284367033 0 0
4.330508164712294 4.29542993611528 0 0
4.527038231254599 4.411585187807463 0 0
4.582208825278426 4.529556611941116 0 0
4.801328397872544 4.788450934455422 0 0
6.638398492340892 6.485466724781968 0 0
7.61328801755275 7.434618308294943 0 0
8.205825584839685 8.119203711156473 0 0
9.377877668622883 9.372956499756384 0 0
10.98260881835369 10.98064446668022 0 0
12.65400572271351 12.6504501026792 0 0
13.30984770699961 13.15292844760465 0 0
13.46227289526871 13.45498537364528 0 0
15.1393516473058 15.11358707099368 0 0
16.58120554068503 16.43888075269604 0 0
17.26290001347704 16.91131609183119 0 0
17.5670081032866 17.50790104043437 0 0
17.81878435739819 17.76399855260453 0 0
19.96956849448011 19.95647660575473 0 0
23.54580841726089 23.51834261035855 0 0
23.80004776799545 23.66091673024807 0 0
25.57769341427726 25.50491934545264 0 0
8
0.2891187515207143 0.06929650838290158 0 0
3.539798745024758 3.479427061615329 0 0
3.698619837064377 3.588844224938522 0 0
13.73353193955029 13.64246751275069 0 0
14.03347016132732 13.89387482323215 0 0
15.99400506224829 14.08833371448998 0 0
16.67638978604442 16.03488596157113 0 0
18.92821904655532 18.74216651338608 0 0
24
0.09835023238555091 0.3603263113096681 0 0
0.4018303229480115 0.7912895667521155 0 0
0.8772395725671771 1.915293348968738 0 0
1.931211010170148 2.484318293204848 0 0
2.494664740876198 3.918214071238711 0 0
3.956185558504382 12.30544050366416 0 0
12.33050760313838 13.41361399902735 0 0
13.87009831693009 16.06552202140864 0 0
16.07780985123198 16.71446558667521 0 0
16.98717816269686 17.89544834299668 0 0
18.01133568900062 18.8577988324985 0 0
18.86926639000483 19.44252282582691 0 0
19.44424730889655 20.70552082943928 0 0
20.72654198595653 21.31946707673875 0 0
21.33417133934095 21.61697224084254 0 0
21.92510794638713 22.71446748909953 0 0
22.7468452476394 23.3580987057076 0 0
23.52157212124213 24.83326529832891 0 0
24.91248162181093 25.93348211488829 0 0
25.97845083174881 26.07055293428973 0 0
26.10396501045765 26.20937405743627 0 0
26.4704271135875 27.95762888796929 0 0
27.97354722403311 28.95749463687586 0 0
28.96886690492779 29.99697735971827 0 0
6
2.828454067928927 2.809172490472703 0 0
15.08202115959117 14.87380423896054 0 0
17.42311789519654 16.93069480656277 0 0
20.18778471099294 20.18738436075445 0 0
23.26980490623122 23.17733869737688 0 0
24.95785258300036 24.95223956612536 0 0
29
0.03692505069315644 1.344833732616326 0 0
2.825193296948031 3.140353299431337 0 0
3.255214516852249 3.41737167440093 0 0
3.454864967864347 3.565255393602704 0 0
3.579472295965399 6.089922426207774 0 0
6.539105704828213 6.573999757548218 0 0
6.640961210829354 6.97799570897824 0 0
8.181291866046845 8.455191391202955 0 0
9.798691084001959 9.976042075747916 0 0
10.09763777830051 10.11351749535473 0 0
10.26216556333094 10.79849930471096 0 0
11.9516420419466 12.16398866482668 0 0
12.24168813339892 12.43249142314174 0 0
12.97479371244451 13.26918362100398 0 0
13.31895773056491 13.73515207220155 0 0
14.33922894609351 15.29357444667271 0 0
15.67890790167607 15.88500501636278 0 0
16.59472880322332 16.64518045944394 0 0
17.08548182541357 17.76698251320991 0 0
17.86873973514487 18.58198096409579 0 0
18.6000034855655 19.11227324999836 0 0
20.04405274516891 20.1328175064859 0 0
20.88843546358594 21.55213348952374 0 0
22.56121061704845 23.17397544818109 0 0
24.09007265718236 24.60664075872398 0 0
25.90036065574904 26.66828898728476 0 0
27.14779038944618 27.32223901058553 0 0
28.57834104261539 28.63966021227253 0 0
29.83540768754695 30.03578175414329 0 0
29
0.2412443636521728 0.5505787870490237 0 0
1.177936740647482 1.600730424846571 0 0
2.562107973404178 2.73717781256457 0 0
6.076733555067702 6.12483237823254 0 0
7.071714073238935 8.10263802350735 0 0
8.174106463405868 8.719107043713093 0 0
8.737475334129503 9.215687562160401 0 0
9.385015436094063 9.400160198823617 0 0
10.9248949290484 10.97182494200774 0 0
10.97363652198968 12.4697615293595 0 0
12.61014515012285 13.07497177247859 0 0
13.12154780041582 13.18829906076992 0 0
13.35926726400584 13.54700909777073 0 0
13.68654784170707 14.51806849529696 0 0
14.9544756735035 17.7548418151733 0 0
22.00233258237408 22.11073628059512 0 0
23.10173069964941 23.36287294967147 0 0
23.71281051492404 24.05005243612697 0 0
24.51901657128019 24.61762963783762 0 0
24.84931605244265 25.47804132122117 0 0
25.88587271958605 26.00115319608736 0 0
26.00978854332179 26.05094446163548 0 0
26.09510708387358 26.20945292024616 0 0
26.86675489229912 27.00612399472598 0 0
27.07939348995818 27.1618239540416 0 0
27.19924971670114 28.01729930683735 0 0
28.14887409741274 28.22530848344696 0 0
28.65308887244135 29.42564430815808 0 0
29.65287260093287 29.74439709794211 0 0
21
0.8610629656066755 0.9890153490164107 0 0
2.955653910637446 3.522848133323439 0 0
3.645216669834149 3.861159652252196 0 0
4.248174568241893 5.048623232972608 0 0
5.628008527918472 6.41062843734282 0 0
7.917306691447997 8.05152662793131 0 0
12.35742576314197 12.40943263586064 0 0
12.61150181320177 13.19763642015699 0 0
13.73342718214247 14.2220005614347 0 0
14.26659849476244 17.21639287285181 0 0
18.00640656391044 18.30796380488192 0 0
18.90001491400137 19.31536923981477 0 0
19.7521130333466 20.2557840153187 0 0
21.59318500969999 21.90840061247766 0 0
22.60853092281192 23.17697985028598 0 0
25.72683585828939 25.83987634727969 0 0
26.16776960407521 26.41887038750214 0 0
26.97474776591683 27.0516596588915 0 0
27.78710304635769 28.1513851189637 0 0
28.24435164908224 28.48014961923392 0 0
29.64924889311546 30.01944174613734 0 0
18
0.0006121093805404598 1.092689985704228 0 0
2.321321846447326 2.584188827523751 0 0
7.922048101088741 8.945913981398515 0 0
12.28625193929311 13.03058273402429 0 0
13.08295701967503 13.20136655789077 0 0
13.31036309324451 14.24269221642016 0 0
14.29482234460875 15.17196235085118 0 0
15.38258216004643 15.88601857840233 0 0
15.91537764346971 16.38887404581916 0 0
16.41641971056193 16.81703643784628 0 0
16.89138580168294 17.15136917312626 0 0
19.65033643027971 20.37955085549963 0 0
20.53906777464212 20.96081724216134 0 0
21.28931261880195 22.12047707740027 0 0
26.11741073509988 26.80163568084041 0 0
28.06920185625829 28.16705971996344 0 0
28.41352311848063 29.21878185645735 0 0
29.26259148768778 30.05955902364616 0 0
18
0.03986602953114371 0.2558459877243955 0 0
1.336571389732601 2.474887429714551 0 0
5.122429145043611 5.784267619692138 0 0
9.134546576282156 9.505924545485163 0 0
9.536872970607217 9.761740629844965 0 0
10.57715431518599 10.91910832633051 0 0
10.99035835780721 11.31619165682306 0 0
11.34981935655907 11.57244484866609 0 0
12.61627143140523 12.84401275659602 0 0
13.90699248577869 14.03062324928477 0 0
14.68149020695399 14.76884960557899 0 0
14.88161470601967 15.62881117898687 0 0
17.57017115035158 18.62156571263424 0 0
19.03178013787947 20.78165389836369 0 0
22.3228339405745 22.77874871766456 0 0
24.47724685407508 24.85684335816683 0 0
25.47008648442252 26.1931321526589 0 0
28.07551621238109 28.33493056050892 0 0
