# Status file for ctqmc. Used to save all times t_s, t_e.
10
28
1.253133426440453 1.215961085362247 0 0
1.749843150514586 1.726619561638026 0 0
2.093517434723251 2.008591000066919 0 0
3.351065962665108 3.290645391963106 0 0
4.405820258339321 4.374263807554875 0 0
4.551667322859354 4.460433402397358 0 0
4.844963946518434 4.746448861530928 0 0
5.350820511886096 5.348932123090187 0 0
6.113809289956975 6.099126183637331 0 0
6.48907830301056 6.327982616020403 0 0
8.244492839210608 7.505914983261889 0 0
11.15531935872446 11.08114540299658 0 0
13.77965719598625 13.73084681600138 0 0
14.43312998937168 14.41597832329452 0 0
16.5204777778182 15.11487393320993 0 0
16.75781719317646 16.74856727688283 0 0
17.21025748573211 16.83960771632177 0 0
18.38901263304955 18.21267318776973 0 0
19.47766740362545 18.81861858466742 0 0
21.59338848861125 21.54068243231392 0 0
22.64665022904099 22.49850782138921 0 0
22.73373207590819 22.69116238737249 0 0
23.02440578253339 22.99017936843284 0 0
25.53908271170867 25.47276472653723 0 0
27.86437275363726 27.83055009296534 0 0
28.53045502754372 28.45774294921486 0 0
28.81643907735094 28.79085051868892 0 0
29.58143562762687 29.54014887728948 0 0
17
0.7557751058817992 0.7026754563382553 0 0
1.618111689064191 1.585646989981152 0 0
3.499536009695184 3.477758735561896 0 0
5.217429238028381 5.205859053358636 0 0
7.055157296663798 7.050123424630948 0 0
8.649718199976899 8.065615214424104 0 0
9.768710133320541 9.590585021660745 0 0
12.68112302982889 12.47428438373383 0 0
16.94894723909639 16.94013918449049 0 0
22.61861135490339 22.60949299302925 0 0
23.59925041700778 23.472193869475 0 0
24.22358419624726 24.2153790268542 0 0
24.2922725182409 24.23054468947607 0 0
25.7913783772991 25.67126121944284 0 0
25.93575336330905 25.90484112965577 0 0
29.07303664059215 28.96424688879343 0 0
29.43828782879658 29.20732174763107 0 0
15
3.832822192341668 3.792896816798636 0 0
14.18025822059814 14.17924920548447 0 0
14.47431569686514 14.34934668084143 0 0
15.51240231355581 15.28005294996145 0 0
16.0137677060193 15.93544597197654 0 0
17.98774078796701 17.96431018433865 0 0
19.33771993683826 19.26527608468426 0 0
20.66172409082017 20.646650311251 0 0
22.09030252546327 22.05866453271856 0 0
24.77136969916238 24.7044929805717 0 0
25.11002333129498 25.09864774349439 0 0
26.21030626564682 25.72788774935091 0 0
26.7166935889868 26.44253671292721 0 0
28.97890054745658 28.3065798730461 0 0
29.20705570831982 29.18054254587926 0 0
21
1.680919179080988 1.678800655835699 0 0
4.716885952186294 4.46042927479993 0 0
6.061619343145342 5.936433429943515 0 0
6.651326192679061 6.571295704366981 0 0
7.829922261586693 7.802023285249824 0 0
8.054700303214469 7.990877646398217 0 0
10.37248807678404 9.90738743684677 0 0
10.72590506226759 10.72249185600735 0 0
11.69317574972088 11.6896862878823 0 0
11.79860859924644 11.79652888962518 0 0
12.17037866995626 12.16568825722986 0 0
15.55172686799279 15.42359669885445 0 0
18.97707697236717 18.72782157325274 0 0
20.28996619880258 20.0231746504255 0 0
20.6618641145406 20.65083965734789 0 0
20.69997426400013 20.67648180511607 0 0
21.86097913565826 21.80898064965132 0 0
22.52093939730462 22.42653865375626 0 0
23.07454173575787 23.01086512230174 0 0
25.35041812088672 25.30749909859605 0 0
26.95239263732647 26.94993468091612 0 0
12
1.626939664999834 1.559665712250013 0 0
7.167508355855156 6.683649165022929 0 0
7.933918610841303 7.688796425993095 0 0
10.03513715041775 9.440590946139569 0 0
11.02335464383035 10.98779364613786 0 0
12.25247508541737 12.21798926856149 0 0
14.91942385342228 14.89799678053038 0 0
17.68138865981733 17.6233434495072 0 0
18.60789591134417 18.21654129061966 0 0
22.43042978603562 22.07594191442786 0 0
24.21838653579493 24.20754697222926 0 0
27.69471220104457 24.89235082476629 0 0
25
0.6890395466077308 1.705375470439431 0 0
1.741068911364508 2.786901680596802 0 0
3.200972359091962 3.355589877580215 0 0
3.500603157649285 3.826178940747082 0 0
3.91036403224501 4.151824147807424 0 0
4.417424181763653 4.481957642661314 0 0
4.626622979258896 4.748097376519638 0 0
5.471499285824599 7.364286803255919 0 0
7.527343077265252 8.342132136463732 0 0
9.033144653182539 9.186538944629495 0 0
9.636013061940117 10.41613965631167 0 0
10.42508754607635 10.78036223623915 0 0
11.07726008280097 12.44867553663488 0 0
12.47200880695956 12.64742759270088 0 0
13.40892153517576 13.47450698431107 0 0
14.04912992742955 14.1540305298422 0 0
15.15434445406739 16.19472836052499 0 0
17.76042577012407 18.04042050924414 0 0
18.07553806538384 19.05538971795663 0 0
20.2076231414094 20.62667945005803 0 0
21.24207651194654 22.19322611005894 0 0
22.32569570672079 23.67730935500798 0 0
24.02114830228668 25.07788745758625 0 0
25.3352599992963 27.67670375546557 0 0
28.74771690527419 29.07326681028426 0 0
26
0.0258292108970295 0.09002786740665769 0 0
0.4349480135346333 1.292871127590921 0 0
2.4363835794591 2.490643067350561 0 0
2.704128218072014 2.881986743001736 0 0
4.768970053274061 4.774858083879419 0 0
5.381590259316944 6.178453937422521 0 0
6.375246287880325 6.551910875686147 0 0
7.744786329245253 8.122426855017581 0 0
9.116616259191966 9.488865193120263 0 0
9.50838718057603 9.871217802354556 0 0
11.20744659634483 11.40811207545946 0 0
14.16974984325456 14.56923216139633 0 0
14.78323161378237 15.92556983560322 0 0
16.23066219772932 16.49272206258241 0 0
20.49022584075301 21.08117941264149 0 0
21.37997110744388 21.48638460044394 0 0
21.85348682660725 22.43272623796287 0 0
22.73769212208303 23.75040084835593 0 0
23.77964039153754 24.44433150790191 0 0
24.46245664184515 24.52279083733017 0 0
25.3410617250137 25.50542476639976 0 0
25.8660839230781 25.92973442233491 0 0
27.22762851265725 27.3116685942628 0 0
27.75603148011234 27.96622063662558 0 0
28.00888929816553 29.20531627965293 0 0
29.68524008794671 29.92558240936501 0 0
26
2.607301882753738 0.3736961128364378 0 0
5.140885685463161 4.217349227066414 0 0
6.423446935041392 5.160405524695339 0 0
7.561232331981913 6.643481933875957 0 0
7.811275086487329 7.647588121229821 0 0
9.453295091293713 8.890248902640293 0 0
12.18713172325594 9.757992924777627 0 0
12.44953339100718 12.42027346161078 0 0
14.37019704840757 12.62190792352052 0 0
15.57817729228479 14.62665947838352 0 0
17.25350298183128 15.6242561129937 0 0
17.45706672964861 17.29157794337941 0 0
18.80895637563451 17.6721640842484 0 0
19.50778241145648 19.16479513429453 0 0
20.80840668249362 20.16964503287223 0 0
22.41920023120827 21.17744312703591 0 0
23.21622637984024 22.5677562544376 0 0
23.61982170886303 23.40799069588038 0 0
24.72541404409789 24.01252318419797 0 0
24.86917668443423 24.82812038800151 0 0
25.64549570502851 25.03875622586346 0 0
26.43768716343242 26.22888447407136 0 0
27.56401988049841 26.56184546087649 0 0
28.40387606808616 27.65926352695999 0 0
28.45759733652018 28.41884569305155 0 0
29.88462779719567 28.84301869389414 0 0
26
0.6798871762098645 0.7105610632122836 0 0
1.254997502275613 1.810627516527842 0 0
2.099956390677451 2.107645019989272 0 0
2.341338206343186 2.400659451255358 0 0
2.497962346993027 2.698318820825715 0 0
3.161864371739592 3.359257819114899 0 0
4.211747834152116 4.575715876030072 0 0
5.049920817506385 5.218949641609035 0 0
8.199108323367835 8.484465936058925 0 0
8.597130074048707 8.682577154913494 0 0
8.853749425079158 8.891180398332644 0 0
8.912257963469722 9.278434910396079 0 0
10.58907207769029 11.20877005202276 0 0
13.584305504584 15.0415539207645 0 0
15.09105474963997 15.82477187142695 0 0
15.83571812593816 16.1626052139482 0 0
16.24844746182514 17.04257604827453 0 0
18.24265492275578 18.50677334862976 0 0
18.67844042739212 19.0431116355124 0 0
19.77056407731484 19.9368192039674 0 0
21.90348694943431 22.26316833948693 0 0
26.18784333349314 26.31234498397984 0 0
26.32939497114439 26.35888410173312 0 0
26.38418153289271 26.38823369471064 0 0
26.67526729472719 26.67558563445492 0 0
28.0447300907574 28.12743804419902 0 0
28
2.648918196977949 2.671581418140443 0 0
2.8330343841231 2.85340432752149 0 0
2.894098410393182 3.152089351499784 0 0
3.691676662770162 3.867150112483165 0 0
6.25398429140844 6.451226637532527 0 0
7.047416651340519 7.993964730758539 0 0
8.046849649027662 8.514249525002484 0 0
8.943285215582742 9.234031437066031 0 0
9.440134059178972 9.475706019728252 0 0
9.488532631609248 10.30222624947111 0 0
11.97636176926525 12.20002588135014 0 0
12.48429140342097 12.58435413746235 0 0
13.32548190828618 14.02392497327965 0 0
14.18120268663853 14.58255671084916 0 0
15.92995966982202 16.25429371217521 0 0
16.26573403258385 17.47663906806877 0 0
17.98788563072342 18.0961228621295 0 0
18.17455163981683 18.59179947557778 0 0
19.02055122353984 19.30692811747651 0 0
20.23726403825443 20.25617006660007 0 0
20.48633261335509 22.48504734688371 0 0
22.5109437311644 22.63184220793581 0 0
24.10827360162362 24.21196749443039 0 0
24.9062694259055 25.21551513157632 0 0
26.12477374855492 26.85310940545008 0 0
26.96070056970303 27.06245627899987 0 0
27.16098810366368 27.66035918414042 0 0
27.67968595765276 28.28309757821822 0 0
