# Status file for ctqmc. Used to save all times t_s, t_e.
10
32
0.4429834849176627 0.397095215675332 0 0
0.7289084608147813 0.726381673283464 0 0
1.03875463262409 1.028878469684586 0 0
1.362836984270341 1.158446592484826 0 0
2.292513122896668 2.130032601628827 0 0
4.842373582545042 4.471841226102244 0 0
5.927751463433395 5.881783948633577 0 0
6.940088662795725 6.855631576603906 0 0
8.334784108820683 7.790891437676463 0 0
8.913049890408054 8.906828941077896 0 0
9.44958917326406 8.968259937837347 0 0
9.940781990826306 9.895747215626667 0 0
10.36672615328055 10.35805988663294 0 0
10.82528439640607 10.68228364180851 0 0
11.96178711231659 11.95341256750813 0 0
14.44743549725503 14.00745732735266 0 0
16.38033518299858 16.30112785539716 0 0
16.76502065387672 16.66337261788309 0 0
17.94574431353096 17.88004288532286 0 0
21.67288797501574 20.58032045650675 0 0
22.07044419402301 21.86921510702233 0 0
22.47509001216187 22.42783166953968 0 0
22.9130666186358 22.89754461064307 0 0
23.0816265240492 23.06090912138233 0 0
25.11385154510884 24.85796613485462 0 0
25.523030363941 25.18575430192241 0 0
25.88227008213424 25.77862725117963 0 0
27.11470220977986 26.41947180278859 0 0
27.76034469515382 27.63573223014621 0 0
28.60623652074414 28.56765860665492 0 0
28.92859330525631 28.63406004560795 0 0
29.36857830958255 29.3652840745763 0 0
33
2.152109404823314 2.148415388158391 0 0
2.599945111446395 2.455880309690328 0 0
3.863586087624554 3.781485212638845 0 0
4.116932827344107 4.017504611145937 0 0
4.158152817808944 4.129071884729163 0 0
4.71010823790581 4.653285962430755 0 0
6.384580513754193 6.370400224061173 0 0
6.827312400280667 6.623337250000768 0 0
7.052869419599169 6.958743920516187 0 0
7.484581311841801 7.295082731397482 0 0
8.049686944367851 7.539025866161158 0 0
9.230107331017786 9.191370704390534 0 0
9.82853450956218 9.442340762281781 0 0
11.49495246507763 11.44462502818971 0 0
13.48172693443941 13.34837609788923 0 0
16.03970817451398 15.86455097192718 0 0
16.23062354732976 16.17203274609534 0 0
17.26285169123313 16.5053584585492 0 0
18.16801071470363 18.1609796581742 0 0
18.65118597455757 18.61573936495058 0 0
18.97264051906461 18.72150666917666 0 0
21.02234502120201 20.99285915031005 0 0
22.31584068270528 22.29512468613771 0 0
22.88141585944972 22.65220742732724 0 0
23.39366114046864 23.37561278828284 0 0
23.49921491087199 23.49238214935542 0 0
23.75038789084654 23.7352975057954 0 0
25.18178921992811 25.08570369908756 0 0
27.18244993816818 26.39212125525636 0 0
27.31860841990619 27.23854794117809 0 0
27.51628482026159 27.46183382243132 0 0
27.62570898608316 27.6168726306 0 0
29.88589738813404 29.77053706555728 0 0
10
2.391919247616044 1.991268664615701 0 0
3.554183828889425 3.104712656356257 0 0
3.677842546710179 3.601780065166011 0 0
5.722842670247703 4.724968823462898 0 0
7.346234102143347 7.246436588232408 0 0
8.168624464194854 8.146824837738006 0 0
10.70026237745499 10.6774759437123 0 0
12.60263632629544 12.56209428225787 0 0
16.0000846719092 15.5380721199378 0 0
21.50979679871204 20.16927271973074 0 0
24
0.4973032638500783 0.5626382395592877 0 0
1.772726675567917 2.32954000125129 0 0
2.401089552538419 2.629639866926966 0 0
3.658140557724904 7.460206756587255 0 0
7.582405122682745 7.84462165806486 0 0
8.032499832556246 11.06784327537039 0 0
11.57221760809066 12.96286833814418 0 0
13.22845443341197 14.90829683843461 0 0
15.13671528982163 15.31902429143152 0 0
15.33817427915328 15.81504068259443 0 0
15.8192169300382 16.42707103159578 0 0
16.42813195000963 16.69039723598291 0 0
16.72982859800256 16.76190160466422 0 0
17.05268515043301 17.68677996417656 0 0
17.69037149604771 18.81832989900952 0 0
18.85646486482311 21.10136818005389 0 0
21.49648070690982 21.60009898658261 0 0
21.85798434095457 21.92546322127337 0 0
22.57582125163414 24.13719343859114 0 0
24.17442387600924 25.19845316604241 0 0
25.35731723457608 25.49551143499465 0 0
25.64129935257027 28.3028235883476 0 0
28.44327596573192 28.72831215121975 0 0
29.2175160004633 29.57297393281476 0 0
13
0.4460323000412686 0.4091594311782724 0 0
1.636496784560785 1.512673346337812 0 0
5.26607597761889 5.235392290496389 0 0
9.825082844887163 9.42780118789687 0 0
16.25691219806239 16.16009881429436 0 0
19.82553981767428 19.81473205510666 0 0
21.62653112730154 21.17391930342014 0 0
21.84209374776194 21.68279778030008 0 0
23.03094769089709 23.01968952911082 0 0
23.23361136655487 23.22254807683862 0 0
27.2118494981742 27.20381660608608 0 0
27.72878784171069 27.67158185844684 0 0
29.6515101778504 29.0133507727085 0 0
19
0.3782525203137368 0.06404896446407804 0 0
1.886914113189025 0.5918312432309502 0 0
2.092031656328148 2.05749567653368 0 0
4.573133107491282 3.812504555264049 0 0
6.557197396700253 4.798703307987085 0 0
7.754500109050934 7.072548324492103 0 0
8.411516135803632 8.061844294181411 0 0
9.122958215270963 9.054902301476943 0 0
16.09413172955608 10.2525378271153 0 0
16.97521277461473 16.73134706871727 0 0
17.89204548220172 17.17917018818784 0 0
19.92456106344267 17.96366340306159 0 0
20.5707093144255 20.07603073687818 0 0
24.17732629412717 22.82893515696896 0 0
24.65589640867395 24.5123981929342 0 0
24.70662468231759 24.68087952473693 0 0
24.8531854065841 24.77799780264043 0 0
28.08253331765095 25.56193547910492 0 0
29.75901540779642 28.76775109768688 0 0
30
0.3127900815153693 0.2326436362034947 0 0
0.5665559022530832 0.5323010789963682 0 0
1.53776238674163 1.294205360883761 0 0
2.050895510679061 1.572516625560302 0 0
2.253664366682123 2.098068390695653 0 0
4.106086600683431 3.947639721728858 0 0
4.229371341030309 4.110628867391603 0 0
5.513869232172247 5.244540716524496 0 0
7.02726384271248 5.888678900509605 0 0
7.832744622767088 7.657276503535144 0 0
9.376610157980293 9.275610334710253 0 0
10.22073818377944 9.856467633588931 0 0
10.36995695818293 10.28281235825554 0 0
11.59506041348501 11.2760690956434 0 0
12.9110982608154 12.18214906635526 0 0
13.44017618861417 13.26262075629875 0 0
13.74671616123073 13.66070331112502 0 0
14.97800067056783 14.42962872313843 0 0
15.19771754230537 15.14578584740433 0 0
17.50017057964011 17.24380065810617 0 0
19.22714916721415 19.07650075119165 0 0
19.71505394307097 19.39581250857003 0 0
21.17883269194155 20.89243024989018 0 0
21.73912122213552 21.34605405982613 0 0
25.87746040783209 24.3216417185644 0 0
26.90417274354402 26.59366337924429 0 0
27.62731639436504 27.18118639502661 0 0
27.92039894621131 27.91342721966641 0 0
29.111589353437 28.67341735348511 0 0
30.05773425366261 29.95423355354943 0 0
22
0.6504987013083177 0.6455300287973564 0 0
1.279436618560971 1.236186633550092 0 0
1.756146586969399 1.627331597791225 0 0
1.819764785313937 1.802941796878985 0 0
1.93319590334402 1.885502082900282 0 0
2.766017622588908 1.979755255394476 0 0
3.956122725748867 2.972469492087804 0 0
4.286884027629556 4.111773306445143 0 0
9.428654674448788 4.382437211304276 0 0
11.42122721487041 9.651379034013894 0 0
11.98682868758354 11.69091936690011 0 0
13.43858582009425 12.05274805433276 0 0
13.76351082970791 13.6173932434531 0 0
15.5615422024029 13.82795817755023 0 0
16.15108037868255 15.71249922539953 0 0
17.32075692922813 16.62130227051602 0 0
20.34547579317646 17.54816679547773 0 0
23.88667359995343 21.1468991711809 0 0
25.45934511559617 24.22685455882908 0 0
26.3864902507543 25.64970297366969 0 0
28.57549433233555 27.91026814388979 0 0
29.75879215493509 29.71877215279459 0 0
40
0.2052126881163545 0.5145681205181397 0 0
0.6164610890100991 1.192281687257961 0 0
1.199384468356286 1.491105430219283 0 0
2.843066089503767 3.540407695152561 0 0
3.643830026164433 4.131977518217368 0 0
4.309130444957529 4.370248197744932 0 0
4.60157224961645 5.445013311677442 0 0
5.446243776376592 6.193705449076052 0 0
6.526862491680315 7.357953622972635 0 0
7.545407842830317 7.564854020254195 0 0
9.954083499502442 10.31658451523354 0 0
11.21653711084488 11.65667526537216 0 0
11.8163980296211 11.82740105308441 0 0
11.93932176191549 12.18782996109225 0 0
12.21633233543501 12.51033234481078 0 0
12.81891625199617 13.11697126080727 0 0
13.28254821777216 14.49320316740936 0 0
14.86038390222193 15.41706535467599 0 0
15.42838962173565 15.43221295867936 0 0
15.70084411474189 16.30777420621141 0 0
16.63678288715782 17.1700340457463 0 0
17.57076939032239 17.91051733969653 0 0
18.80092327772012 19.32646670371709 0 0
19.39752637373448 20.14505714442304 0 0
20.16667821755689 21.69489740891119 0 0
21.82820240332996 22.77231721184123 0 0
22.77430758664244 22.89978143465065 0 0
22.90436252600319 22.99251231240546 0 0
23.18122479161758 23.21339079196837 0 0
23.96194658426059 24.40865649826889 0 0
25.51805856372144 25.83250971298862 0 0
25.8462580979283 26.07886908016463 0 0
26.59360599941184 26.66741572826936 0 0
26.7462971529976 26.98007585550995 0 0
27.02668215663601 28.02652986618305 0 0
28.0754935179716 28.08367762474227 0 0
28.1033560101464 28.18690023368679 0 0
28.64720139716188 28.80833484509404 0 0
28.95459792800797 29.69612891031566 0 0
29.83650246583323 29.88575094767118 0 0
27
0.2360247032074057 0.3963068870005415 0 0
0.9145398867362772 0.9553551190329799 0 0
1.140535962139638 1.332903966780282 0 0
4.440173844345988 4.614715977821688 0 0
5.07257012895789 5.487608197318156 0 0
6.519505469871819 6.571257436887111 0 0
7.513867013611276 9.228716562492449 0 0
9.978804011601865 10.01458854605219 0 0
10.08035670782005 10.41974654391801 0 0
11.27259622500097 11.36130700874606 0 0
12.86696268215696 12.89874993389055 0 0
13.31404983850731 13.5081860027302 0 0
13.79285938870061 13.97366625546598 0 0
14.01398887033641 14.75709978236618 0 0
14.76548261591402 14.85481871735961 0 0
15.07422514909218 15.73335361251994 0 0
15.76415846066727 15.9940164473402 0 0
16.49538870061911 17.36657534694265 0 0
17.81281969609883 17.83734641145442 0 0
17.90590533094518 18.79833263774463 0 0
19.29389699633105 19.37440034440254 0 0
20.7926692418781 21.8674313875168 0 0
22.1026598546889 22.53710792837691 0 0
23.39384610964671 23.68354398593997 0 0
24.75026797813585 25.19906948545359 0 0
26.78198624892764 26.79854260271733 0 0
28.67722670296789 29.60275192641495 0 0
