# Status file for ctqmc. Used to save all times t_s, t_e.
10
27
0.5574088137844628 1.405147420054369 0 0
1.417444894959501 1.639795133655072 0 0
1.723264492008738 3.755158038973096 0 0
3.815278254727769 6.223015261352193 0 0
6.428877260361717 7.870891063260304 0 0
7.882481091474244 11.64567094968387 0 0
11.74661653676135 12.08582611727369 0 0
12.18169096147848 13.53351209032604 0 0
13.57104731239333 14.7480548677822 0 0
15.05691682865555 15.07662068048282 0 0
15.11717901931286 15.46761458550693 0 0
15.71747871640269 16.24094494674954 0 0
16.39532808122332 16.67606963127279 0 0
16.70394260862141 16.71148787205958 0 0
17.06042942735276 18.62925848197908 0 0
18.64313613921267 18.65981734783815 0 0
18.78060276926507 19.32126118373811 0 0
19.34831932796916 20.13484922436991 0 0
20.17470585333593 20.83885830705037 0 0
21.0113687154546 22.86987682397739 0 0
23.09736196400005 23.31787340566407 0 0
23.31986825758722 23.43136761694023 0 0
23.54270680858615 23.81803523299495 0 0
23.86516634065738 24.96252753816006 0 0
25.24292892774982 25.40223476048054 0 0
25.46961490177699 28.19895221196873 0 0
28.24888044875802 29.56260920081249 0 0
27
2.75202296877435 2.515628739075451 0 0
3.329853087796832 3.21923100115917 0 0
4.371670921132722 4.290609390980213 0 0
4.67129191677147 4.371672282559525 0 0
8.295280493439673 8.070754293908072 0 0
8.919997782948867 8.893431793518854 0 0
9.583160442841677 8.945530158834103 0 0
11.65482977891658 11.15179712999973 0 0
12.89423994275343 12.50901702202645 0 0
12.99962665697418 12.9348113067846 0 0
13.32101205570054 13.28160543768088 0 0
13.52970094469754 13.51005788055168 0 0
14.68044180177937 14.63528030200136 0 0
15.57159358889293 15.43050553128501 0 0
15.99344123253097 15.67304256937889 0 0
20.62387191949088 20.6204832296275 0 0
21.25078020337542 21.24202734174445 0 0
21.60840806673994 21.57792281089745 0 0
22.0170447809834 21.76108220058353 0 0
23.17931008374219 22.48636134667575 0 0
24.34070331927965 24.32272769646389 0 0
24.53643197764966 24.52076195955498 0 0
25.48076491305045 25.43383506633394 0 0
25.61496369888646 25.5714828929273 0 0
26.01508092374856 25.98906130911742 0 0
27.56781721357815 27.49543630216101 0 0
28.92403050083306 28.76680898223587 0 0
7
6.381715144510729 6.274061689480723 0 0
8.016952878558223 8.011830808802074 0 0
8.777840049042885 8.702644502837286 0 0
9.846041304988905 9.613332127688548 0 0
9.937809719049744 9.931767884812878 0 0
11.41174290164155 11.15430020931439 0 0
24.72534672683805 23.8668769134557 0 0
25
3.603346707034767 3.54672165693618 0 0
6.601730749920058 6.518757651386802 0 0
7.272366884184896 7.228404542853393 0 0
9.059668853086283 8.955313294705533 0 0
10.67935487657141 10.65047582147368 0 0
11.54362398994073 11.37772389478353 0 0
13.30680468283924 13.26202087657773 0 0
13.73112054392658 13.62471571157473 0 0
14.66418908425193 14.6125815043846 0 0
15.0636075161522 15.00472378076905 0 0
18.57062405719156 18.53374067524103 0 0
19.35362942341141 19.15267513119896 0 0
19.72508541639126 19.52322207669227 0 0
20.29872609121402 20.18240329222404 0 0
21.69018618975664 21.47949955897131 0 0
21.87930753113627 21.7553591682841 0 0
21.98731339417268 21.97367536171632 0 0
22.40947978371597 22.15427197831983 0 0
25.38895903093519 24.97575514980581 0 0
25.96397344778374 25.66405830214791 0 0
26.44166173552462 26.40180118526714 0 0
26.75576982356473 26.70298638577431 0 0
27.94479523455418 27.85710513694463 0 0
28.12777837389825 28.12664648597071 0 0
29.07749702318842 29.0632875084975 0 0
8
3.711660116109294 3.708135858072057 0 0
6.078201288160114 5.510589312245427 0 0
11.45751666189786 11.379084874081 0 0
12.88386784868759 12.84046876398129 0 0
15.07055829220379 14.61870185695464 0 0
20.94540347184818 20.89247421145318 0 0
24.94694661947644 24.93629753944909 0 0
29.4054854600817 29.35454027627443 0 0
36
1.459587068653663 0.4449832201614718 0 0
4.011380620572712 1.709708496719749 0 0
5.465923467017205 4.482086163489337 0 0
5.917820297690823 5.898028924382533 0 0
6.317705797105668 6.168320789538058 0 0
7.136778074688821 6.430965174048895 0 0
7.7987778638989 7.653474966493012 0 0
9.011855057509274 8.121846844746702 0 0
10.2623504350068 9.550038782089388 0 0
10.50092080967983 10.4972681603298 0 0
11.49889241030002 10.61916598781934 0 0
11.61632284593234 11.60947855739313 0 0
12.16342307109408 11.8010175752408 0 0
13.78178599109387 12.67447894839893 0 0
14.30705450905379 14.13536918493686 0 0
14.40340920886664 14.37524067998665 0 0
14.45028147693344 14.4421420663837 0 0
14.70559419808092 14.70409013688225 0 0
14.82706349326462 14.72993137611738 0 0
16.05029468386458 15.77395624445577 0 0
16.79017629348299 16.76709974697174 0 0
16.82215585257106 16.7933281189615 0 0
17.45610481535261 17.4427509848218 0 0
18.30688269640753 18.19871870827176 0 0
19.62944418134403 19.35162204597876 0 0
20.41489223312435 19.68326510098353 0 0
20.53279726079921 20.47280976137153 0 0
21.475233049401 21.19248267546608 0 0
21.99750644918069 21.68567425127844 0 0
22.55208138819555 22.01461948800763 0 0
24.47506909703759 22.74069839979485 0 0
26.1864138776757 26.07093949471356 0 0
26.79213040512296 26.36787661493467 0 0
27.27395986369539 26.80295455707714 0 0
28.76527909189783 28.72251387157551 0 0
29.40391540025808 28.95176487040311 0 0
27
0.2550623037320054 0.2173058839323309 0 0
1.237713624862682 0.6976139629987487 0 0
1.573949635190607 1.27612266639666 0 0
2.401461468205387 1.647140607219867 0 0
2.681580961155728 2.402660758203134 0 0
7.285603955942916 2.872563021444644 0 0
7.665048182977489 7.447072868641095 0 0
8.010724237824897 7.716662671536547 0 0
9.587083320279957 9.517503623135507 0 0
10.37534725056571 9.916927899399225 0 0
11.127367398861 10.60153804791733 0 0
12.49772515108416 11.44170867335258 0 0
12.93032301209846 12.87892400277926 0 0
13.27966739414168 13.27135601256458 0 0
14.61876213003141 13.66068655718149 0 0
15.69183145142295 15.25372034920684 0 0
16.19694585183378 15.99636635927802 0 0
17.77612533054682 16.23304739718923 0 0
20.33390334748183 17.91254008574618 0 0
21.37859593248569 20.48682740537361 0 0
21.88959956318825 21.4489236385344 0 0
23.11112066875957 23.10002926766249 0 0
23.98784665548266 23.81011471111431 0 0
24.5209608101533 24.42856632830828 0 0
28.11924600205895 24.5460534580608 0 0
29.18095241357593 28.43929410142741 0 0
29.97512649379089 29.31128741284448 0 0
26
0.885765907407329 1.239523300120918 0 0
1.626030128893488 1.707022678303233 0 0
2.732680174710739 3.101292224044788 0 0
3.316902316623522 3.92418758206523 0 0
4.078896158004437 4.580016842888862 0 0
4.678846031407484 5.0280988443162 0 0
5.689232255993367 5.931874324369618 0 0
5.955687111097934 6.14845780064271 0 0
6.323989880786982 6.710052693381859 0 0
6.755242352170235 7.204033363276263 0 0
7.444229242840289 7.569943654387649 0 0
10.65264544649249 10.95591243442322 0 0
11.02288399101536 11.06274746164274 0 0
11.50883846001263 12.12602899193017 0 0
12.16259181536761 12.51089529371111 0 0
12.59285170039381 12.90568099982853 0 0
14.3453976757024 14.80851789871639 0 0
15.20995127636211 15.4594149473382 0 0
16.13754590632947 16.57120943427635 0 0
17.498816391024 17.72790902241697 0 0
19.48179988503171 19.78401086209673 0 0
23.80039592493421 23.96040006779458 0 0
24.04571350063847 24.35243127939962 0 0
24.36798451385306 24.44643086817416 0 0
25.61793448580647 25.99888079027473 0 0
28.12009369253688 29.26685164371643 0 0
38
0.1428601246241037 0.242394902949032 0 0
0.9318987088392268 1.082309618522503 0 0
1.373808851153232 1.424569770277804 0 0
1.762200434446896 2.429365116494174 0 0
2.578681360239393 2.586997818435005 0 0
4.377410589802762 4.820887361739935 0 0
9.599503036214838 9.882953748512826 0 0
9.984413631717448 10.16905212782032 0 0
10.21408654272663 10.4933206730277 0 0
10.6310572607786 11.68795554236408 0 0
11.80367825398671 12.90585295183255 0 0
12.92544319101714 14.26349208877319 0 0
14.38630573302773 14.3922631951699 0 0
14.4513066095879 14.59914863647786 0 0
14.61231298410659 14.6135284174019 0 0
15.61292447639249 15.90649727208784 0 0
16.18703435434794 16.24174812932081 0 0
17.0570369751225 17.22472346143813 0 0
18.98118908447117 19.43075919450765 0 0
19.51333668742323 19.68980672678013 0 0
19.76927016073477 20.065535020094 0 0
20.21365131447408 20.87096632442543 0 0
21.10548654682918 21.17954014059279 0 0
21.27419209900037 22.13970038865663 0 0
22.21801191651636 22.29114927035575 0 0
22.58118724021327 23.24222854262149 0 0
23.30594898263151 24.52938086856447 0 0
24.53571104194246 25.75988793518139 0 0
25.99108012179064 25.99494756940734 0 0
26.24049597129313 26.58930155825011 0 0
26.67293859752004 26.91547327249177 0 0
27.54555067268242 27.71291292741375 0 0
27.76885299087462 28.35732560415799 0 0
28.38861702291088 28.53581534885662 0 0
28.59474714526231 28.64926961770265 0 0
29.05874086156377 29.16154436099327 0 0
29.27786772440147 29.42116143266562 0 0
29.42854719587152 29.62955313242456 0 0
19
0.6046781192509905 0.7946809393706786 0 0
2.258596606511917 2.40188870041615 0 0
2.427338819708869 2.821129970749303 0 0
3.491635493100975 3.705603123720301 0 0
4.469503587789613 4.975068963041716 0 0
4.980261837962481 5.668361736447411 0 0
6.961273556362847 8.7112390830506 0 0
8.772429380205208 8.966513872924814 0 0
9.651174171229361 9.769683666382159 0 0
10.07349607092584 10.40305169191105 0 0
11.06344325633498 11.63879306173585 0 0
11.65454392705746 11.92878787468197 0 0
14.53503972859803 14.89118732608081 0 0
15.02608333726054 15.74475316807913 0 0
16.32319347610923 16.53586115899142 0 0
19.308662549993 19.63504852674725 0 0
21.75429177773541 22.10622650727555 0 0
22.76562594099639 23.66816340664377 0 0
28.9306345981839 29.35279728902287 0 0
