# Status file for ctqmc. Used to save all times t_s, t_e.
10
36
0.03978620820023693 0.06916155114305766 0 0
0.1067183822387001 0.9828821726464716 0 0
0.9948636500418055 1.018012469275776 0 0
1.045011134874926 1.258342440213994 0 0
1.312064175641353 4.113416447971153 0 0
4.1783710219476 4.834811595747357 0 0
4.924132300820047 6.358220253151409 0 0
6.44603683045578 6.447143312744403 0 0
6.45205826493144 7.206929768248012 0 0
7.277776270643788 8.352040754497709 0 0
8.484401742843655 9.467771651527558 0 0
9.482107708108884 9.656264672925822 0 0
9.674946585312759 12.08490945037449 0 0
12.19279615812063 12.89667084202035 0 0
13.44936375266231 14.21569201927258 0 0
14.26155746787844 14.3104233706351 0 0
14.34216188873256 16.51730249003135 0 0
17.02278060319825 17.63336982110238 0 0
17.69342724039899 18.42134918818188 0 0
18.45745468246092 18.90775626730886 0 0
18.95919702430646 19.31755493651857 0 0
19.35298293638061 19.82258774883238 0 0
19.87440374639555 19.87623142794311 0 0
19.95388441179522 20.08307394935826 0 0
20.09468937917778 20.48861068900815 0 0
20.58933078373988 20.88826190153092 0 0
20.90338532657158 23.13329349302207 0 0
23.35875135416143 23.61507281775207 0 0
23.64276239544741 24.36280389144756 0 0
24.40852768401735 25.10987214455192 0 0
25.23443391614279 26.08323355648374 0 0
26.1298395182139 26.84505785003581 0 0
27.26792004422818 29.02199330720551 0 0
29.08878124213633 29.42207022989271 0 0
29.58344078049079 29.67850935749441 0 0
29.89177864625839 29.89542686845106 0 0
25
1.013893745792424 0.5299521849377662 0 0
1.173744067148957 1.16159850912235 0 0
4.334678337254791 4.283903261155801 0 0
6.63538960130315 6.381029047235258 0 0
6.858251974972257 6.728765500808835 0 0
7.48150309876874 7.451293978244477 0 0
7.55005745307097 7.547366245932021 0 0
8.401836107376228 8.39741160306181 0 0
8.959715932425819 8.897967222042265 0 0
9.534771430787297 9.511113014321115 0 0
16.68722300535022 14.89908823908853 0 0
17.58878262572925 17.50434147188809 0 0
17.90454965816452 17.7568942249651 0 0
19.61033060951854 19.37415279257809 0 0
20.28767581695708 19.79860528937852 0 0
20.45455153513834 20.44900003539219 0 0
22.12562180787579 22.11232967056352 0 0
24.10202901451167 24.03868435605812 0 0
25.24863618592245 25.23689157797794 0 0
26.40345604584489 26.07931955467571 0 0
27.01158802496395 26.93231884052393 0 0
27.68737587587774 27.5119643660106 0 0
27.9269968926087 27.81915649352149 0 0
28.64898003305678 28.60883509214096 0 0
29.56475544730247 29.53650253260906 0 0
13
0.06368172497881019 0.06236927179947216 0 0
1.342300798603888 1.113680407024886 0 0
1.425734043840554 1.359836088155362 0 0
1.605870076866676 1.493164291856754 0 0
7.372693541475534 7.263977891071971 0 0
7.702150013508185 7.585358388723909 0 0
7.997416446108322 7.898734348956482 0 0
9.647552720445452 8.207551996412796 0 0
10.38913677667323 10.1399699863023 0 0
14.17883763108753 14.12104089015141 0 0
17.43250320263038 15.10800642977668 0 0
23.95485755385122 23.83442511599272 0 0
28.71922722719672 28.42380597845428 0 0
21
1.503633849307622 1.403404165852593 0 0
1.719597093001927 1.655270780415565 0 0
2.817455283009356 2.656109723977693 0 0
8.293732975940168 8.111509056837328 0 0
8.865871523987034 8.42194572538569 0 0
12.05608489412441 11.97067106908455 0 0
12.29072042883925 12.21845115114849 0 0
12.85179964443685 12.83165714588422 0 0
14.01210785322565 13.97550958297321 0 0
14.38817164607194 14.09855732137662 0 0
14.99282041600467 14.95481065999443 0 0
15.89786215598208 15.87315685764759 0 0
16.59758350978063 16.5827330333526 0 0
18.12185272438951 17.46299361888873 0 0
18.78328353200299 18.27863997368056 0 0
18.85271276821362 18.81198314091933 0 0
19.38149311230148 19.26565073502471 0 0
21.30113631361997 20.34596538288471 0 0
26.02828636555662 23.36135036485565 0 0
26.57633567000286 26.5738445152703 0 0
27.46407040386034 27.44607228948643 0 0
13
0.339603041547306 0.9841972417299186 0 0
1.551738965043785 1.948418832066313 0 0
2.012572791692194 2.467665988462064 0 0
2.680528534038561 3.320688387998895 0 0
3.394523154237033 8.195404921401787 0 0
8.215775510118196 14.8495883374172 0 0
15.30161556405571 15.48386789892762 0 0
15.49137502719665 17.18046016329593 0 0
18.20862372836698 20.66139878107409 0 0
21.27066751486369 22.05159086888742 0 0
22.06160071387689 25.31769220563032 0 0
25.7612214740901 26.73274763931093 0 0
26.81969371863499 29.7709452849675 0 0
28
0.3134316908749351 0.2915173491725547 0 0
1.07245687737097 0.4647964621351572 0 0
1.528558261080125 1.429767099178256 0 0
7.913435091368212 4.463613203092589 0 0
8.393943902244615 8.388632943258848 0 0
9.078960215879617 9.069987440364301 0 0
9.579625148316065 9.347023390377341 0 0
10.21094906280817 9.864698635744363 0 0
10.44329491393323 10.42233583795102 0 0
10.79746420320163 10.76148644706708 0 0
11.73690824040021 10.90732619651952 0 0
11.95171969386033 11.92325655970998 0 0
13.52788145987419 13.4845571000536 0 0
14.48784240289298 13.6815815694706 0 0
14.96544747270406 14.91047204644358 0 0
16.87273045781645 15.40071805186287 0 0
17.11673027431641 16.91263862923044 0 0
17.22175484661025 17.15943498577536 0 0
19.00882493126325 18.86547472167477 0 0
20.40823035159007 20.33762745390981 0 0
22.36607314051206 21.91936656825594 0 0
22.79308820855121 22.74610905910126 0 0
24.64299088450286 24.62557828739208 0 0
26.72792963201024 25.61267218941103 0 0
28.6853467703437 27.29850772374563 0 0
29.40731412606855 29.38000591264418 0 0
29.66954668956159 29.60988577078554 0 0
29.86668982145144 29.80548881762446 0 0
29
0.4881228903532387 1.022921855957226 0 0
1.577397876572518 1.831396536466305 0 0
2.927624122416169 2.977656615601657 0 0
3.19467300018636 3.588902762803722 0 0
5.511706193829083 5.586292744415049 0 0
6.530263190047936 6.852611911128915 0 0
7.36498075408976 7.769205999141397 0 0
7.858460946511769 8.324491843572204 0 0
9.127367661078232 10.23580257735209 0 0
10.2461934001445 10.51285425721506 0 0
13.12452837325827 13.17322968493175 0 0
13.21452948891828 13.31238711265837 0 0
13.6786436793828 14.2101701987951 0 0
14.33584280255698 15.3693343114722 0 0
15.44126322073689 16.99710752093331 0 0
18.42731376327204 18.49131514631747 0 0
18.82545513523042 19.14707491598634 0 0
19.1818785172598 19.20615144503872 0 0
19.92698727208963 21.2779987994272 0 0
21.51850126228645 21.94746110210761 0 0
21.98582422298956 22.74455009520598 0 0
23.12950522434441 24.1821487999943 0 0
24.40601926252713 24.46004108274828 0 0
24.46851053968409 26.46300691806264 0 0
26.53116778286666 27.14589308389722 0 0
27.16551350577192 27.43011227827767 0 0
27.68266871871186 27.89463996649546 0 0
28.28980813825628 28.9303965455783 0 0
28.96635351588587 29.1302995100788 0 0
30
3.345660446237628 3.446724310515297 0 0
4.522864439876272 5.05294771867961 0 0
5.054279058898142 5.490875952411496 0 0
5.547679964099679 5.579140736176371 0 0
5.893823463730938 7.513641919681022 0 0
8.403582517858542 8.901967351170976 0 0
9.874574572885539 10.05735144882748 0 0
10.28594584033791 10.44372070336902 0 0
10.76741123522149 10.80065496166537 0 0
11.86851555792213 12.19720064628813 0 0
12.97572560906197 13.31348606681362 0 0
13.51248770829945 13.71988974588759 0 0
15.11066395708793 15.45177261751864 0 0
15.48323993312023 15.64507330941455 0 0
15.67794147579021 16.14136250329333 0 0
16.21532273502309 16.40187758787347 0 0
16.41720357743514 18.22684801198932 0 0
18.86117176213693 19.01478678558935 0 0
19.86282288955742 20.24435717300241 0 0
20.33704482670137 20.64146881556377 0 0
20.69999033895916 20.94259068760113 0 0
23.78117593389223 23.92876639431825 0 0
24.47174221315769 24.57861495325533 0 0
25.00856947031347 25.01337562621358 0 0
25.40816473396539 25.49417850847761 0 0
25.59846744546812 26.07889561077301 0 0
26.73221817008549 26.79844253882866 0 0
27.55319011511199 27.86618113641928 0 0
28.04705642053626 28.12654079186006 0 0
28.28018061777742 28.38675810197492 0 0
25
0.5295288129080146 1.402810784960775 0 0
2.252367890674942 2.513208293639198 0 0
2.535321453582044 3.128483075971765 0 0
3.47223208605865 3.484567696626602 0 0
4.494329551841005 6.293535018367992 0 0
6.36492176151118 6.408159106233564 0 0
6.565526463327908 6.584964980490527 0 0
7.089071693456926 7.440250403013665 0 0
7.760693642629418 9.091282648833671 0 0
9.233027999330091 9.608267969859678 0 0
10.78657119717895 11.39437897426535 0 0
12.84427265722113 13.39914250945941 0 0
13.65866411575777 13.85616352707579 0 0
13.91440125453511 14.14659974114681 0 0
14.87775797305604 15.01166335690487 0 0
15.04958983609773 15.71272217099233 0 0
16.84145551409179 17.00889864785482 0 0
18.07281856166448 18.29159696912459 0 0
20.63957142791262 22.02489446520221 0 0
23.3309172876795 24.85027410235893 0 0
24.95421567610173 25.03656571180379 0 0
25.1514394834029 25.52977426467796 0 0
28.67523970180919 29.08761781729926 0 0
29.68856158733297 29.87632089858335 0 0
29.90645467401043 29.95784286978573 0 0
21
1.258633864974062 0.8410876960190414 0 0
1.980308298766261 1.534618780497477 0 0
2.083206127538568 1.996590019036394 0 0
3.530123020693124 3.081110727292744 0 0
5.668866231867 3.729714802741567 0 0
9.447217853041904 6.276614498671711 0 0
11.81376656992117 9.494404383769155 0 0
15.52076849646373 11.90353017573466 0 0
16.55381615961937 16.49855643914711 0 0
17.38889930617096 17.26010144149569 0 0
17.64170012805848 17.50708869158008 0 0
17.81503020328133 17.76974222749252 0 0
20.21527464227415 18.2591188764818 0 0
20.75407253172161 20.56768314952975 0 0
22.13939483612283 21.05140651312374 0 0
25.19748182726505 22.30906497871842 0 0
26.62743322950233 26.60848890452646 0 0
26.87178256066616 26.66853307178673 0 0
27.42476389529885 27.25756616649496 0 0
27.78121302153662 27.46305496246125 0 0
28.18748289532563 28.10263043040641 0 0
