# Status file for ctqmc. Used to save all times t_s, t_e.
10
28
0.09177106808268527 0.08135973713434197 0 0
1.0047501537962 0.5352328940584117 0 0
1.912590370109652 1.551714542316799 0 0
2.367550785898846 2.253746362763394 0 0
3.440357234709397 3.333191240067729 0 0
4.832681910634836 4.760643834253976 0 0
5.980068691307431 5.97599443990299 0 0
6.792076935942613 6.707940361807055 0 0
7.228349633832123 7.1313535651465 0 0
8.138718582244524 7.424230531658659 0 0
10.60641687620038 10.60143823261391 0 0
13.61201419426397 13.60952161170542 0 0
14.91473688306217 14.22500692622277 0 0
15.50677107253521 15.31546282077414 0 0
15.77854079897831 15.70349426107244 0 0
16.48592630983114 16.34773372884666 0 0
16.90056369179063 16.76075775420033 0 0
19.81233528084411 18.82866904909533 0 0
20.33515727587486 20.10917875999602 0 0
20.42462606610966 20.38428977294994 0 0
23.47113582063253 23.462057697176 0 0
24.36090871952474 23.55668589604787 0 0
26.53415500402893 26.42226892843226 0 0
26.64157365784639 26.58610204006279 0 0
26.72726378320043 26.65695125438638 0 0
27.08845807999115 27.04341824240646 0 0
28.37896753596965 28.37825476981515 0 0
28.9335918453456 28.86056943978004 0 0
24
0.3167656438064997 0.2942521973606311 0 0
0.3588455772411194 0.3318571650574604 0 0
4.878614623226136 4.867198929788212 0 0
6.37816132032778 6.359558595803389 0 0
8.055729842860519 7.554301421252481 0 0
8.452909093169934 8.388039667384017 0 0
8.9030447011707 8.8119674754891 0 0
10.59243285226139 10.54230935371344 0 0
11.04311523982125 11.00370233443677 0 0
12.53433005129886 11.90070267390032 0 0
13.27826054666376 13.14372848584266 0 0
13.64821280617123 13.62593720997078 0 0
14.60311786691756 14.47662054378439 0 0
15.62974414393279 15.45862270091906 0 0
17.27785544953421 17.25166187962274 0 0
18.26396741166285 17.80511428880313 0 0
20.23429574574268 19.96621661451917 0 0
22.09544881282767 21.99164462767838 0 0
22.59969065555211 22.52265411485669 0 0
23.70427015068971 23.68995209891632 0 0
24.89644030973983 24.66579712162665 0 0
27.42762028939112 27.39506457745953 0 0
28.0418539377802 27.52680454827094 0 0
28.28864132510355 28.1849074697575 0 0
14
2.563502328805225 2.327656359463136 0 0
5.095498310786631 4.873614830770752 0 0
5.227218502781112 5.195889065321748 0 0
7.729577904214608 7.500423107268063 0 0
8.142720166947965 8.117930651408013 0 0
9.666303508487392 9.436113351555022 0 0
15.59617289666277 15.42408485237699 0 0
15.65001537770475 15.60708699285943 0 0
16.75912261506857 16.60051766122706 0 0
17.37034524797902 17.32344511031875 0 0
19.45665136173913 19.34676690175195 0 0
22.95392492718778 22.88512808715477 0 0
25.69762775255305 25.34847770627233 0 0
28.76355203258749 28.71942830593816 0 0
24
1.311668036468252 1.309954566779583 0 0
1.783892352893568 1.700763957791169 0 0
3.890338576362994 3.880888538726722 0 0
4.393595252882653 4.229923205931382 0 0
6.468197786258715 6.292479628824494 0 0
9.651742814709376 9.01995555380849 0 0
10.39752628490973 9.682494457772192 0 0
11.18538219937194 10.51721781642003 0 0
14.65909595742063 14.63694511472616 0 0
14.84273357612931 14.81235391360346 0 0
16.64059042522536 15.54825955386886 0 0
16.76423388118906 16.73839311828962 0 0
17.74718180739926 17.66877589319186 0 0
17.85756458279308 17.85060533862162 0 0
19.95590667708393 19.93177031263539 0 0
22.12481829328811 22.05547927354953 0 0
22.56442911677065 22.47625335723611 0 0
22.91620083121662 22.83454525171086 0 0
25.36680655620702 25.31194158396731 0 0
26.69197893607928 26.55756834118928 0 0
27.19821280312108 27.13698867899961 0 0
28.77858915655284 28.77430325648167 0 0
28.97244507929176 28.93943401700439 0 0
29.97265627135985 29.52841136790388 0 0
12
0.0465929199106121 2.153771742206402 0 0
2.285323937170745 2.752078954348021 0 0
2.8059189038065 2.864626492798977 0 0
2.935988673934501 11.69899631611349 0 0
11.76149964046621 12.67112280577999 0 0
13.1218509349144 14.91764744284622 0 0
15.53597084583609 16.01366942712216 0 0
16.69392332408496 17.14278238960908 0 0
17.75047815649684 26.07477794476887 0 0
26.0891182133366 29.29607765114451 0 0
29.30557087125263 29.43689290136567 0 0
29.55627077133012 29.88425804873675 0 0
32
0.3181542275978009 0.2659406407027056 0 0
1.294524545539504 1.229444598455641 0 0
5.966142927252462 3.498479947543288 0 0
6.784534263852461 6.076597479450571 0 0
7.116003767748825 7.108084940670245 0 0
7.337563014549024 7.2212914935868 0 0
8.226295311785769 8.131565451906095 0 0
8.513953208798892 8.499592484950297 0 0
11.13372644504082 8.659212602198574 0 0
12.08399963768811 11.8122680769626 0 0
13.08142566897669 12.10334889609581 0 0
14.4139271069627 14.37437743638737 0 0
15.4231866286396 15.01899880048632 0 0
16.57215058211287 16.56288032432209 0 0
17.08304981542598 17.08117376306204 0 0
18.5712955814417 17.63206911453732 0 0
19.71173746328934 18.97369492373535 0 0
20.24251376824765 20.11812256951553 0 0
20.9586867405362 20.38044531054023 0 0
21.64428939883616 21.61335919353904 0 0
22.93151852807661 22.00677097063064 0 0
23.9922516829609 23.0849079138064 0 0
24.1574837234005 24.03829833750057 0 0
25.34509696810331 24.20958210441936 0 0
25.49655293832056 25.4517943283203 0 0
25.89417361486376 25.74867827045873 0 0
26.04813913861221 25.98818328239643 0 0
26.30269318161387 26.13314937601966 0 0
26.5494473313144 26.46048422426801 0 0
28.01573797829038 26.82024950930687 0 0
28.23075834640246 28.13929961519545 0 0
28.48084534668227 28.32623662641299 0 0
41
0.002590229594517268 0.560325357914639 0 0
0.5656060474617952 0.650279721502087 0 0
0.6644207252079424 0.7592790179543677 0 0
0.7764695922520275 1.184240705106287 0 0
1.241250464777878 1.345101240225369 0 0
1.518022488685779 2.162499730123982 0 0
2.17365038248357 2.665311591244742 0 0
2.675515007418235 2.723804699841892 0 0
5.434708405031561 5.456212176646584 0 0
5.474038961223731 6.442272690060178 0 0
7.148612621348128 7.751497155449873 0 0
7.757144009394689 7.817859583748263 0 0
8.582320542707025 8.831774320001985 0 0
9.21955155606039 9.312302813026974 0 0
9.571430134096921 10.26447725675343 0 0
10.52827634104209 10.63997621489916 0 0
10.67439649735332 12.28044173897965 0 0
12.37359753609372 12.89642163904395 0 0
14.1724656977941 14.22658314892763 0 0
14.35051188264535 14.96869478896744 0 0
15.06312928437641 15.37506731245487 0 0
15.43852232081614 15.70960961732452 0 0
16.21283060185657 17.56446277339624 0 0
17.69112822223486 17.73384710281587 0 0
17.77588442644841 18.64676644289755 0 0
18.90658424869749 19.12463951855138 0 0
19.18168522415106 20.3597957826948 0 0
20.39176052947441 20.43146912480836 0 0
20.54057852001971 20.73075970453961 0 0
21.98374271915354 22.04681328879482 0 0
22.5735140107642 23.14699074874154 0 0
23.48551380861292 23.57637540708997 0 0
23.62873369303108 23.77696440636866 0 0
23.84240261981766 23.86404037166377 0 0
24.22203768147441 25.07265413840607 0 0
25.13690526463603 27.6255764439766 0 0
27.6424584291779 27.77534272439928 0 0
27.84929568260089 27.95626608747467 0 0
28.15690248868001 28.64551343238669 0 0
28.70629957352931 28.90075412534598 0 0
29.28046157036481 29.89248801985676 0 0
24
0.8054701435289608 0.9795811452968145 0 0
1.136390198160139 1.365623959805702 0 0
1.490013391510733 2.139059054251637 0 0
2.217168457724727 2.571368217319741 0 0
2.980136733341324 3.076209435921754 0 0
3.450006394417194 3.470002116650867 0 0
6.306168269974767 7.867886948935788 0 0
9.333119683143435 9.549393531042369 0 0
10.06742024761962 10.38779575721813 0 0
10.58834057860109 10.91896385887944 0 0
13.09763591013406 13.60235912307759 0 0
15.50554830802555 15.50692849252171 0 0
17.12206274429235 17.32623186104458 0 0
18.12023811394296 18.16994101288157 0 0
18.70190443627902 18.80406339059652 0 0
18.89122244655359 19.74583216960275 0 0
22.05633223940968 22.06383094344196 0 0
22.44964251918936 22.50678272508126 0 0
22.83125281484985 22.91316103999352 0 0
23.20103976053456 23.2515056646301 0 0
23.6056478110037 24.18657101644471 0 0
24.25158167736923 24.35844777352639 0 0
26.87611914568413 27.33151585311964 0 0
29.1614480059464 29.17056894685844 0 0
28
1.021410333645299 0.9926083715213991 0 0
1.171221274397265 1.072635079635664 0 0
2.087775367332913 1.952768978477265 0 0
2.764052372882682 2.302275150373763 0 0
3.115293233093042 2.964066735060635 0 0
3.997723163181917 3.151242859193757 0 0
5.115503909435247 5.072680673100407 0 0
6.19942653062631 5.328282381483946 0 0
6.237358348141993 6.200620140183425 0 0
8.86041556248539 6.401738496917264 0 0
9.867191796093971 9.226608568880138 0 0
10.42809134522441 10.36089747082209 0 0
10.84846101909004 10.79575250854601 0 0
12.09682367940963 11.08217833750788 0 0
13.38052252039672 13.36353162184719 0 0
14.50711994846619 13.40628882660519 0 0
15.0391625271801 14.66290386156171 0 0
16.768459051346 16.76586858843143 0 0
18.12404706297342 17.93504437873353 0 0
19.26991526986914 18.19231256361826 0 0
20.24242669390631 19.37702291799761 0 0
21.57371252313478 20.53329557950675 0 0
22.24858809638671 21.91135249705185 0 0
24.34765393440689 22.44186148897643 0 0
24.80438208159142 24.36983647900059 0 0
26.42935147641946 25.17522533615029 0 0
28.63567500541969 27.4096735000782 0 0
29.66037614753355 29.22117012741546 0 0
23
0.4221468054654025 0.9166271340874769 0 0
3.755192623472694 3.872512106595186 0 0
3.87786585336218 3.998829738828932 0 0
4.795839547277274 5.096336519317664 0 0
5.575569071493888 5.779294251787658 0 0
7.00786293482123 7.277041665438941 0 0
8.160148463037283 8.258605393030681 0 0
8.378135417660729 8.386540605115464 0 0
9.359593811352942 9.487252600463265 0 0
10.17288112882784 10.50315647874985 0 0
11.80309181150758 13.04386110721804 0 0
15.36065148316349 15.78048233049444 0 0
17.62996563468695 17.73185107888018 0 0
18.26256569906028 18.45100663298073 0 0
19.09080398776346 19.56291397502865 0 0
20.25052206500527 21.31142288296628 0 0
22.71837411089112 22.93912060299126 0 0
24.13107715988069 25.13406430330414 0 0
25.17489116079452 25.21231271043255 0 0
25.57363615793613 25.67387521540596 0 0
27.46910432950988 27.81986256327018 0 0
27.94391669213058 28.02557891690994 0 0
28.59230739622416 28.61637005011407 0 0
