# Status file for ctqmc. Used to save all times t_s, t_e.
10
31
0.8352043409107874 0.3770563035066625 0 0
1.744351450793681 0.9949789398907828 0 0
2.558989057612195 2.253872949000271 0 0
3.607168666930987 3.171261498146925 0 0
3.772443398619328 3.701735567802494 0 0
4.520289155289097 4.432715706420153 0 0
5.145369971648431 4.923205184943892 0 0
5.229814943196231 5.221872474693855 0 0
6.020903901591963 5.75032300740116 0 0
6.495629310594711 6.440341413914 0 0
6.830152971446988 6.829869567068352 0 0
7.4530329321696 7.053779752225324 0 0
8.709688539916087 7.937694261587078 0 0
9.324610073255782 9.274280686922948 0 0
10.05769412012636 10.00780416219946 0 0
10.15545599170854 10.12696715828937 0 0
11.18775873714307 11.16906671704556 0 0
13.41843205185954 13.39736694694263 0 0
13.85735132221184 13.83961038893313 0 0
14.93901327391407 14.11309773535024 0 0
18.38728903286504 18.20891390568982 0 0
19.13459313251367 19.03812356422484 0 0
19.86577462606615 19.25906806783359 0 0
20.79046672207881 20.00629820004917 0 0
22.63233512806899 22.62740232587097 0 0
23.16473496764895 23.11230137879074 0 0
25.26543442250825 25.20498517988423 0 0
25.6107512075756 25.55077881563679 0 0
25.64407870788608 25.63968531189006 0 0
26.58326299908575 26.57582631019338 0 0
27.81586936237533 27.27514158358749 0 0
29
0.9752534035861954 0.02248461967483095 0 0
1.1722315077922 1.113555612565927 0 0
1.372369012165674 1.180514396503727 0 0
1.503457426078238 1.464970139988093 0 0
2.160790700248496 2.129252615319475 0 0
3.092537043707671 3.049510977654224 0 0
4.770578651357486 4.481853853365839 0 0
6.150067423764852 5.795898014631423 0 0
7.020385133923004 6.524956110605506 0 0
8.07630279480585 7.902519338264678 0 0
8.703793458230908 8.665398275307298 0 0
9.5734900760754 8.908526571449801 0 0
10.27382315057548 10.24323775924148 0 0
13.82444804865752 13.81462592179794 0 0
14.19403181432721 14.13484944075224 0 0
15.20887788575739 15.03131752743137 0 0
16.15271355658701 16.04158061444986 0 0
16.64240877867237 16.45969599683123 0 0
19.26220130162978 18.8155814407387 0 0
20.41093222065038 20.14921817257653 0 0
20.79384911959288 20.77907767070943 0 0
21.42248999685209 21.39340551561575 0 0
22.32179239890202 22.30623687155445 0 0
23.14316791881333 22.71836570193276 0 0
24.78831511290952 24.00593897338038 0 0
26.43210000667644 26.39467016009218 0 0
27.43249681008715 26.76636859255151 0 0
29.19599061539312 28.91262550036664 0 0
29.65778320452236 29.55863512018046 0 0
11
0.2144380946831426 0.1365202361241131 0 0
3.495110966870229 3.366846497474313 0 0
5.004715734429196 4.665000877197168 0 0
5.950862444189045 5.690062243891925 0 0
9.242750088305915 9.240334263923978 0 0
9.671738178826912 9.295324818711416 0 0
15.30025045154128 15.19581787278064 0 0
18.64063966062447 17.38188721633839 0 0
20.03603977369555 19.97088763561601 0 0
20.85443476320251 20.84808622239045 0 0
27.0073218231345 26.99988106110272 0 0
23
2.142308101229272 2.071487424198058 0 0
3.833917504950379 3.729089036078236 0 0
5.852272135293482 5.491250481808089 0 0
7.824357329165474 7.577817512744566 0 0
9.335420643033778 9.098381413346859 0 0
10.61330199040874 10.17412113987819 0 0
12.24845072109384 12.23280905206742 0 0
12.91219326148031 12.8662633157718 0 0
13.41622909550025 13.38211702578767 0 0
15.6816376505622 14.40441020002827 0 0
16.477255875985 16.13192913993793 0 0
17.49309410049393 17.12591506911579 0 0
17.77306750008603 17.73906237485642 0 0
19.44764497648783 19.33240176082041 0 0
20.33941280904831 20.31886064766055 0 0
21.07383694392078 20.90847386111729 0 0
21.56949121958977 21.47642809236036 0 0
21.89264439581767 21.61763234112017 0 0
22.58331367693837 22.39652382932028 0 0
25.53777409431836 25.52736805116833 0 0
26.82151778939727 25.93204614760782 0 0
27.93963662726433 27.5284617603952 0 0
28.46832741711255 28.36712086919527 0 0
12
1.921121512619798 1.76654985273315 0 0
2.07583146232508 1.92301205654941 0 0
7.616279976796898 7.59902035548559 0 0
10.17038234016645 10.15804319379903 0 0
10.95602545958996 10.81040570909933 0 0
11.3021787813207 11.03572304411998 0 0
15.70463161194678 15.68550253037321 0 0
16.35688086498377 16.21926130206108 0 0
18.85877601028101 18.58521255556125 0 0
20.08782739367959 20.06201041454472 0 0
24.03618492699231 23.98936754121674 0 0
29.88054093277167 29.66821295490546 0 0
25
0.2401944213461391 1.014344071443172 0 0
1.071326206606631 3.441650370192221 0 0
3.966463527372905 4.075172739442737 0 0
4.248444520919898 4.670219825503992 0 0
5.247167324201786 5.370168787390472 0 0
6.439324064240824 6.952023957827188 0 0
7.10961904513443 7.587947306419215 0 0
7.690670322096368 8.748166239283833 0 0
8.811802793086658 8.887227732384229 0 0
8.982408413776847 9.405797289228618 0 0
11.78610397677651 11.81639664645931 0 0
13.03083317206613 13.73653296724297 0 0
13.78270487044845 14.02518218449227 0 0
14.37666785125967 15.15344266028464 0 0
15.34270116258792 15.69167463835824 0 0
17.96383023983801 17.96915328459835 0 0
18.27123666333206 18.92913396835019 0 0
18.93325302352409 19.28040681242878 0 0
19.41869717053246 19.44393475696081 0 0
20.06608218654657 21.5882760599714 0 0
21.62302631152152 21.94874924197241 0 0
22.32451690075352 23.11183253656232 0 0
23.66874601477511 24.04758373992824 0 0
25.38012529889352 25.59505968359753 0 0
25.61795914272942 26.56839251555143 0 0
37
0.02917091047550358 0.7636526390988898 0 0
1.223561431073253 1.489717757967037 0 0
2.130183283402533 2.426319122297728 0 0
2.823516646103553 2.900977011385206 0 0
3.449087607126978 5.004691774839857 0 0
5.854822436307614 6.721333201394252 0 0
6.835747341885146 7.487262246542063 0 0
8.11202452249513 8.116147559898273 0 0
8.343223411134337 8.80998114927791 0 0
8.939277153844305 9.037792791657818 0 0
9.276301589825076 9.788532899665649 0 0
9.807015456113637 9.850404569186169 0 0
10.0138317859732 10.18276031565003 0 0
10.22318352575387 11.00394658086537 0 0
13.50303712521116 14.00609583691626 0 0
14.01532070703381 14.07573938183144 0 0
14.09231832325816 14.22451757114957 0 0
14.44801318577344 15.60587269809819 0 0
15.65405454214922 15.90988540971276 0 0
16.45716999732127 16.78027182819642 0 0
19.60130988869139 19.71895186761311 0 0
19.82938041157647 20.2377965437011 0 0
20.27781992292439 20.53353099926258 0 0
20.57424066283776 20.64792336794058 0 0
20.77780792633207 21.1725981897849 0 0
21.34532559761748 21.98445588159397 0 0
22.11564938092316 22.16224914400412 0 0
22.25771091104069 22.44663196412264 0 0
23.29869621526986 23.60899014048018 0 0
23.61152508390436 25.08402312881546 0 0
25.72507904552192 26.06372557691719 0 0
26.11777393639521 26.31088932339255 0 0
26.43983687045708 27.12732640275922 0 0
27.17934556414275 27.47203244811078 0 0
27.54932001301613 28.25633113888722 0 0
28.4683681605394 29.34138854155174 0 0
29.95006927671743 29.96133061293076 0 0
21
0.5510861994968899 0.4676703130682718 0 0
3.771444628561971 1.028705430515397 0 0
4.759905755804983 4.131333440730311 0 0
5.381434687331599 4.827718840939039 0 0
8.633588002045329 6.222175944839345 0 0
10.12434500482504 9.640699344058675 0 0
12.12583793084855 10.50413393226135 0 0
13.64727878983211 12.14317731720463 0 0
15.27646396724743 13.74189677742737 0 0
15.74061855231146 15.29306758494616 0 0
16.98140410476041 15.85657821653722 0 0
17.07090140669597 17.01093155365641 0 0
18.84752479382282 17.85526539322553 0 0
22.33659044373155 19.78145866766706 0 0
24.39826230109319 22.34798632361892 0 0
25.87728821938446 25.52004249338723 0 0
26.48499961304493 26.47486887013999 0 0
28.04756495603644 26.89325412315833 0 0
28.91974229457204 28.19292888921548 0 0
28.94540135461007 28.92920872264699 0 0
29.82270591720834 29.25939831676808 0 0
31
0.1302948606486221 0.06180273535269839 0 0
0.6611578600942104 0.5283627072516214 0 0
1.345715528136689 0.9880999433215187 0 0
2.656771339286082 1.890288376359906 0 0
2.740275050854514 2.722128440957951 0 0
3.072554654994331 3.025934114745325 0 0
4.902490685454118 3.273610845421741 0 0
5.064477818590392 4.933077386165994 0 0
5.575726373149318 5.418236077038114 0 0
5.998740159557902 5.951863116277315 0 0
6.848377779374301 6.026813618018815 0 0
8.552563078241624 8.503023238866323 0 0
9.174604925754799 9.087216172806267 0 0
10.38192698067656 9.413910025856159 0 0
10.53680875705542 10.42370863249932 0 0
12.61082713078639 10.8921992172785 0 0
13.71782804117332 12.81365882797891 0 0
14.54505024449438 14.11393582347046 0 0
15.98905819993973 15.8713617278024 0 0
16.94996629485012 16.7733037906612 0 0
17.12969696552255 16.99787590758627 0 0
17.9309691810774 17.63838659335388 0 0
18.52678575350437 18.35025082601865 0 0
19.08735951975832 18.58237541491261 0 0
19.88111621648447 19.79706208457178 0 0
20.64551968336768 20.26506204434651 0 0
22.31340382356397 22.27964526595574 0 0
23.56171967030211 23.0039586753518 0 0
25.21975390104405 23.86739232656767 0 0
29.08643286978943 28.58172333880702 0 0
29.53831495345107 29.40710323404311 0 0
23
1.653164768432323 1.84866178657712 0 0
1.85426141440926 1.939246261934423 0 0
2.436857288860669 2.746008165648378 0 0
3.398555436430478 5.221506201191478 0 0
5.290997986589087 5.408887879128693 0 0
5.414389281673009 5.428488107200253 0 0
5.54733112863408 5.813249580036618 0 0
6.901354859008716 7.446750082770703 0 0
9.065600850522745 9.849604964240262 0 0
9.907392674505335 9.979556085678293 0 0
10.84531182648663 11.24884287625561 0 0
11.39115910906927 13.12179155200545 0 0
14.12383603382281 14.32636563739259 0 0
16.1066656844336 16.21995484714481 0 0
16.33884946448263 16.76622285764817 0 0
17.25408062785993 17.37691307822401 0 0
17.52560220204035 18.14484817424567 0 0
19.16431754240403 19.77632111745304 0 0
25.83040973155743 25.83684531572175 0 0
26.3755646585807 26.98723756728443 0 0
27.18979322355062 28.15707396317202 0 0
28.59124856997924 28.65174519405536 0 0
29.81618594875394 29.91127816263731 0 0
