# Status file for ctqmc. Used to save all times t_s, t_e.
10
24
0.9154702645907468 0.8896289151982656 0 0
4.803107976784762 4.79150909216174 0 0
7.860668201645987 5.344285514153858 0 0
8.288921295402101 8.260233583784647 0 0
10.43983471245167 10.42546062627271 0 0
10.85627668247084 10.78710251446158 0 0
11.42834079204558 11.36815042191825 0 0
11.63341460998247 11.60667393416835 0 0
12.65038914840465 11.65064368772617 0 0
14.22305004813457 14.20520124450243 0 0
17.27469188731332 17.25424508176984 0 0
19.26669886752647 18.33900292341611 0 0
19.55176170917249 19.45900129576442 0 0
21.04264009460872 20.75029330644656 0 0
23.20732949189776 22.92155756833574 0 0
23.43572623864645 23.4093604242632 0 0
24.54290760799802 24.49039469645639 0 0
25.20916517539718 25.11917881334717 0 0
25.5124186893019 25.41203308647652 0 0
26.25806587767628 25.66297197505577 0 0
26.97522621245232 26.95913822307327 0 0
27.32162675089806 27.22914988927805 0 0
27.94284662397126 27.8590944127196 0 0
29.29295705991965 29.28986228958799 0 0
23
1.821364978089288 1.683057155549421 0 0
2.697009802946707 2.676775527240483 0 0
3.5786910588059 3.215454806543514 0 0
5.297282289870265 5.016064677954951 0 0
5.653027884580386 5.651866917105218 0 0
5.879185608823115 5.842922179681305 0 0
7.008392763894782 6.869379959450431 0 0
8.715353219481962 8.694434436042464 0 0
10.54855851326059 10.38753224522963 0 0
11.85668608278673 11.82771350981158 0 0
14.17866347566093 14.06629685341355 0 0
15.55131140800249 15.09831400082922 0 0
16.49594175349029 16.26581749993218 0 0
19.45972390560425 19.34234625596666 0 0
19.82255222901749 19.76510471769774 0 0
20.07209914326854 19.87868513602409 0 0
23.53616406265749 23.11488978008262 0 0
24.32519316093477 24.20402615900905 0 0
26.41922544059194 25.08124054869964 0 0
26.60112464000418 26.52449124585825 0 0
27.39977060756038 27.07048652732053 0 0
29.06771816808513 29.0135468143278 0 0
30.04084321010791 29.95659535137825 0 0
14
2.022746936810483 2.016815689023329 0 0
2.991112700572854 2.829231012730476 0 0
9.705828373270476 9.485073445963863 0 0
12.39782470376684 12.22759014366689 0 0
13.01610881632195 12.7536802205276 0 0
13.81144322313352 13.73949824982219 0 0
18.67386071375085 18.26516893251934 0 0
19.04181300288676 18.84644041312575 0 0
20.04974165299342 19.91007296809204 0 0
21.04755225272497 21.01115980789286 0 0
23.91964053324381 23.7175578220816 0 0
24.20101026987302 24.12918381476981 0 0
24.27765594966497 24.21629796832924 0 0
27.68567336898854 27.61744698662979 0 0
32
0.1226416411614117 1.021722446987559 0 0
1.035605670113685 1.753497200345266 0 0
1.792820324233569 2.179258165082468 0 0
2.336575076837944 2.788622116707073 0 0
2.842367083343161 4.262776176999383 0 0
4.313040520065184 6.864536030376835 0 0
6.87771891336196 6.977925553912971 0 0
7.082896496360993 8.960853808011867 0 0
9.150961868890064 9.224609458675005 0 0
9.492047974092531 9.975169236135647 0 0
10.00736585077289 10.12475117735949 0 0
10.25551501867472 11.83081442735183 0 0
11.84844001328827 11.933620349081 0 0
12.05618168262507 12.15081998977374 0 0
12.16084383428615 12.81320592156466 0 0
12.98723876726125 13.82307724767358 0 0
13.91766286196137 14.00931298629565 0 0
14.01469345179161 14.81091539155117 0 0
14.95232814596813 15.43700616066993 0 0
15.54550450813662 16.84513418519862 0 0
16.89764898751498 18.51617586871923 0 0
18.61919220237472 19.08846998830473 0 0
19.27357201280424 19.3238632832825 0 0
19.61531760830615 19.94514890382792 0 0
19.94529422740638 20.3993161615193 0 0
20.60936244547558 20.81310157985798 0 0
20.87702321064689 22.30737465665585 0 0
22.4162392707303 22.75112227882857 0 0
22.94486486455534 24.68921267886749 0 0
24.71443543137496 24.93315393563345 0 0
26.8354062800895 27.03274785688584 0 0
27.28099972668658 30.02401636094283 0 0
8
3.114994691536694 2.984929986279787 0 0
12.73522691142963 12.70500964185543 0 0
13.57434178249858 13.48126740127801 0 0
18.23104675168169 18.14694874043391 0 0
19.59191544240031 19.48711277898834 0 0
21.44483718805239 21.20671331936251 0 0
27.65693095901374 27.23293004597109 0 0
28.25540263038693 28.15900644621362 0 0
32
1.326128258483126 1.665084182846697 0 0
1.741964141532254 1.797332178292993 0 0
2.32421653511267 2.343624627760475 0 0
2.718707973581197 3.669350570129782 0 0
4.30370644566548 4.468610867195411 0 0
4.483807803845777 4.497326414038359 0 0
4.711160902671306 6.327688029047778 0 0
6.357630595003191 7.73846732682242 0 0
7.838362781370028 8.306008427775625 0 0
8.813415587163634 9.098704673523883 0 0
9.186896096286731 9.227674465204451 0 0
9.480290775824329 9.528107355141449 0 0
9.593714833852617 10.02328424500142 0 0
10.53958468598107 10.80647529405835 0 0
11.22573260101368 11.3771891873023 0 0
12.28592235593604 12.31817160608026 0 0
12.47079789152066 12.78981962258968 0 0
14.46609250913224 14.61089277187919 0 0
14.66740725764665 15.53144257318412 0 0
15.81356736708175 16.15653188693054 0 0
16.54118835320266 16.56118517330917 0 0
16.8406520972661 17.14209296272031 0 0
17.60864959346965 17.84211902470458 0 0
18.41716951688463 19.22909339665065 0 0
19.25183114267244 19.31724029307489 0 0
19.48932680654745 19.55898150746545 0 0
20.08911052223391 20.28757686661776 0 0
22.87277469704588 23.65806920614743 0 0
23.67361890003908 24.18082047029482 0 0
25.46306163186901 26.47249455436938 0 0
27.13433127428847 27.1420879014937 0 0
27.65282421649991 27.8016108611138 0 0
31
1.733981145922161 1.590903804076735 0 0
1.778765133707259 1.770516003366516 0 0
2.142314386906587 1.929184106060986 0 0
2.669939100908349 2.613072872831566 0 0
2.767952364896196 2.729219068913963 0 0
3.935542112896552 3.771998629937177 0 0
5.741787735899242 4.14607026658996 0 0
5.840594244967831 5.800861108778367 0 0
6.442930072901772 5.917603947269395 0 0
7.533749502153348 6.561008163748006 0 0
8.422261263753564 8.104281187655292 0 0
8.816142712746329 8.743636604017048 0 0
9.221297061818136 9.188833288076999 0 0
10.12607930565039 9.297982326736379 0 0
10.89598225029221 10.89263318337193 0 0
12.03452241108053 11.30509365534104 0 0
15.39153070268038 14.14714102681699 0 0
16.53889591881703 16.28018516756019 0 0
18.04007479332121 16.68308888306204 0 0
18.31903491909477 18.29171683390517 0 0
18.98840079495469 18.60579116877848 0 0
19.36818765412032 19.226113021328 0 0
19.56144664716091 19.54388126370349 0 0
23.0447736856704 20.2530732044236 0 0
23.31311469319063 23.29488217294314 0 0
24.43391594110227 23.99160543210465 0 0
25.35122308969745 25.15993305659228 0 0
25.8853459791654 25.81083117493377 0 0
28.10125954730661 26.27041997465196 0 0
28.76234996958274 28.47157564631775 0 0
29.25430422789985 28.9207299685936 0 0
23
1.547829522768865 0.06483538977596481 0 0
4.087972050027199 1.554113840389197 0 0
6.046431082224398 4.119462571195528 0 0
6.799385106950394 6.131748120891684 0 0
7.577785231261409 7.088134205699402 0 0
9.020430303410846 7.659681420534723 0 0
10.4316478672866 9.675148995478512 0 0
10.68290464274488 10.48799425208976 0 0
12.14681990345258 10.80785616921208 0 0
12.58718432604521 12.5441137031315 0 0
14.12368588020563 13.42702084977564 0 0
19.43196587540289 15.07368752585323 0 0
21.53471624162786 20.38077121404892 0 0
22.93549584518667 21.67222641071425 0 0
23.30567199801234 23.05767290089296 0 0
23.56834060207696 23.39295522564057 0 0
23.81322081536716 23.60012775807906 0 0
24.76094051990448 24.73293458566149 0 0
25.67737880638527 25.06051799750925 0 0
26.18312858695664 25.88286780612275 0 0
26.76398849616319 26.24891981068335 0 0
27.78490303693288 26.95438470184788 0 0
30.03059765165743 27.86398313759754 0 0
28
1.001458477232409 1.249653308596756 0 0
4.119705079316011 4.181771459092677 0 0
5.914933754026582 6.358306485538995 0 0
6.444367367349086 6.707487728039363 0 0
6.801251190123752 7.073018664162086 0 0
7.916342963612188 8.140075370295403 0 0
8.330990797288701 8.36090138625026 0 0
9.275148357996629 9.461334083805903 0 0
11.4355976191766 11.7824597117159 0 0
11.81435426725965 13.21568464498137 0 0
13.47009413901316 13.61024509310335 0 0
13.7194438265075 13.78848038896164 0 0
13.81897082694346 14.14132998409864 0 0
14.52442971113073 14.71115425026299 0 0
15.07272772989367 15.54058467121262 0 0
17.12892646812401 17.24098562091214 0 0
18.28023321431878 18.59189448507181 0 0
18.59318852878731 18.66830537971672 0 0
18.68446879164813 19.22058641940021 0 0
20.03561042731125 21.47089091441531 0 0
21.51907384450389 22.24966491775952 0 0
22.32630192438186 23.07980919863711 0 0
23.29923875904617 23.57099833908503 0 0
24.82726270270305 26.23646885019136 0 0
26.29671410663963 27.09402439653886 0 0
27.33014624624177 27.81978142863041 0 0
28.01754992142381 28.14247420435856 0 0
29.09939778679685 29.79334325889987 0 0
26
0.169971841537123 0.3188718094120185 0 0
3.595980059392314 4.095932419986941 0 0
4.422472584160013 4.808259788819194 0 0
5.163401681381825 5.261035110451751 0 0
6.848532898442569 7.347613425096551 0 0
7.440531637461786 7.603012556670208 0 0
9.742096298990107 9.88811303981479 0 0
10.8049117775822 11.02943217927482 0 0
11.0665754975368 12.20090471080043 0 0
13.06301974778601 13.17311346792255 0 0
13.30474810418387 13.68575272364166 0 0
13.85152786082205 14.49260022679139 0 0
14.55665800047323 14.73335111544409 0 0
15.71587588935923 16.51316791294142 0 0
16.84226744265944 16.88798110739249 0 0
17.19423089010299 17.87343129394529 0 0
18.43941926005707 18.72967799165492 0 0
19.98929354958996 20.18534733360891 0 0
20.32796201969417 20.67394180087441 0 0
20.70805460870133 22.58193721914268 0 0
24.54303442511925 24.71960272807601 0 0
24.78158823200809 24.870623982622 0 0
25.23758443589862 25.79177303252432 0 0
26.38837673553289 27.58970033173586 0 0
28.57745311176566 28.68570485231482 0 0
29.91836498647106 30.05525975146115 0 0
