# Status file for ctqmc. Used to save all times t_s, t_e.
10
22
0.8404773197477722 0.6754697505429873 0 0
1.750454670651985 1.6998976915684 0 0
1.989198781817883 1.983211815333735 0 0
2.520427304625898 2.396940484576476 0 0
3.044635857256854 2.764129810567684 0 0
5.31084601030844 5.283676391687563 0 0
6.172105824353618 6.152386145452126 0 0
6.965923704216869 6.957943327801065 0 0
10.02582658262043 9.923590984790797 0 0
10.91341531925298 10.39988808563535 0 0
12.19568433736842 11.25392043346628 0 0
12.74026479122213 12.63620723067021 0 0
13.63976378832202 13.6057301882439 0 0
19.98181815279711 19.91304897542305 0 0
20.49844384961867 20.45562351781089 0 0
22.96832435921825 22.95262441223244 0 0
23.63964730117568 23.46405990185917 0 0
24.61947137711364 24.59821310231645 0 0
25.02128849102683 24.98101756349753 0 0
25.77132592790485 25.65865180136011 0 0
26.40025933895275 26.33649653253131 0 0
28.91786047300314 28.51586839119443 0 0
24
0.8980736411415009 0.7957537794086719 0 0
1.067419397764355 0.9738637221433591 0 0
2.252533515224337 1.227032969811106 0 0
3.651485535316908 3.424147558808826 0 0
4.107934943504074 3.935428208337092 0 0
5.365187639106717 5.159465708824793 0 0
7.073172751043531 7.066571517828406 0 0
8.259818338379649 7.960984994476249 0 0
8.371944992013045 8.357763907012174 0 0
9.185229585883235 9.112542105502602 0 0
10.16661990866536 10.14234580584671 0 0
12.22440969901557 11.73508579579502 0 0
12.88402989108948 12.8807584953764 0 0
13.57087455282963 13.19829703061953 0 0
13.91086136242847 13.89280811575203 0 0
14.78698640751613 14.72292591968061 0 0
15.4080854509012 15.34367908930696 0 0
16.74764795086249 16.0426419971022 0 0
20.44584725624456 20.43344631178149 0 0
24.43285795988174 24.21063751211439 0 0
26.73186693462763 26.65837606928046 0 0
26.9965247140862 26.90998601806129 0 0
27.36182442464658 27.19239693599742 0 0
27.99581685680455 27.76146701247078 0 0
13
4.403566781037476 4.26119391231063 0 0
5.254810734527426 5.105879203289157 0 0
10.65484433141293 10.60044700482841 0 0
14.04984743009729 12.84348947074608 0 0
14.77840002295796 14.64064773925579 0 0
19.1862526477261 19.02462001952772 0 0
19.77438070266493 19.58011169489671 0 0
20.25646201710642 20.20284545156787 0 0
24.85248881636702 24.66418106095249 0 0
25.99951793394635 25.96307412845135 0 0
27.07752128140759 27.03686053965678 0 0
28.01508252540058 27.52484884283301 0 0
28.97986183649169 28.83292284988461 0 0
29
2.05984261188671 2.044834103327264 0 0
2.732452537544561 2.630111044758437 0 0
3.157813547842438 3.136757084459452 0 0
3.368502801402169 3.325212110560412 0 0
3.439704848344872 3.439189537404558 0 0
4.615221959537722 4.361064660049881 0 0
4.696362523032128 4.624232810870437 0 0
5.460428538872208 5.101551508079434 0 0
8.474090889381099 8.449542286893417 0 0
9.834572554059971 9.811272303930201 0 0
12.55109024044532 12.16273195357394 0 0
13.03148587570181 12.94331481721838 0 0
14.13686881748867 14.09485034314085 0 0
15.36944901486088 15.34098141852731 0 0
15.86223434382788 15.41061607447662 0 0
16.28635668413663 16.09681548672396 0 0
17.13785314805572 17.05131000695066 0 0
18.00209084850734 17.32855354878257 0 0
18.60331894936015 18.6013484941141 0 0
19.33609827999225 19.16756045751993 0 0
19.52376129174711 19.34839186559182 0 0
19.76881355771668 19.63552040639484 0 0
20.35536622901688 19.79278826174686 0 0
22.20358714191122 22.07125933486187 0 0
22.62421576188468 22.32298462381598 0 0
24.09980111118205 22.99448164938451 0 0
24.86660333252975 24.85723785834718 0 0
25.2503186634472 25.10355319615961 0 0
27.46190365051663 27.45660761849575 0 0
13
0.5831486875393672 0.4091983383464246 0 0
3.06195721753418 3.012774298300682 0 0
5.084587460986332 5.017115224457692 0 0
6.230031685240347 5.356750632048151 0 0
11.10943965350087 10.56066580289744 0 0
15.98827068378671 15.31389512493976 0 0
16.72631259805316 16.07296506949505 0 0
19.00712331270771 18.83669043949396 0 0
19.72469857555031 19.63230579604895 0 0
20.42302465306223 20.36034440134259 0 0
23.29156937329253 22.2265442433717 0 0
24.85155150073179 24.32185760996269 0 0
26.23729581292628 25.84986691717383 0 0
35
0.1058619119354347 0.1884270668564573 0 0
0.7148267237096 0.71555227431636 0 0
1.992459303003026 3.917201464488058 0 0
4.894029112905004 5.443468185063049 0 0
6.832212914176499 6.924470258695719 0 0
7.01822904417314 7.22118632182977 0 0
7.25376387272394 7.294256093391146 0 0
7.523355763019976 7.685166446400363 0 0
7.694118291011629 7.801660276392811 0 0
7.86593379346907 8.440797000187477 0 0
8.583534191119323 8.946074961181079 0 0
10.46451938444429 10.50990085190553 0 0
11.37153192213765 11.88336266252621 0 0
11.89997328330863 13.88859770100041 0 0
14.65022873354222 15.08012757921568 0 0
15.11151901252808 16.44251888714856 0 0
17.40197889694465 17.97630121321333 0 0
18.55589108311658 19.29430571641175 0 0
19.34101074013705 19.78848616668949 0 0
19.83731859594818 19.94833899636919 0 0
20.9732393289261 21.43338033753345 0 0
21.57018852758084 21.65761652652559 0 0
21.87238340037845 22.17560666695549 0 0
22.27927059176747 22.37998892062766 0 0
22.42986000547955 22.46559147525943 0 0
22.97991882683187 23.10238275423329 0 0
23.26772810965167 24.85662942667285 0 0
25.029316966724 26.00859240839267 0 0
26.04682479064157 26.34123706416294 0 0
26.36306121888555 26.49277878679207 0 0
26.52838004068686 27.09760651013294 0 0
27.90526918312275 28.43975284287602 0 0
28.44780337077598 28.70113622454014 0 0
28.98888522849849 29.22473518577052 0 0
29.26971012330891 29.88872733363287 0 0
34
0.4398346002718038 0.2515017842212544 0 0
0.6385068725676263 0.6247110581025126 0 0
1.967704861549217 1.949372664271756 0 0
3.402624625553642 2.036434686295111 0 0
3.727513953847337 3.670810385350642 0 0
4.764012762143379 4.354032940774351 0 0
5.066365031347503 4.997333527727388 0 0
6.410964538367242 6.311816533238842 0 0
6.841886867574774 6.763790443585265 0 0
7.845338221174362 7.42070624620197 0 0
8.157572053321406 8.087754865539983 0 0
8.714646770285993 8.611847775730977 0 0
8.860749776022063 8.725627675173113 0 0
9.199054615235084 9.106866759871339 0 0
9.60132828904721 9.518946732668134 0 0
10.44534114143278 9.737493484959353 0 0
11.04664078538278 10.95212292303986 0 0
12.17761292965897 11.88531911202232 0 0
13.3435689148306 13.0829664909822 0 0
14.71406133016538 14.41724631631609 0 0
15.84829586479715 15.15492225826829 0 0
16.02840818110077 15.99203424004694 0 0
17.45609883281878 17.21791931390607 0 0
17.83915007790454 17.5066473038255 0 0
19.12508171703897 18.38199620850365 0 0
19.27073603260637 19.20422005882412 0 0
20.27406738086912 20.19183815785606 0 0
21.95269362903206 20.65103790431112 0 0
22.07070403456937 22.06393743529421 0 0
23.97518527031016 23.90959497095541 0 0
27.45640227478042 24.32143772679476 0 0
27.79651339676824 27.69725713273502 0 0
28.64729016227151 27.81075599262126 0 0
29.02115859682135 28.71895898114821 0 0
11
9.187158767562652 9.38262865602772 0 0
11.42055055514502 11.70776755027762 0 0
13.04359700773542 13.54945239225401 0 0
13.66719185328987 13.67838728009297 0 0
16.70552281305432 17.2396364464559 0 0
17.71502533261215 17.74517107362448 0 0
18.17287236832967 18.34420229223163 0 0
19.71216000378593 19.93792935754291 0 0
24.35762072784488 24.81444566533575 0 0
24.84091495712135 25.33722552395333 0 0
26.72689230915896 27.38724034401264 0 0
35
0.2770277905824372 0.03331699534433952 0 0
0.7851316802542887 0.5801692352099257 0 0
1.21026097616284 0.8712953629831599 0 0
1.296499665624682 1.286959813469256 0 0
1.722445085857201 1.474835376464958 0 0
2.64635085887949 2.59042765267345 0 0
3.408411984014702 3.2951356050353 0 0
3.859662232589457 3.504478738121414 0 0
4.334736276777091 4.276582589554886 0 0
5.166495431784053 5.014614869434425 0 0
6.303571438682737 5.369036056549784 0 0
7.308129624757953 6.853541355819863 0 0
7.940325992537254 7.815575271495997 0 0
8.172452763738942 7.955166221317061 0 0
8.448513160087142 8.205186741499091 0 0
9.59079992032707 9.41148213121131 0 0
11.92434205246576 10.49411922735679 0 0
12.3344965577994 12.17749715616032 0 0
12.71820189856721 12.684467797203 0 0
13.05124817120982 12.80459421369008 0 0
13.97419429400524 13.128060704141 0 0
14.0124519127067 14.0103427337526 0 0
15.00779021116274 14.02129697362027 0 0
17.37728570522948 16.07539195899086 0 0
18.1097142264776 17.91210454939353 0 0
18.62175279107429 18.57353624638274 0 0
19.77372563783311 18.72074771530889 0 0
20.79175047058123 20.66397483498759 0 0
21.03597728326048 21.01441812690121 0 0
21.29326472195972 21.13077664956487 0 0
21.50603991559761 21.47619202468419 0 0
22.62638832493419 22.57837357900658 0 0
24.11509709347893 23.6623653842572 0 0
27.97751781672681 25.78926236233746 0 0
29.96937851289203 28.03777256546718 0 0
26
1.179751443879109 2.024607758925088 0 0
2.75023556670757 2.907351153324333 0 0
3.416091153072198 3.69199340696523 0 0
5.214042848757471 5.881364485434097 0 0
6.101937803422621 6.62702346210817 0 0
8.517321464670312 8.656641246174221 0 0
9.413830543553505 9.588900106155164 0 0
10.05210826611258 10.44042775841232 0 0
10.45406303956005 10.75727773351699 0 0
11.59218991581355 11.92400652273535 0 0
11.95130336732996 12.15596312262059 0 0
12.30144326781183 12.4605166247412 0 0
12.75593359714008 14.16676688522321 0 0
16.00130964905462 16.36084511622998 0 0
16.5147254598444 17.61093220183986 0 0
18.46598962778252 18.65789435879372 0 0
18.81094687948465 19.13271369819384 0 0
20.86280925392517 20.94715837885924 0 0
21.66801796562081 22.18532321417083 0 0
22.28139984895095 23.25616147536989 0 0
23.60295149719211 23.74447727866168 0 0
23.99559329676853 24.42833307041611 0 0
25.59033219221584 25.6432331362029 0 0
26.53519554124705 27.76431331832585 0 0
27.76900501516425 28.33403554947927 0 0
28.70270938568646 28.95852842483522 0 0
