# Status file for ctqmc. Used to save all times t_s, t_e.
10
19
0.5107522314646609 0.4653714538104587 0 0
1.058277808310287 0.9928222047698334 0 0
3.758938457498525 3.690269675987946 0 0
4.103508122093925 4.040332567918702 0 0
4.850303731939502 4.787844633054651 0 0
8.252550308987246 8.083954855432845 0 0
11.23552356094779 11.20580701262504 0 0
13.00144444283672 11.93612454208371 0 0
13.09225118319889 13.07392438438034 0 0
18.86781394013687 18.85672786337197 0 0
19.14508419458085 19.10156378523875 0 0
20.25205826573948 19.54879808439336 0 0
21.08471731902099 20.92635692016643 0 0
22.64660662738775 21.50092193737659 0 0
24.9163185244439 24.86023290929102 0 0
24.99584136283903 24.96796768173041 0 0
27.32199018022089 26.64723691498064 0 0
27.51823425052233 27.47957787523104 0 0
28.28028751942584 28.11724966720897 0 0
27
0.7362364674333157 0.4552705965725778 0 0
1.030320339911448 0.9820500009916406 0 0
2.008863128809345 1.930386433962093 0 0
2.085838599622744 2.023641457280605 0 0
3.677834105567052 3.38997910898858 0 0
5.813289805890227 5.810396653197946 0 0
6.424713962061236 5.99090975330633 0 0
8.201711883022803 8.157886035581431 0 0
8.356102729711335 8.336138018806707 0 0
8.569305472650841 8.545509859474269 0 0
10.21860736596965 9.606351200428138 0 0
10.34337180812854 10.23464983450133 0 0
10.67535175419491 10.66724811613267 0 0
10.92312382316937 10.91363182700284 0 0
11.1521964329269 11.04428640680315 0 0
11.76663820050077 11.65646878389037 0 0
15.83686504520442 15.77187294361762 0 0
17.90958396485408 17.86453917521418 0 0
18.32999767235644 18.28520103045813 0 0
19.40128023317823 19.35805248405917 0 0
19.69250813723303 19.59466175234496 0 0
21.15802239436678 21.14518186597446 0 0
22.77813552358446 22.74775461051422 0 0
24.98034251134028 24.77372657133382 0 0
26.83048292900447 26.82189881076286 0 0
28.42449922538674 28.37336707295246 0 0
29.78934688871118 29.76853173475473 0 0
10
11.88300141999214 11.6910016448775 0 0
13.76207204776522 13.70872906879714 0 0
14.01043550753915 13.97513021240273 0 0
15.49845084730917 15.40524450634432 0 0
16.10123630612737 16.03396055466781 0 0
16.89670532602185 16.89226111828711 0 0
23.55844451071368 23.53797279825094 0 0
25.92156475820032 25.89591437276332 0 0
27.06066680148863 27.03187952450605 0 0
28.07518052210097 28.06545926655685 0 0
28
0.06480510513407367 1.325546022067114 0 0
2.837296381693409 3.820879849626133 0 0
3.842310860601754 4.400358704995205 0 0
4.78512306334366 5.168677129042633 0 0
5.190470280261134 5.59252228793925 0 0
5.773438778485479 7.123306429552473 0 0
7.150618263148912 7.542057460259504 0 0
7.853466761162878 7.869671938022607 0 0
8.004173635426346 8.915096808885107 0 0
8.920257377398354 11.20605381157999 0 0
11.20968039812274 14.9755867624169 0 0
15.00241973600184 15.70856792688719 0 0
16.07493211483081 16.4890698176668 0 0
16.83407618910395 17.13892710848902 0 0
17.18673079424052 17.19253484140709 0 0
17.36435493961681 17.46487253042477 0 0
17.47244723116313 17.60973723471146 0 0
17.61574068399437 17.80138797741262 0 0
17.83073814609783 18.06581865793664 0 0
18.5743584818366 20.31253304187554 0 0
20.47231026670901 20.83126717427654 0 0
20.88425632948197 21.40909404256602 0 0
21.41732253718695 21.57543175084305 0 0
21.78292539496996 24.83806906781325 0 0
25.76386592639027 26.36325641935134 0 0
26.3708109767463 26.64602320761253 0 0
26.67198823718247 29.17304694503438 0 0
29.25768084456109 29.77816523765712 0 0
13
1.636321817588783 1.630712823435123 0 0
2.616064001425466 2.416021151119962 0 0
2.913945955754635 2.651441347022275 0 0
4.378789686521764 4.011797129487015 0 0
6.081434882823334 5.193886975536643 0 0
16.83341311852451 16.73985994500874 0 0
23.26124615249596 23.13295838684946 0 0
23.32506787362081 23.3170165535101 0 0
25.82260329526304 25.78941022344094 0 0
26.71495261498838 26.64536393886654 0 0
26.76151449792038 26.75774682261163 0 0
27.10376206471209 26.9254825484824 0 0
27.75376945226686 27.59870894723846 0 0
29
0.7989235715895653 0.5758727048969341 0 0
2.652213297172288 0.8379696374753373 0 0
3.785909339973338 3.2835185217326 0 0
4.439927485197866 3.813623665267003 0 0
4.90966643357382 4.483475829580555 0 0
7.229882686140011 6.814405127456444 0 0
7.672797469189359 7.238494275716613 0 0
7.731957731509828 7.682309540894433 0 0
8.041787294328634 7.973536034944062 0 0
8.644433742352689 8.594782111127222 0 0
8.922730118329344 8.892855782410017 0 0
9.2712311676287 9.202200753681662 0 0
11.7891987852161 11.56796123211077 0 0
13.78364524313422 13.76220810172773 0 0
14.19398459258787 13.83092337939266 0 0
15.89394553771554 15.14399282037442 0 0
16.7789942856018 16.17976342326286 0 0
19.36305324897155 16.81810137794627 0 0
19.49606903236376 19.45874171287777 0 0
19.64899746167296 19.59644746745871 0 0
21.13985142678006 21.09979705252551 0 0
22.56201517909181 22.32832223003831 0 0
22.59572782781755 22.56560699452181 0 0
23.35242475684805 23.02789170926429 0 0
23.56573209393556 23.5348767997975 0 0
24.71861871447808 23.77631546863153 0 0
27.18784024246587 24.74288329612333 0 0
28.17692277446748 28.17023761686781 0 0
29.6717101111557 28.20975067439539 0 0
27
0.4207786505454345 0.9885701914093492 0 0
1.083771673503608 1.851013803629767 0 0
2.270926129832879 3.105948898751064 0 0
3.387307679091992 3.551562081887096 0 0
3.737451794184784 4.039432068705749 0 0
4.321890401623408 4.332173871125426 0 0
5.20128984202578 5.484125560816514 0 0
6.100236577845295 6.405691837698019 0 0
7.334416694423895 7.479560013428246 0 0
7.560361142174385 8.173972849552896 0 0
8.207109375686654 8.456755542076436 0 0
8.474190222439461 9.187542629760424 0 0
9.504364567401955 11.35481201348286 0 0
11.41194053021285 11.41617675511449 0 0
11.59869144624531 11.76622027797978 0 0
12.04986492969767 13.43671375225668 0 0
13.55329747109753 14.21370222596539 0 0
17.62230855088349 17.97982142709189 0 0
19.95729121983658 20.93227316964591 0 0
21.49596144948008 21.91239944303325 0 0
21.94529824386879 22.50599451458408 0 0
23.75587152046248 24.24491002111054 0 0
26.32004877330093 27.73007749441177 0 0
28.22694249690646 28.37203076942878 0 0
28.57469509841358 28.69142009103766 0 0
29.14153645818387 29.26019537516366 0 0
29.33011859990819 29.4871657858357 0 0
22
0.9818880525176878 1.226004354645535 0 0
1.95737358263639 2.545899090598553 0 0
3.037648144719267 3.811819209629629 0 0
3.902997366772039 4.47947379230705 0 0
4.535758214127768 4.889031170542777 0 0
6.371266073327235 6.867614421022322 0 0
7.473813041723599 7.631071588885744 0 0
7.984900090122923 8.469456158570276 0 0
8.901761732122203 8.954140479146208 0 0
12.20350368873638 12.41172789909134 0 0
15.3123653510961 16.6910268592649 0 0
17.95006827216499 18.12210763418969 0 0
20.67969799487349 20.71503818841285 0 0
20.86386055630551 21.08229547055114 0 0
21.625678176717 21.67181665135751 0 0
21.85424042418853 22.00671301712834 0 0
22.77750180449239 22.86822840385894 0 0
24.50436164324315 24.50557946133214 0 0
25.5873051297284 25.8498480414123 0 0
27.10881504510575 27.15414726467719 0 0
27.45330896526091 27.87096812357406 0 0
28.04164406979367 28.20968382665552 0 0
25
1.90022443609087 1.966181263782728 0 0
2.386611819574305 2.915038500441396 0 0
3.019006492872301 3.242317361096781 0 0
3.296457359284884 3.297950857097947 0 0
4.760554042837653 4.896970019655 0 0
5.884515918390387 6.039920446597925 0 0
6.932734142101737 6.985247654101028 0 0
7.101864228506508 7.322086038935763 0 0
7.477675992123356 7.648105762916986 0 0
8.076932259825726 8.094137891536832 0 0
11.83688137474008 12.93871233228273 0 0
13.20787223845989 13.30682469484015 0 0
14.55964703530418 15.09331564447049 0 0
15.76512802683735 16.30714405188663 0 0
16.82930946594152 18.64040593834664 0 0
18.69011151951581 18.89008008781811 0 0
19.52715749131744 19.54773999548921 0 0
19.71496533733089 19.79836915423894 0 0
19.80861372350072 20.8455197596047 0 0
22.28865093693087 22.39822605641536 0 0
22.70077387594928 23.66771515155905 0 0
23.67289699026726 23.93594640356945 0 0
24.95307308571754 25.7924650403531 0 0
26.43970774898913 27.12455286360171 0 0
29.53857680934052 29.86860550414766 0 0
28
0.6707382739331003 0.9668915789347164 0 0
0.9817023787980119 1.452973233472931 0 0
1.543942232458077 1.824654265092862 0 0
1.899525952059217 2.131750149263847 0 0
3.257020782176133 3.43877444413939 0 0
4.257611942917083 4.94507919101849 0 0
5.348222655067401 5.872788888205656 0 0
6.005188929088981 7.30926926287238 0 0
7.3445494986089 7.558189522807133 0 0
7.918084446079972 8.044220993852232 0 0
9.076636631844709 9.185850235539897 0 0
14.44105216502014 14.53391202834855 0 0
16.64863038878335 17.04590429606358 0 0
18.43434542019648 18.9477713659729 0 0
19.01798024909364 19.02970027613235 0 0
19.49710934557029 19.51989604240997 0 0
19.73247339961712 19.95441451577686 0 0
20.79528472664596 21.06248330242562 0 0
22.35652538780953 22.58964409442911 0 0
23.10756531248513 23.4891161127802 0 0
23.51175226941429 23.53695633377735 0 0
23.72605237973059 24.40461354333933 0 0
24.42647037747865 25.9621568662991 0 0
26.61166234284232 27.25576114247808 0 0
27.87963299034655 28.32350216066887 0 0
28.43229497612469 28.89434865811634 0 0
29.16351663193472 29.37583280867301 0 0
29.87689437112014 30.00911181419202 0 0
