# Status file for ctqmc. Used to save all times t_s, t_e.
10
21
0.01738514510489608 0.9203045145999287 0 0
0.9330424360182377 3.01623131733637 0 0
3.018097396662675 5.970228882919248 0 0
5.981311047241381 7.57264598223047 0 0
7.680587660465107 7.690018422344983 0 0
7.7091246723402 8.113184143735253 0 0
8.295518433173743 11.80892122751955 0 0
13.21934510851025 13.41739020057643 0 0
13.65500249988466 15.41586785488451 0 0
15.93231928159705 16.07673810855598 0 0
16.26265074276383 18.65889325675591 0 0
18.66216927886354 19.04496221331723 0 0
19.11848861454229 21.18113759785155 0 0
21.36637541916352 21.47058453033324 0 0
21.85248269572359 25.19124408628403 0 0
25.23817173144751 25.34783703150681 0 0
25.3481224797431 25.7271374046961 0 0
25.73243014970689 25.94279024592156 0 0
25.95108534249528 25.99556898901713 0 0
26.48518882319956 27.93866695878757 0 0
28.18154952820636 30.0043397259595 0 0
30
1.10309919089932 0.9352594318601383 0 0
2.007959005271204 1.903121143515042 0 0
4.574423538107506 4.166591322880228 0 0
4.865079234605202 4.837597601329454 0 0
7.487270794964353 7.391476016669752 0 0
7.74558586508498 7.675878229928686 0 0
9.461646250372761 9.433899150534678 0 0
10.74819016846573 10.61852895991274 0 0
12.05005802003824 12.02163841773319 0 0
14.10569986156404 14.07903453713297 0 0
15.27114059352473 15.22988759725762 0 0
15.70642316943902 15.69538266007677 0 0
16.62504920339745 16.56021448190626 0 0
17.09702262095769 17.07585937998894 0 0
17.83711494580913 17.57884564941032 0 0
17.92816503684944 17.88485357170018 0 0
18.54266239448911 18.53957247901375 0 0
19.48238078748351 19.02520488618996 0 0
19.75753361865902 19.75603482183093 0 0
21.63632463433291 21.59902532455873 0 0
22.28150858243709 22.26704771525906 0 0
22.56738783823099 22.53506018550457 0 0
23.2381371460913 23.12035083431749 0 0
23.41795212369177 23.37429873273927 0 0
24.34892261521565 24.34600563643481 0 0
26.07652806433681 26.03865342716218 0 0
26.3102585284678 26.30134646330841 0 0
26.57846370796903 26.50356964668237 0 0
28.89724357178162 28.86360568906658 0 0
29.15454507853955 29.13653058056103 0 0
19
0.07696332760578173 0.5399339713807498 0 0
0.7713965329167575 1.300858625536033 0 0
1.346414895817777 6.093551252862765 0 0
6.153260862009361 8.872553913482125 0 0
9.078794398672644 9.435713172542368 0 0
9.57350163480074 10.17388141684268 0 0
10.52793444337659 11.79132367656887 0 0
11.82158461360808 13.12185920409915 0 0
13.17142741700662 15.57003298035639 0 0
16.03306297365245 18.02269198684586 0 0
18.23462201419092 19.27844260152442 0 0
19.35167965297545 21.68537561860461 0 0
21.87317234695303 22.22259860272638 0 0
22.23708691081702 27.10142400324649 0 0
27.12140763910105 27.82479290086646 0 0
27.96252401776847 28.21074894795651 0 0
28.23843138554439 28.38971374961922 0 0
28.41248347599163 28.72486055612579 0 0
28.79727473517034 29.67370356044728 0 0
21
0.1098548943385879 0.09570816807869775 0 0
0.707054123482983 0.671483398439088 0 0
1.711157328715285 1.665173377391341 0 0
2.30508220755894 2.213797196590887 0 0
2.845280790516466 2.669557029947393 0 0
7.516412298981387 7.417969338941553 0 0
8.502142302775164 8.441315875282298 0 0
10.64465795174226 10.59005869848951 0 0
10.86596904837464 10.66889032100262 0 0
11.910360738679 10.8923950212428 0 0
13.64143413242457 13.58791206067919 0 0
14.30932147495423 14.30187473050679 0 0
18.51874440427768 18.28566634049755 0 0
19.6762727802392 18.7102652308951 0 0
20.48199886290931 20.45657182645715 0 0
22.32991445715597 22.27827792949566 0 0
26.1752966565596 25.01964483613139 0 0
26.60504101926744 26.21845394296959 0 0
27.56392868106174 27.55958269108417 0 0
27.840772321301 27.77537806906498 0 0
28.01854424038077 27.98030934821529 0 0
12
0.1307583189656114 0.1203495105953323 0 0
4.122293889395128 4.080499953020936 0 0
5.447787618751692 5.362435222938265 0 0
7.166013231184838 7.080893071633121 0 0
8.250520832601641 8.23446837689213 0 0
12.97877071991245 12.83241561303576 0 0
19.10627499756712 18.52259625523294 0 0
22.21255251964118 22.03677816498622 0 0
25.84582912414163 25.73697735456304 0 0
27.97700646555819 27.87019504424658 0 0
29.38459086870042 29.24461870462951 0 0
29.98477935192004 29.87969084577873 0 0
32
0.3024967546656704 0.2255682833296824 0 0
2.218510783600462 0.6614873321618616 0 0
2.81818250355768 2.758439099817021 0 0
4.254104556322529 3.869211830661638 0 0
5.203845451563241 4.595475361942153 0 0
5.651993142598937 5.61424774122334 0 0
6.445416843336087 5.986543787179566 0 0
7.053643204389411 6.927378516237936 0 0
7.583779520593588 7.120438218475661 0 0
8.696293531524303 7.865272033318916 0 0
9.413137588590859 9.13877911419009 0 0
9.913027172689738 9.846161201471311 0 0
10.2205398592814 10.12695034601535 0 0
10.85861120560262 10.48240911241632 0 0
11.66687365488765 10.97081885441943 0 0
14.32805281575225 11.77363004177858 0 0
15.78575014691426 14.99407250050053 0 0
16.93755944767202 16.60105965898088 0 0
18.624325078195 17.72965120932591 0 0
21.65014362212938 19.68774933033068 0 0
23.822057634516 22.9827084798031 0 0
24.33393912151448 24.15054573295737 0 0
24.88952308585918 24.73881632777307 0 0
25.24589338682162 24.96089532769354 0 0
25.44871745988753 25.44487590642101 0 0
26.02227349774704 25.85535812911662 0 0
26.21174814242391 26.17275219060137 0 0
27.15762238080587 26.33169724869533 0 0
28.05935827681655 27.17188077052674 0 0
28.62290467877516 28.32417199180674 0 0
29.13657310893706 29.08550786485456 0 0
29.97687825698735 29.36969143834319 0 0
30
1.089473499669387 0.9206799195633977 0 0
1.167173621848651 1.148295099881613 0 0
2.680731316889723 1.481817899645279 0 0
5.380835115202433 3.533408236058136 0 0
6.062089891694351 5.399203671051427 0 0
6.520982793620124 6.352091557944682 0 0
6.982122140105601 6.896591360478659 0 0
8.424218608030252 8.152914834528991 0 0
9.148240560799913 8.928487293744935 0 0
11.68289009569174 11.42588153542072 0 0
12.31994654336529 12.13658446244796 0 0
12.80615898478345 12.75347260518585 0 0
13.59449200358175 13.40793418925636 0 0
13.87052416408907 13.74041934300076 0 0
17.58015497106327 16.25077141414463 0 0
17.6336011423759 17.60005066495843 0 0
17.95564200532672 17.94944723254882 0 0
18.55859750917244 18.52901955486786 0 0
19.91969827936427 19.84692943961895 0 0
20.96156399178325 20.60445329773909 0 0
21.81714085684444 21.3187645796397 0 0
21.89694226664701 21.82874979092252 0 0
23.00142198305528 22.05444619343966 0 0
25.33573382607694 24.57428853390555 0 0
25.54055111813424 25.48455601922339 0 0
28.27694168510505 25.69516769107705 0 0
28.35815178195906 28.34523679784922 0 0
28.43881837272444 28.43619801820312 0 0
29.20767753527651 28.63327260940372 0 0
29.50988912609811 29.33602248233284 0 0
18
0.3407473681124848 1.271819600859183 0 0
1.390808442365211 1.743003912477011 0 0
3.566314165823287 3.898540878383022 0 0
5.218318088029062 5.224617954243294 0 0
5.225651299425853 5.366641790671824 0 0
11.09290458286784 11.156671222815 0 0
12.46100155826364 12.89109922188175 0 0
14.80697276574834 14.83893349620145 0 0
14.96696384202356 15.13739653191473 0 0
16.06871674942882 16.2402244314347 0 0
16.31178139729125 16.88469739404329 0 0
21.39709618622482 21.46442545967648 0 0
21.86693284645474 22.21314393047005 0 0
22.326560775096 22.83205816374948 0 0
26.53537143772864 26.93644244969872 0 0
27.49042175525565 27.583560800156 0 0
28.49385231951402 28.81316954777559 0 0
29.54368270968329 29.97411050893648 0 0
36
0.6469788197970914 0.7371933385222765 0 0
0.8668196226981475 1.38611413824002 0 0
1.579105342683123 1.837232935640387 0 0
1.858346579616271 1.885656301104396 0 0
4.017134255389506 4.065633323784526 0 0
4.071777233544027 4.417773633504813 0 0
5.349157871489759 5.484686186007202 0 0
6.689658880831365 6.695693062741462 0 0
7.827611376938663 8.560278272238552 0 0
10.37678739111252 10.88979029526948 0 0
10.89615634611135 11.34111085928555 0 0
11.37755905460321 11.66489507771279 0 0
13.57593538864368 13.64988536000485 0 0
15.81413305726554 15.92591780763377 0 0
15.9858477127904 16.53699072482398 0 0
17.60715606191448 17.70081219948656 0 0
17.78375457162945 17.81696801231405 0 0
18.14533161479493 18.32494396638045 0 0
18.52563547335359 18.58182344001175 0 0
19.44865851625881 19.60515719614338 0 0
19.67803463343623 19.91605903943635 0 0
19.94420546929733 20.18037218522897 0 0
20.42092118194066 20.44495803693333 0 0
21.32669371613747 21.64061452908815 0 0
22.38994619456385 22.63152211849726 0 0
22.7191785209433 23.12434672721899 0 0
23.27542500072845 23.68584945215601 0 0
24.31678773882559 24.63055863437202 0 0
24.65645573186811 24.88739899217702 0 0
24.95319021022399 24.97182625362526 0 0
24.98542494283828 25.80380125687996 0 0
25.99319800225172 26.04037949769031 0 0
26.14243096016712 26.32337084539054 0 0
26.38882951656305 26.75831432257861 0 0
27.6127680549063 28.05757503198835 0 0
29.37148897222804 29.46073619433618 0 0
24
0.08516554854093172 0.5521358072770733 0 0
1.389588129291025 1.652642784695826 0 0
4.179991619920904 4.262013828902387 0 0
4.770794980385902 5.34627871019762 0 0
5.457055550047381 5.848203793245784 0 0
6.853873115779667 6.923081116570557 0 0
7.101306615901213 7.311691666947215 0 0
7.367165260304063 7.384839973999153 0 0
7.491528218224236 7.562621802962821 0 0
9.158689024983456 9.502577689402976 0 0
9.882041397778607 10.03951903670692 0 0
10.25928686831604 11.54449411950115 0 0
11.94578056857284 13.89523958602045 0 0
15.39904505682851 15.65922044649728 0 0
18.72464381844062 19.22951281144951 0 0
21.47248989727553 22.38753099059389 0 0
22.69848422080258 22.91203755226158 0 0
23.39381726310364 23.62231697760237 0 0
23.80778071214981 23.87007396655365 0 0
24.35006034320917 24.71394034803446 0 0
24.79723918785536 25.15055310232649 0 0
25.92910159433211 26.10129485398677 0 0
26.80895399074838 27.14854036375949 0 0
27.57854317247818 27.83485723342134 0 0
