# Status file for ctqmc. Used to save all times t_s, t_e.
10
26
1.76365585049163 0.8232678016762194 0 0
1.927997809775515 1.771365597915236 0 0
3.288507750613879 3.150604575201529 0 0
3.350956950294859 3.322947446991568 0 0
4.046843628008711 3.946953085746078 0 0
4.468682717722251 4.308454627174006 0 0
4.744815162961518 4.706747386058003 0 0
5.663082088784779 5.318796631243258 0 0
5.941428338156416 5.930344358069641 0 0
6.282819874591405 6.126194583125245 0 0
10.00362266657472 9.941567157906588 0 0
11.04818433449037 10.96483966807298 0 0
12.2723182952612 12.26227286710662 0 0
12.95664311678205 12.74137455846309 0 0
13.25945090628243 13.12308503615786 0 0
14.98416980089175 14.95218360913203 0 0
16.65401466002525 16.53916465490384 0 0
16.8467621041387 16.80410468994351 0 0
17.6645223421108 16.84998119470724 0 0
18.25322888947738 18.22812220465171 0 0
20.72047252004756 20.68900281909229 0 0
23.60736862713289 23.52078520399498 0 0
24.86400945344673 23.86948235970408 0 0
25.64196502549608 25.6275702948449 0 0
27.12639820311211 26.41535920612059 0 0
28.86184458964261 28.85727136593414 0 0
27
1.409775296715416 1.246437156157256 0 0
2.92006757961097 2.394034533330613 0 0
6.2645868480886 4.662409562326097 0 0
6.315552366103772 6.300365355061411 0 0
7.152466482318039 6.965817679685105 0 0
10.44017381619018 10.43797765240829 0 0
11.41719689712006 10.83692438028403 0 0
12.66753946522865 12.6060304594289 0 0
14.33614881114074 14.23858291988356 0 0
14.64451169825539 14.6097438535384 0 0
15.48812373556992 15.38481198202021 0 0
16.5650357204652 15.93159488154804 0 0
16.75662537075873 16.61450431965773 0 0
19.88845319664929 19.32781031678083 0 0
20.94556039774039 20.88742350277157 0 0
21.54265379470442 21.33208913537629 0 0
22.12397188444883 21.89475967963666 0 0
22.43388190641878 22.2289792797157 0 0
23.734537314057 23.46429151754969 0 0
24.21197929748654 24.14067621543028 0 0
25.40905561114671 25.38612526070747 0 0
25.5107620428656 25.44414369689903 0 0
25.63574272611396 25.58457278649121 0 0
25.90665500540162 25.86751814367974 0 0
26.88650739409137 26.85065704456434 0 0
28.49817863289614 27.1708693714658 0 0
29.21143737729688 29.15690734181592 0 0
9
0.5607285399106736 0.5530059794947573 0 0
2.232883348863453 2.122452638895711 0 0
2.319637086899383 2.285504531050095 0 0
5.398804346792464 5.388241648747913 0 0
5.59785411416339 5.595053686699853 0 0
7.888356560619326 5.616286207321606 0 0
15.25854130034178 15.23046286736296 0 0
15.88924125940861 15.78055243081698 0 0
18.23373718925569 18.11804971934546 0 0
26
0.5130761319151069 0.488262327078516 0 0
1.044711236771857 0.896654851353226 0 0
1.336739556711435 1.328357746365056 0 0
2.185623711320332 1.752359438726192 0 0
3.802629819492612 3.7557481037774 0 0
4.128440372216549 3.969173247080379 0 0
4.248270300189986 4.158710022898851 0 0
4.4098888902839 4.30890482206982 0 0
5.21494568659465 4.669765594215261 0 0
5.776534123154275 5.756100828401763 0 0
7.568108860827138 7.091257172431988 0 0
10.41590517520971 10.25980191291033 0 0
10.75307039046264 10.74845001150007 0 0
11.03568440924497 11.02557533358552 0 0
11.86950094325289 11.76538487654351 0 0
13.06065578741472 12.52358132497236 0 0
13.93845335001205 13.87376471510991 0 0
15.04310994783785 15.03319752796045 0 0
17.12745951066778 17.07743911203264 0 0
20.65212949526131 20.65209314667757 0 0
23.3800314526914 23.31856768266889 0 0
24.14645178909806 24.09371331349619 0 0
25.26540683317478 24.85577257762467 0 0
25.76063523728199 25.55477033335092 0 0
25.85352296216653 25.81718899916554 0 0
29.10761803813285 27.64273386956479 0 0
7
1.576692099070452 1.513949218087621 0 0
1.984060401517805 1.87027215089207 0 0
13.44323560388666 13.25968867369433 0 0
13.5791057010478 13.5635034909515 0 0
17.07461757562528 17.01219351268615 0 0
18.69496236286444 18.55168877631933 0 0
28.96138490603093 28.90271620551558 0 0
37
0.4515261345920545 0.4221050824787334 0 0
0.8681703599775722 0.5190192467011736 0 0
4.414636237810741 2.584528882020677 0 0
4.63386205298986 4.451303523570715 0 0
4.974639932175336 4.857903393185433 0 0
5.485002818576821 5.477752365988493 0 0
6.776862953323088 6.686434198282084 0 0
8.616423732767238 7.724629235396457 0 0
8.79139187000011 8.76941701742701 0 0
9.598578792935937 8.8029751520298 0 0
10.05233394845012 9.939069802603619 0 0
10.62247431530665 10.58839426048607 0 0
12.47799908386617 11.43772389501527 0 0
12.72533305550275 12.71535787767675 0 0
12.96916435726947 12.78812529304275 0 0
13.7052136454275 13.68463606475822 0 0
14.1688467624355 14.14755390334821 0 0
15.30751132086787 15.24307701696648 0 0
15.96544294599399 15.42338429736055 0 0
17.80742735373279 15.96629871656835 0 0
18.86391322013299 18.05481981482905 0 0
19.78754466406797 19.0826362979549 0 0
20.06685304224812 19.97899506606202 0 0
20.54246509662332 20.51198201904369 0 0
22.04213899398646 20.91528053281568 0 0
22.44866094452526 22.36446261184879 0 0
22.74247756880821 22.71839630734394 0 0
23.47382860662205 23.00052212115336 0 0
23.86520150520087 23.72876726917996 0 0
25.01039506103282 24.0672419341711 0 0
25.26007538580082 25.23482205289152 0 0
25.57189604073498 25.4484948606778 0 0
26.31649045305744 25.79888390161585 0 0
26.68479927983345 26.53413567471482 0 0
27.67714110885068 27.59764681770267 0 0
29.12444188837486 28.62055248992573 0 0
29.77173332279139 29.58842913706003 0 0
23
0.4090235383791789 0.02615734965573324 0 0
1.05528585300858 0.7019407474197801 0 0
2.53690854957495 1.344530678208457 0 0
3.314518148978352 2.572235262662074 0 0
3.742644294455341 3.553105608491383 0 0
4.389629357301623 4.132865050089383 0 0
6.827932836081228 6.514517448180891 0 0
9.610002837374777 7.408045747684641 0 0
11.7672717260121 10.54352533948541 0 0
13.62530004497378 11.83469759890167 0 0
16.02751512315357 15.62168809931667 0 0
17.74241179668696 17.19582329233445 0 0
20.18173222022223 18.41381961726459 0 0
20.62446093681521 20.54676770368525 0 0
20.7643549776439 20.74075521540499 0 0
21.16364125517518 20.96378469430424 0 0
22.93081094664194 22.77612818370635 0 0
23.47363580669509 23.15796339127433 0 0
23.80234195802762 23.65963959712238 0 0
24.54376068754596 24.15937097368367 0 0
26.39328664999342 24.85873408666358 0 0
27.64245613412751 26.90249368777907 0 0
29.98805854361039 28.76280564326411 0 0
18
1.191439180678636 1.533663945785637 0 0
1.555575776938937 1.591305138536714 0 0
4.781549500895956 4.857014258193924 0 0
5.422880717733831 5.470435811290862 0 0
6.497225461459077 8.657921747875761 0 0
8.679687438784882 9.567994543050997 0 0
12.21904144909146 12.28197525109741 0 0
17.3525004560886 17.82438532772203 0 0
18.11525204727953 20.70901822883519 0 0
20.91780137855174 21.45844687914864 0 0
21.4984992656421 21.5083006817081 0 0
23.71318399278847 23.96153280863719 0 0
25.75228184501421 26.27766575651266 0 0
26.30994566674083 26.41761708068317 0 0
26.76883678536533 26.77576275801995 0 0
26.97935378365623 28.31279152671327 0 0
28.47156195480628 29.3628353326018 0 0
29.85696809664089 29.86676438974805 0 0
27
0.2509416545471019 0.9368687054669647 0 0
1.375406429273913 1.522129380930055 0 0
1.713801104488932 2.210991199519801 0 0
2.290633647878874 2.444405080156764 0 0
2.486332348987402 2.734579819040025 0 0
4.17292720979555 4.222274420395451 0 0
4.35209359212238 4.441222111496311 0 0
4.959629685322483 5.908092976172004 0 0
5.970879329505729 6.489307605823831 0 0
6.583425135156148 6.637647754450959 0 0
6.813252739182232 7.322514018732818 0 0
7.66967955579381 7.679127837273941 0 0
8.607584063593446 9.020981177216573 0 0
9.387377639225889 9.390487714925154 0 0
9.416068645664053 9.594789837987657 0 0
9.600814741939578 9.697562308977446 0 0
10.45920122106614 11.91010315864621 0 0
11.94901008721358 11.99152378282356 0 0
13.64429219853438 13.72802307001349 0 0
22.67262268802518 22.85846825695714 0 0
23.91505219146466 24.2179057807761 0 0
24.27613074195699 24.30464692226755 0 0
24.5384626264424 25.31576632340968 0 0
25.31715867188519 26.27151065941761 0 0
26.37937653680892 26.81474360741885 0 0
26.99543929974033 28.68898381115867 0 0
28.69247715245575 29.78450051390459 0 0
22
0.1559012301000919 0.258968443501494 0 0
1.430774556220697 2.214223528342293 0 0
2.70446400680565 3.876750264275798 0 0
3.917448939151845 3.936421014220539 0 0
4.459144465690522 4.540093913361136 0 0
6.304381091219414 6.332056388248624 0 0
9.995941301535657 10.19625644792895 0 0
11.00071498375475 11.10997770349065 0 0
12.06048571586335 12.12438852494756 0 0
12.95991180450083 13.14657271437269 0 0
13.18092204918393 13.58078908713916 0 0
13.90258099168014 14.13207984643896 0 0
14.81946071677607 15.7905691660147 0 0
15.86345326861263 16.58668332086186 0 0
16.93583355967067 17.39973968714071 0 0
17.45699500575356 17.74936385709464 0 0
19.24435745326082 19.61892186603322 0 0
20.32449695566975 20.48846506939884 0 0
23.5471291025466 23.67431812128306 0 0
24.15627472750721 25.61237122252194 0 0
25.98227002512196 26.17554157791265 0 0
28.23317684465039 28.35458095342639 0 0
