# Status file for ctqmc. Used to save all times t_s, t_e.
10
29
0.56820660770628 0.4453531167976787 0 0
1.869042314121727 1.807089715600674 0 0
3.351131551824019 2.393631254782842 0 0
4.536644452284914 4.23864096122488 0 0
5.521583321355258 5.509554974674063 0 0
6.138135974619503 5.686536180360919 0 0
7.018362637611244 6.894940498926134 0 0
10.06774681840655 9.979125643945727 0 0
10.47774559860169 10.31813950352923 0 0
12.59005656530373 12.10979342994795 0 0
12.70972299226513 12.69030460554477 0 0
13.47968469126269 12.80702150819072 0 0
14.43770863744836 14.35408253670058 0 0
15.35047156480451 15.30278270881796 0 0
16.58304191795893 16.54450628989798 0 0
18.46330347421441 18.44199059323426 0 0
18.65420091084412 18.63609756146223 0 0
18.95562340143377 18.93655789577132 0 0
19.34069968423185 19.11566142325646 0 0
20.7413232511703 20.47368620126288 0 0
21.8594125225295 21.83855635156396 0 0
22.50280397214408 22.252417297532 0 0
23.19490661888742 22.92724050714809 0 0
23.50640056252323 23.44805625910152 0 0
24.14350505143706 24.06758863468571 0 0
24.46718012769421 24.31672939647927 0 0
24.61209975708931 24.54067536150027 0 0
27.49147381232006 27.40423239802776 0 0
29.3481676514698 29.07711733712271 0 0
27
0.6388622234359289 0.6068663496122966 0 0
1.411186424830523 1.394316559490347 0 0
1.739074217320929 1.713854625977077 0 0
2.125222946364264 1.76284794499368 0 0
2.435158957047532 2.340292519065347 0 0
6.554756247769655 6.504133950275888 0 0
7.519377134846618 6.650366532885354 0 0
7.806034081046863 7.721575762415142 0 0
10.40003573174047 10.39245618456703 0 0
10.86164752214105 10.80014558168518 0 0
11.39278455885058 11.28863698894417 0 0
11.77796708721446 11.72015364969129 0 0
13.21570910538434 13.20729904415126 0 0
13.995135792267 13.75061159960315 0 0
14.15154824893273 14.00654659201247 0 0
15.52630804225464 15.45527256989513 0 0
18.29728730915413 18.20958875739723 0 0
18.91725968519125 18.37466834417121 0 0
19.78410947782945 19.74661995051883 0 0
20.54416686618852 20.46861512496541 0 0
20.85320977853574 20.764934634845 0 0
21.83582663925646 21.80953521131149 0 0
22.98204648324976 22.96709262422864 0 0
23.38214223885453 23.3639970068633 0 0
23.45686854674084 23.41006500185375 0 0
23.85915178605839 23.77117101713856 0 0
25.66069276196828 25.51700042164263 0 0
12
0.389288919822366 0.2155026499916524 0 0
1.413011891231568 0.6618177324950334 0 0
1.743358923528779 1.601316525573605 0 0
5.276469865715562 5.193596715640576 0 0
6.697580324312201 6.556809953590446 0 0
15.00894552531603 13.28754133279879 0 0
15.85434135475312 15.83508154996686 0 0
16.41736185508666 16.37872672133851 0 0
17.78370460382508 17.73316280506147 0 0
18.43616058010637 18.0700537168488 0 0
22.31183359077183 21.7085901723242 0 0
23.28445490222904 23.20337537064991 0 0
30
1.428463562835216 1.2409800498457 0 0
1.593704445305739 1.482817840044938 0 0
1.96128254725517 1.950701719131689 0 0
3.470312384935223 3.465804170362053 0 0
3.921419897840171 3.903812332959993 0 0
5.082509338518904 5.064560377135506 0 0
10.39255646767498 10.35073644875882 0 0
10.77299315791633 10.59956561866395 0 0
13.20597830217698 13.11412990868075 0 0
14.47842110940102 14.01687593595239 0 0
15.16421864526248 14.69055924486038 0 0
15.8865488228454 15.27303666953892 0 0
16.09404333797794 16.02513092683135 0 0
16.8039953295955 16.58450849356113 0 0
18.03760499644902 17.95075426779491 0 0
18.58958097998267 18.49568106137045 0 0
19.81362409431057 18.72174995029867 0 0
21.26176096036061 21.18288991019842 0 0
21.90879365293792 21.6681122528206 0 0
22.01521745866447 21.98124407765224 0 0
23.36914253027439 23.20922429745679 0 0
23.90441655637349 23.8395626124299 0 0
24.2609985453016 24.24060534105625 0 0
25.13359128060106 25.08614645180537 0 0
25.90094471794354 25.84773455629774 0 0
26.35183835519549 26.25041683895425 0 0
26.87060794524362 26.79112692414402 0 0
27.22948678778878 27.15322708893373 0 0
28.95858063859052 28.82086912083741 0 0
29.97075485175609 29.39745923876729 0 0
9
0.3760425765915361 0.3464419978731605 0 0
4.655668912392787 4.56684305573464 0 0
11.70184762367412 11.34832502098257 0 0
11.98037563791302 11.97916715852705 0 0
14.28259176099237 13.85876771694629 0 0
15.30973191747259 14.83664583191771 0 0
16.20537257581221 16.15263740599546 0 0
24.31500343783275 24.13693894836709 0 0
30.03440004228979 29.96331184016929 0 0
34
0.7168245285461552 1.722339163728005 0 0
1.793451273417266 1.835744064699674 0 0
1.900115183546138 2.750582813408887 0 0
2.885955986879602 3.01570370480683 0 0
4.29974409251692 4.383054452977834 0 0
5.123084813539753 5.54240636719095 0 0
5.838167709531653 7.565967208995501 0 0
7.784115158552917 8.132062448056551 0 0
8.679314443170661 9.265723945222163 0 0
9.931029268757413 13.33718067695809 0 0
13.74062090919166 14.26262957555212 0 0
14.48491868124644 16.4209256590761 0 0
16.42744013136334 16.49740931610846 0 0
16.54465553872141 16.69397696685429 0 0
16.75826577331757 16.88022149951938 0 0
17.18178682490839 17.52924172602882 0 0
18.02832837595284 18.10744594111189 0 0
18.18994987476916 18.87372777422881 0 0
18.98688408496756 20.0060466445107 0 0
20.0298260524253 20.25364171572017 0 0
20.58763287433698 20.75221764150338 0 0
20.82885935680799 20.99655262229596 0 0
21.08050448940338 21.44374956121131 0 0
21.46583165683737 22.20389368947207 0 0
22.3071110840247 22.8988057937735 0 0
23.01894022385705 23.34408276096428 0 0
23.39159427845532 23.5395443222989 0 0
23.5867839229287 23.66714669562552 0 0
24.42829040649368 24.53466194608497 0 0
24.67189201036544 25.25643121655228 0 0
25.64745883885773 26.67416465772986 0 0
26.77210079072289 27.4258493409876 0 0
27.73714630284092 29.22404566284985 0 0
29.43782695250456 29.71175590428969 0 0
29
0.8582653746523364 0.8263027687807 0 0
1.578964370339395 1.534959737645479 0 0
1.830235067611312 1.705379077949413 0 0
2.054093442789155 1.928837487452222 0 0
3.372315284214929 3.221141942523878 0 0
4.21827476661618 4.172874697614002 0 0
4.262080049286119 4.224472488769542 0 0
5.546761165685914 4.474637543535286 0 0
6.086161577192419 5.631886265166576 0 0
8.360815277068097 8.16637763152133 0 0
8.959560703440893 8.826151196246894 0 0
10.78851832042607 9.429235587405296 0 0
10.94682317193985 10.86307079541116 0 0
12.29378278903428 11.37006736770551 0 0
13.40326311168639 12.44107419120958 0 0
13.91108175864895 13.62523087086366 0 0
14.66220877674514 14.36211054651883 0 0
14.86098593928087 14.74280757750398 0 0
15.44267542005963 14.89938961330347 0 0
16.0811933271858 15.82013527109846 0 0
17.55016133134109 16.72618868908105 0 0
18.7376025523389 17.58286073019221 0 0
22.90026235841153 19.90993925385694 0 0
23.06558280302521 22.9805102125392 0 0
24.13632985781483 23.2518885830352 0 0
25.49088940329689 24.19761689140159 0 0
25.73566609108448 25.68032614621902 0 0
29.1638704741705 25.80756965274544 0 0
29.35417479880406 29.32487501385057 0 0
17
1.181253447154529 1.391100648180755 0 0
2.395898612796924 2.446250705138314 0 0
4.536793321180202 5.364292902631782 0 0
7.908288181634935 7.977467906985875 0 0
10.31711409388932 10.53477887451736 0 0
10.55585301766989 10.70917229472656 0 0
10.72417194051719 10.88480983910268 0 0
11.30476646930475 11.70857141839844 0 0
11.71540316726066 11.91809578237493 0 0
13.03068984257422 14.01011845692465 0 0
14.13569087512758 14.85303865701833 0 0
15.51051806132685 15.52755062766806 0 0
16.31774515431296 16.64153508284281 0 0
17.5965831939692 17.84668956774717 0 0
18.36344562793762 19.02193524362474 0 0
21.00590410192558 21.85278402295532 0 0
28.84253063466078 29.0718761592188 0 0
36
0.02841110384432 0.1880102182603534 0 0
0.4810419306468864 0.6385909723259111 0 0
1.018411080271321 1.502911487195348 0 0
1.672925999025146 2.986610553019013 0 0
3.224327042823043 3.542767933365539 0 0
3.861241362672305 4.215336512871823 0 0
4.705727229262859 5.079708846196253 0 0
5.592051374619774 5.71257086687949 0 0
5.956226099200628 6.142378146555295 0 0
6.413504653579038 6.431603064570486 0 0
6.547648284150111 6.847338306384432 0 0
6.848833801409912 7.022010375201721 0 0
7.2757699271644 7.413075238590801 0 0
8.766762677879527 8.983823708754525 0 0
9.870392089003699 10.1204737968426 0 0
10.66896795591317 10.67990763949169 0 0
10.73072050084721 10.99091826879648 0 0
12.44098529008275 12.726014024012 0 0
13.55440122617016 13.69536471514981 0 0
13.78378520977393 16.20474438963755 0 0
17.36617779227094 17.58299325373369 0 0
17.71828501014996 17.94374391977148 0 0
18.56052918137213 18.72842750342083 0 0
18.74399679262882 20.01648877964315 0 0
20.17880581310781 20.82742480266663 0 0
21.51763752310321 21.90077591406983 0 0
23.48679619566259 23.82804793122489 0 0
24.09988475586485 24.26845501598549 0 0
25.23748439490641 25.35169177484533 0 0
25.86160000296917 25.92727562222228 0 0
26.00661122789869 26.73074927708685 0 0
26.75490883822075 27.04175491542069 0 0
27.13815242447641 27.32616386895958 0 0
27.37998938135766 27.66726988108302 0 0
27.68063856296639 27.73002639945111 0 0
28.17251319836725 28.44643658853839 0 0
20
1.590804612771503 1.687829240208394 0 0
4.509997752754226 4.576938706869324 0 0
5.139797814983017 5.228150857298253 0 0
5.924479922464911 6.259999776362877 0 0
8.099661125908973 8.201264385004912 0 0
10.51134724098818 10.5670553650898 0 0
11.09590019506505 11.11544762303792 0 0
11.35088182063026 11.42400549207546 0 0
12.86144645792358 13.10762296121432 0 0
13.99523752063672 14.26879998962406 0 0
15.93292288577301 15.97511693238305 0 0
16.47902277575873 16.65055527091401 0 0
16.97626341742172 17.15974696295766 0 0
17.34468748727792 17.45305772750172 0 0
17.62596840059001 17.84114144778243 0 0
17.94745874767278 19.22157661222382 0 0
20.33117522340717 20.44154356686408 0 0
23.22718635665287 24.77150153957612 0 0
26.51026053050068 26.74248459383613 0 0
29.23732569218536 29.95245022957962 0 0
