# Status file for ctqmc. Used to save all times t_s, t_e.
10
19
0.1037680113502013 0.08533517666122137 0 0
0.2289751969817324 0.1744422627531284 0 0
5.487838036349452 5.481485822084643 0 0
5.816627809301247 5.748704709933778 0 0
8.853392928800616 8.835769342041186 0 0
11.7474689510965 11.70002721721148 0 0
13.82421879404432 12.97129546811345 0 0
14.79825090637755 13.83794357590786 0 0
15.51405081987936 15.41074422130704 0 0
16.18250953255012 15.98731093840754 0 0
16.58061061327322 16.44039024703362 0 0
16.7169263603035 16.66042537149092 0 0
19.03987340650012 18.94557751727427 0 0
19.5339523451732 19.47831718363315 0 0
19.86555198170284 19.74506740467904 0 0
21.12353480716035 21.03264802597639 0 0
22.5253679045832 21.85003425900596 0 0
24.73300211611797 24.5904316933377 0 0
28.32121652808103 28.2478505014835 0 0
20
0.03821549274469405 1.005793088141975 0 0
1.487456836639131 10.44106408200998 0 0
10.44516123871212 10.62344088406151 0 0
11.54433391318105 11.61672873888462 0 0
12.30173773165584 13.83273634516601 0 0
13.88823902108865 13.99427597912239 0 0
14.01769552885784 15.58375129798549 0 0
15.59175241439897 16.01833476812007 0 0
16.0509863910908 16.16814761877048 0 0
16.28372355758563 17.56492663945083 0 0
17.58746564361137 18.44306320929046 0 0
18.4914129676803 20.31002824153786 0 0
20.43539962370775 21.25334967534162 0 0
21.28137379905329 22.64172511640966 0 0
22.64461903948009 24.53095785479545 0 0
26.59746393475265 26.68537418499413 0 0
27.42581813781747 28.16194212195788 0 0
28.71202559627399 28.76399810357906 0 0
28.77074360570296 29.41351600507365 0 0
29.42086030131165 29.85604981721968 0 0
11
3.820489598176812 3.761651726584399 0 0
4.31166965448251 4.297759637634807 0 0
8.663539932267931 8.368796890596021 0 0
10.9659616370478 10.96086137633661 0 0
11.78754375356202 11.68721866680186 0 0
12.65374529275534 12.53753188907871 0 0
14.83895188496628 14.33458492448487 0 0
16.54535286407889 16.53117126990928 0 0
17.96796230787562 17.96390594680649 0 0
18.65107471201066 18.6182747098076 0 0
29.84903903963388 29.51590557031836 0 0
29
0.220439609019576 0.2973261584722064 0 0
0.6824463568518169 4.929418299240158 0 0
4.938797461955025 5.576532954009875 0 0
7.540122490624515 8.909035444502297 0 0
9.504613571212898 11.46768545074843 0 0
11.48763195732294 12.05673150984265 0 0
12.92258930213828 13.16117281110805 0 0
13.65340513903304 14.54890845470716 0 0
14.82035483936544 15.04761222245762 0 0
15.0612463009578 15.7152831250265 0 0
15.72457428137464 18.13536346475453 0 0
18.9579916637983 19.07784097894849 0 0
19.15686392386822 20.73123595071837 0 0
20.74228915342557 21.99994152636534 0 0
22.07325134973614 22.97259156344166 0 0
23.01105750414104 23.36562732268439 0 0
23.42604858989687 23.60326957342202 0 0
23.78143756910155 24.06577600873213 0 0
24.13710464463037 24.24095985672499 0 0
24.52223964885367 25.60917841286282 0 0
26.31000838294297 26.64858404868307 0 0
26.68210694370088 26.68938035852426 0 0
26.74382864946743 26.85947519836622 0 0
26.89273752586141 27.01229658002672 0 0
27.31446930345821 27.55279680651205 0 0
27.57023674413526 28.20615287598442 0 0
28.2497609230255 28.80177602826045 0 0
28.94024790481896 28.98387295862702 0 0
29.48702249158288 29.56633413742465 0 0
10
2.419415193497027 1.893586915218545 0 0
4.792072652565995 4.395286928738297 0 0
9.653406554261469 9.634269351134519 0 0
11.71746287832251 10.94081460987655 0 0
14.49717275855011 14.34542251062964 0 0
19.73748485273027 19.64509838926671 0 0
22.84647932102116 22.77680447908766 0 0
25.49521913835194 25.2360190137055 0 0
29.31091153084526 29.07978045249497 0 0
29.90609630912644 29.88189332270453 0 0
25
0.4566748315469797 0.00452242042321771 0 0
1.281719764343539 0.9675272526872754 0 0
2.800729200095563 1.320454404460883 0 0
4.489216192512541 3.106909480539342 0 0
7.225976532316626 6.237705458754058 0 0
10.23616731340344 7.351607841147893 0 0
11.41619844049355 10.23623658894555 0 0
11.67910242554342 11.66329000424602 0 0
14.4724280219007 13.39405646273892 0 0
14.89939953890766 14.69274263684285 0 0
15.47800765673715 14.97742989475944 0 0
15.88684993098514 15.57391898575847 0 0
20.64221730596933 16.11123096562293 0 0
20.93152258790275 20.91884034611117 0 0
23.64720445478432 21.37411989548284 0 0
23.9057093164387 23.88776876988998 0 0
24.00512321119906 23.97263065162416 0 0
24.23583858588037 24.19418250129874 0 0
24.53963730896695 24.53393679218112 0 0
24.95282472943519 24.95166585405224 0 0
26.75881934528076 24.97085409872967 0 0
28.70513815482493 27.70488447134417 0 0
28.94735934189319 28.70769798828005 0 0
29.1006406115477 28.97162081699505 0 0
29.47829281462376 29.29886860866684 0 0
22
0.8728149670161223 0.1380563539458493 0 0
3.262168362243861 1.174124412596986 0 0
5.541923810323631 3.39313134792418 0 0
8.2942695199215 6.259536121054865 0 0
10.44632898117966 10.28964872654817 0 0
10.69670178343657 10.69608515741635 0 0
11.25002330360914 11.20745816984401 0 0
12.72506391482652 12.6789736397034 0 0
13.36846906670218 13.03539366354797 0 0
13.66333070748624 13.51805509782432 0 0
14.65593751506664 14.12901080669715 0 0
15.00755849968523 14.90432669463888 0 0
15.70640128060959 15.5123119855114 0 0
17.89657901221431 16.03194339642192 0 0
19.38674045165629 19.36315259014573 0 0
19.74310435633677 19.59330030845488 0 0
20.70056429260185 20.65356108928114 0 0
21.40397636246012 21.17890674256257 0 0
21.95636892827732 21.59609812214074 0 0
24.68663928930756 22.0183687232364 0 0
25.0938499299277 24.81603144559976 0 0
29.7773769112755 28.81763835334398 0 0
19
2.029375017728449 2.129722279344869 0 0
6.019368239695253 6.077265194480627 0 0
7.397895728723182 7.608273919422058 0 0
8.18732171788483 8.220034994441798 0 0
10.35833687639653 11.26471107186051 0 0
11.36629534261721 11.46799257530144 0 0
11.73993340333074 12.65486486040143 0 0
13.01422574187007 14.84709704380215 0 0
14.84938493948586 14.98771558654748 0 0
15.39774546290902 15.7434943526147 0 0
18.32943801548957 18.33084211848333 0 0
19.51907340583642 19.67426144635802 0 0
19.77174174334264 19.94955769761568 0 0
19.97131220466816 20.04516269886481 0 0
23.56141049403961 23.76029470081386 0 0
23.91996401062372 24.11416907430398 0 0
24.28754708256878 24.71505273641942 0 0
28.49900208554458 28.55241895251344 0 0
28.56158403972989 29.32694903864509 0 0
28
0.9316657183171004 0.1075389789630421 0 0
2.608688852938161 2.114225534559541 0 0
3.411234247906328 2.623555894191104 0 0
3.781281492875169 3.725376239936406 0 0
4.346927904145887 4.277286421579706 0 0
5.587001189034687 5.31940593935563 0 0
6.402774458464252 5.900563626790768 0 0
7.097944484888768 6.920874613219927 0 0
9.517404602591606 9.508329398192238 0 0
11.91377937611828 9.827415932436192 0 0
14.52007243975833 12.09761975213808 0 0
15.13420338160245 14.93988902849052 0 0
15.50956777938025 15.14472856780815 0 0
18.66748164965174 18.39280395637719 0 0
19.68542252751572 18.81990676222633 0 0
20.26394437721772 20.12633747207433 0 0
20.62415062513284 20.59276909431459 0 0
21.21360031647349 21.20855809668102 0 0
21.44559491428716 21.3017136523536 0 0
23.55703114487418 22.7462903415949 0 0
24.39536435363074 24.24270317546796 0 0
24.72122230494681 24.61443897242727 0 0
26.01679180913696 25.9667179431432 0 0
26.79540180258845 26.76401713378326 0 0
27.28656274475097 27.14079713835606 0 0
29.69166471216647 28.34736516286776 0 0
29.98352687558811 29.78268318786353 0 0
30.05568005962596 30.02538258092815 0 0
20
0.1125569322045197 0.01175928326738074 0 0
0.7792104303618655 0.4204044894312158 0 0
1.393780883432717 1.324101835798771 0 0
1.874134622086771 1.70831906755418 0 0
5.434313301310984 2.875087242138724 0 0
6.18065771838959 5.844427821493619 0 0
10.14049007475654 8.427181819578333 0 0
13.03043788454858 11.51263523066301 0 0
13.85980069837723 13.73228417949811 0 0
14.53012868871817 14.46883892660169 0 0
16.23580601597321 15.12821074840733 0 0
16.62389575091663 16.4857100363565 0 0
16.73906535762659 16.72053272892531 0 0
16.97769393805068 16.97387989631194 0 0
18.1740862563209 18.04715768000236 0 0
19.24934968927595 18.39399171621826 0 0
24.74100780280055 19.55355436434586 0 0
25.19178814121679 24.8983653137368 0 0
28.76254744947381 26.51080322597268 0 0
29.97773270037106 29.21448072902389 0 0
