# Status file for ctqmc. Used to save all times t_s, t_e.
10
21
0.1360243649909663 1.217488425465527 0 0
1.54050595940318 3.696092032243198 0 0
3.699370946433868 3.822472481951387 0 0
3.871843383251483 4.502046230133237 0 0
4.621096090638338 6.548145750535239 0 0
6.579545783720576 7.797627698227815 0 0
7.854277622938609 9.336685935100654 0 0
9.388409818332226 11.62253614879397 0 0
11.65697090580264 14.59703015493712 0 0
14.64491771992251 15.14904090408292 0 0
17.42355796091269 17.77061612379723 0 0
18.02340983594317 19.64663031254827 0 0
19.7602101808542 20.43860374154914 0 0
20.50206072975188 23.32173091340984 0 0
23.32967844877648 23.73128621738457 0 0
24.0697598013371 26.06819271488111 0 0
26.18480007126291 26.36450200166819 0 0
26.49444617452222 27.45157710226229 0 0
27.46360952913335 27.78503256771373 0 0
28.41126462286969 29.90889197312973 0 0
30.00030995367421 30.04624156780987 0 0
22
0.8209032565022341 1.01425947337579 0 0
1.200053509801741 1.236904307004631 0 0
1.432011457298485 1.67707670387562 0 0
3.769949133828993 6.509778575204958 0 0
6.519508940078861 6.714363084714411 0 0
6.792983301099102 8.184792547599249 0 0
8.380701061845725 11.37384417487737 0 0
11.38605490579492 11.39236319402969 0 0
11.52346070212655 11.58012278445848 0 0
11.59875526982477 11.61028522664776 0 0
11.75085054604769 11.83392708441344 0 0
11.93166227015152 14.43527265750236 0 0
14.5619042947406 14.76651963898811 0 0
14.79472666936689 16.91324037937511 0 0
17.28110400638945 20.08530750470062 0 0
20.0944135717535 20.92436430036981 0 0
20.94616997368212 23.39074678586975 0 0
23.5576617020022 24.38582814787525 0 0
24.39218190634238 27.19442659715331 0 0
28.40892011320792 28.90754495202629 0 0
29.07423887209155 29.56074568408687 0 0
29.68215977306773 30.0183728921188 0 0
13
1.012849267906616 0.04376472100490503 0 0
2.910066243553008 2.894755917282526 0 0
5.476687127869206 5.415197636481864 0 0
8.20719614923796 7.909697166916107 0 0
12.20227094939252 11.92369738482888 0 0
17.09155318751256 16.93427654151473 0 0
18.36282353463184 18.23116828899405 0 0
18.50581261180147 18.3890876545187 0 0
21.18444275142137 21.09533530520623 0 0
22.77076158190211 22.33431040012343 0 0
24.57416567844077 23.91818537581716 0 0
29.76609020238414 25.91692267452121 0 0
29.96269045711307 29.88956789896736 0 0
21
0.2521979701416406 0.1465747279595924 0 0
0.611080268465148 0.4514490640124224 0 0
1.444743171416331 1.309805216962022 0 0
1.815905146176867 1.768152941437375 0 0
4.86599796319731 4.768261361649424 0 0
5.28694082709811 4.93530686266949 0 0
6.19113210493057 5.812634873497016 0 0
8.415413139504086 8.408094456256739 0 0
8.509568907035892 8.46672897411341 0 0
9.991824899203397 9.894311275943657 0 0
10.55168802436216 10.4921817071428 0 0
18.73336520141375 18.07157888180654 0 0
19.65762157993434 19.61231505127339 0 0
20.072338487218 19.86454765599817 0 0
21.31035661826727 21.24079312504652 0 0
22.91729984637325 22.90147168391082 0 0
23.18220399211657 23.01836237314631 0 0
24.64554068432344 24.40094163672417 0 0
25.61115072936713 25.45819626042632 0 0
27.92002821609693 27.91562336851054 0 0
29.40840476284561 29.3361611843891 0 0
12
1.278404389307067 1.166839384312691 0 0
7.158822496957216 7.089196508474039 0 0
7.840147012749336 7.733721530824862 0 0
9.577306456351236 9.464047171965415 0 0
10.67827372527401 10.52452064904279 0 0
10.83597099886814 10.74793955775376 0 0
11.72832001132525 11.5909198241373 0 0
16.08436515002819 15.70703396285519 0 0
25.19945351467342 25.18839783633693 0 0
27.69674097063784 27.66888774313166 0 0
27.89777497905433 27.86067023957891 0 0
29.39394418521038 28.97740529530143 0 0
35
0.6379089409572067 0.2629706889108935 0 0
1.181522592414344 1.125966485208329 0 0
2.311004782306521 2.055622593632636 0 0
3.049162110850145 2.747906567945962 0 0
3.365556714124185 3.332035022571653 0 0
3.810134116054203 3.451047669256906 0 0
5.054824453599104 4.752887994085685 0 0
6.170178427391059 5.350835849274318 0 0
6.9456415244697 6.650081940207771 0 0
7.4592504210902 7.080971028116542 0 0
7.567362413001317 7.548801241777374 0 0
8.152409573215513 8.03333817639907 0 0
8.904618496030711 8.465815259228053 0 0
9.015756042678126 8.961700480266598 0 0
11.66023789453905 9.189080294879522 0 0
11.9982947587311 11.78318822333029 0 0
13.15425858952998 12.33678081614311 0 0
13.52887537187214 13.51988094585971 0 0
14.36153854813809 13.86174846878174 0 0
15.09318023487446 14.83781803003531 0 0
15.79741417920379 15.76249670444219 0 0
16.19009735045832 16.01349298766215 0 0
16.47351835504413 16.2780187212509 0 0
16.97047717858756 16.93830070715275 0 0
18.04344308433209 17.52116213989655 0 0
18.32152182900426 18.30580152526335 0 0
19.3681423902769 18.3417178861332 0 0
20.76980891168557 19.67844655159355 0 0
21.05506997514445 21.04278395080542 0 0
22.50511258708681 21.9092899564805 0 0
23.30342329368158 23.28982415799079 0 0
25.17294735255521 24.06390623250676 0 0
26.64673138002969 26.51614994889583 0 0
27.57328172040956 27.45437201182041 0 0
29.34378222833602 29.25774084353159 0 0
31
0.3812616374148128 0.1741756779098402 0 0
0.9274173895132911 0.9134196194713446 0 0
4.824067811610484 3.020852915753296 0 0
5.212271193233639 5.11148322317501 0 0
5.742613781036322 5.715768074767628 0 0
7.094084184590582 5.78102180390956 0 0
7.742229296414903 7.738073057325879 0 0
8.264935527465909 7.964810208874856 0 0
8.477060976365493 8.362348243499627 0 0
9.776303342748038 8.688453758860236 0 0
10.99022041052236 9.811840931076574 0 0
11.67239705746061 11.62921922588859 0 0
12.8889312455775 11.87419856017212 0 0
13.52788148096161 12.98494587260179 0 0
13.77512843154001 13.70370979055888 0 0
14.98850436483606 14.05780387880825 0 0
16.79829539364079 15.96723986165854 0 0
18.06306233711281 17.87537282554814 0 0
18.1914816670033 18.18723152087097 0 0
19.43914155368482 19.29247638234232 0 0
19.8639564797324 19.70247990989116 0 0
20.22785258721222 20.04314004469619 0 0
20.42368458128834 20.27336817579057 0 0
25.29460423465585 21.31680135663874 0 0
26.29162751791337 25.6722714268588 0 0
26.39905826064514 26.30816932370197 0 0
26.69704285301776 26.58266625266636 0 0
27.74990052827156 27.62196714361386 0 0
27.98762844634772 27.763740402633 0 0
28.26065503545436 28.2560998674664 0 0
29.8701546801195 28.57127747254451 0 0
18
0.2008502443670892 0.6661832698272401 0 0
1.297841914734236 1.839824623154906 0 0
5.764679789651455 5.869155094002544 0 0
6.390233811467835 6.396943340858344 0 0
6.811495086827745 6.850191056273286 0 0
8.571317794568445 8.866338384910359 0 0
12.47810956189789 12.64604024007532 0 0
13.25109267356639 13.93380450744579 0 0
13.977656967388 14.03947876926411 0 0
14.14803275813491 15.79967022886365 0 0
16.16849285381663 16.21419838957691 0 0
20.48589183233592 20.58054196399958 0 0
23.3983486980402 24.49401839884478 0 0
25.77287884820811 26.20505306073885 0 0
26.6819317226747 26.85030415223023 0 0
27.19845833521513 28.15054421840989 0 0
28.26534500384421 28.75142769202977 0 0
28.81663545716687 29.89767452296974 0 0
35
0.4269870384138752 0.3287648997851953 0 0
0.8730331474046302 0.5691114356315328 0 0
1.248341978817276 1.246080012361407 0 0
2.269570394123695 1.328565627056778 0 0
2.487617363550214 2.484173786135383 0 0
3.094514614183179 2.744297647083262 0 0
4.173048024061053 4.001848490502089 0 0
5.191770019214022 4.449729968682508 0 0
5.473512090281987 5.286950675140254 0 0
5.915778106889538 5.859709236203729 0 0
6.431276433805683 6.105123047071616 0 0
8.608127056596814 7.141905685610355 0 0
11.06669148374799 10.95342595349109 0 0
11.40414598318551 11.4000760957752 0 0
11.76940098035433 11.64699146152883 0 0
14.34496581351878 11.77865629066055 0 0
14.51167703251645 14.35537775603864 0 0
14.83302283774406 14.76569941799796 0 0
16.88796986160615 14.91182037793392 0 0
17.27377585036443 17.22684431893308 0 0
18.76582416302216 17.28753853596058 0 0
19.96126612198922 18.78162564646253 0 0
20.19620321067714 20.13012564964099 0 0
21.39647109351387 20.30015297560655 0 0
22.99590634210882 21.4884634559912 0 0
23.44270377210962 23.08995340265593 0 0
23.94894275383923 23.53500542529645 0 0
24.67148305184954 24.62107587760739 0 0
26.10295334385753 25.89739866672458 0 0
26.76866375790212 26.74801349428878 0 0
27.81353192757476 27.56651271220258 0 0
28.36675679534304 28.2512110157939 0 0
28.44849823293065 28.43804386189036 0 0
29.08881234311704 28.9975458267781 0 0
29.68738222211834 29.31623619953605 0 0
19
3.108571933524249 3.950520151581332 0 0
4.171970384024075 4.34107862643837 0 0
5.092972377848533 5.102898225859243 0 0
10.40293154713507 10.41488148201594 0 0
12.50622216808747 12.52837996708794 0 0
15.64729505217539 16.18025454344923 0 0
16.44655491551553 16.7710568847539 0 0
19.04717441768448 19.37006213775955 0 0
20.43761645394546 20.61683024667703 0 0
20.64771229942262 20.69385477025867 0 0
20.75702886884852 20.76015384791054 0 0
21.18358354404734 21.3306942695143 0 0
22.06964532248494 22.29081048955912 0 0
22.3914209100594 22.43099724948403 0 0
22.82814647484759 22.86630578940549 0 0
23.13641138400015 23.57922486226533 0 0
23.74316019994206 24.49821637017944 0 0
25.15274573294871 25.28014175665037 0 0
26.30752793482388 28.86496067815651 0 0
