# Status file for ctqmc. Used to save all times t_s, t_e.
10
22
0.363400707359542 0.3275841170112699 0 0
0.6601500680922679 0.6013724349870948 0 0
2.822403179560533 2.554660714918561 0 0
3.702784366857244 3.671203095981594 0 0
3.829699852728165 3.706127471692202 0 0
6.57354922363543 6.55296489217877 0 0
7.870161076340764 7.858838122145738 0 0
9.380775648998986 9.337471805973136 0 0
9.877846605654184 9.620296873661987 0 0
10.89174381949322 10.88420968629096 0 0
12.82766586388414 12.69799961399875 0 0
14.18094011433964 14.0527424307027 0 0
16.00639903322712 15.84720801093666 0 0
16.09435128070503 16.07900748589464 0 0
18.43637297054818 18.39218004555414 0 0
21.6122331690946 19.87351611324245 0 0
21.96716108058381 21.75643230669659 0 0
22.20924514010819 21.97638048868271 0 0
26.01988278386942 25.98985116726677 0 0
28.24427511206015 28.19898907238441 0 0
28.35113182428211 28.24558689451757 0 0
29.20104194003891 29.18122567697872 0 0
30
0.6451032835641746 0.6384246799218525 0 0
1.348677523519235 1.309745062707539 0 0
2.109750819167719 1.979686195463434 0 0
5.030104704106631 4.999893428430882 0 0
5.159622154784898 5.112581665116985 0 0
5.658729854639446 5.650318864922044 0 0
5.954793954972999 5.874702179336604 0 0
6.824205267777686 6.71426205042828 0 0
9.674299072953721 9.581932240529735 0 0
10.60962590240438 10.36565388978642 0 0
11.53639947805888 11.40206289983566 0 0
12.48130077785639 12.2178390857667 0 0
12.58344080895761 12.57527557648552 0 0
13.71155962593389 13.52928172991046 0 0
13.79150381224609 13.75134789328734 0 0
14.13110385080149 14.10688772301686 0 0
15.38792531620927 14.18193384614766 0 0
15.58274878569294 15.54279276373877 0 0
16.37406806510216 16.30323295324097 0 0
16.81961933885292 16.76948671034683 0 0
17.28090857756611 17.09777929090023 0 0
19.51502810106454 19.26011603657425 0 0
19.87022819184888 19.73093181959046 0 0
20.67792828071345 20.5768777719486 0 0
21.04657430878172 21.01921066575366 0 0
21.24481494112848 21.11828444164306 0 0
21.72838632573752 21.60505724232996 0 0
23.23174969514868 23.22714130842209 0 0
26.23698744982755 26.1817321976714 0 0
27.97325878107724 27.76149417902139 0 0
15
0.2498430746179451 0.2381631821535812 0 0
11.46253903199701 11.45968558565709 0 0
11.5087857150739 11.48795542992153 0 0
11.98404622570266 11.92669651094424 0 0
12.60624417001641 12.11597782097017 0 0
13.09198319693069 12.88216933751753 0 0
13.65770995756028 13.6481312161714 0 0
19.43910942040183 19.18922301206203 0 0
19.90466386285423 19.51702110720099 0 0
20.4527373328911 20.41201177319032 0 0
20.81262243357613 20.49035960279365 0 0
23.1174377994853 23.09359080834172 0 0
24.02278164081147 24.01193662066225 0 0
25.7879053089769 25.73360922060826 0 0
26.51479581321777 26.50270990695121 0 0
22
1.057971296666456 1.02423474746735 0 0
1.69431363807156 1.114376937374879 0 0
5.617494639185066 5.379459492044396 0 0
6.544743113487099 6.378456363198628 0 0
6.58554132280228 6.545812682346098 0 0
8.10909057505779 7.961393183058136 0 0
8.424014992460968 8.232684415831017 0 0
8.870277307334216 8.817204239123658 0 0
9.618069531829651 9.542224349205151 0 0
10.6483295621667 10.64658848235168 0 0
18.57945681909447 18.3114692759557 0 0
21.08166799559736 20.90227163716937 0 0
22.41935274615389 22.4138673584681 0 0
22.80513715117015 22.72553922606462 0 0
23.48759386336516 22.97785444417968 0 0
24.51750633374415 24.50366822795065 0 0
25.52691918614966 25.51935053912019 0 0
26.12830771202516 26.09174211069602 0 0
26.34344771950927 26.26553970789696 0 0
26.87198064828186 26.80171069476967 0 0
28.50242450642611 28.50220021720082 0 0
29.92083143141794 28.71374062599309 0 0
20
3.025724008246462 2.944886409391976 0 0
4.708045225468075 4.65709529350418 0 0
6.804695699132651 6.46548583896844 0 0
7.353187159335014 7.260922457129177 0 0
7.90920270361533 7.898928438559775 0 0
9.701913680436755 9.455326157540906 0 0
11.82640549704493 11.74715218018988 0 0
13.54165893589172 13.50193978893797 0 0
14.13968376765544 14.04396283926846 0 0
14.49155609223121 14.34896203267417 0 0
15.95227697005411 15.91658465879207 0 0
16.2423964386974 16.11548256725256 0 0
17.13939445977403 16.86187421850078 0 0
17.89134866884876 17.88023404699084 0 0
18.10234523712026 18.03715243688933 0 0
20.3292860714033 20.29462674582916 0 0
20.90047266720203 20.81134011658189 0 0
21.35895792331954 21.21022880248355 0 0
21.5586440120437 21.54539803204171 0 0
28.81462665833641 28.71769551431759 0 0
33
1.46833599625797 2.035621639102494 0 0
2.065955802654849 2.125364828630746 0 0
2.283749217520599 2.787787088877543 0 0
2.811644662311476 3.339771273670286 0 0
4.645136305503319 4.677882562576531 0 0
5.252710162222279 5.276469217483325 0 0
5.357621271409912 5.432644141002974 0 0
5.733156629283663 6.084195619652079 0 0
6.132174790555434 6.20203275432675 0 0
6.215094743697781 6.258413263572117 0 0
6.359386054330126 6.713914006514399 0 0
7.083099143650624 7.89873046424073 0 0
8.450783388989782 8.768912121141813 0 0
9.099759443744013 9.102982338778038 0 0
11.41572033073196 11.70187130662304 0 0
11.77517530197409 13.10254094242056 0 0
13.59513255836605 14.08557508856682 0 0
14.17393653097871 15.55312640929379 0 0
15.55779209076152 15.59953274104428 0 0
16.03384091029993 16.62054820916808 0 0
17.00618431640967 17.16632814816904 0 0
17.79956837338268 17.80199854567567 0 0
18.61935120773847 18.69493743251648 0 0
18.73208356892369 19.02816209887386 0 0
19.05936344163543 19.27290791732351 0 0
19.39844116859253 21.36208839825437 0 0
21.62974466163617 22.48103421627129 0 0
22.50277106143709 23.40334266944976 0 0
24.37265236796875 24.39188647701569 0 0
24.54803089656214 24.72669788443341 0 0
25.00512780453354 25.3792526751059 0 0
25.82035765157323 25.85206504088567 0 0
25.92351262004429 25.964080475479 0 0
24
0.3476627674240308 0.1559870230839557 0 0
1.991474503727225 1.591971150685383 0 0
2.088828321594735 2.062655329232926 0 0
2.564999773514478 2.550517114559686 0 0
3.687326073681887 2.856108964921951 0 0
4.624696200437812 3.792517109005733 0 0
4.827858557629712 4.713745748879853 0 0
5.172111864858749 4.915167208830241 0 0
5.219207946567254 5.207080724262092 0 0
6.457271168538439 6.298292576459138 0 0
7.802829054880512 6.707816130111703 0 0
8.494083672205306 8.494031102967899 0 0
9.421369889472322 8.912808272580287 0 0
12.12442039388584 9.542885269109572 0 0
13.74955551328799 13.34400355097406 0 0
14.89624971818552 14.84011317720748 0 0
16.00119856387837 15.15030491797365 0 0
17.06179548994407 16.52916960607781 0 0
21.08907839618594 17.58736790938298 0 0
22.14207584856278 21.70744949149226 0 0
23.5027757467137 22.74303342451162 0 0
24.28571596400298 24.21454025101548 0 0
26.40957090445517 26.06795847614258 0 0
27.06094467741967 26.91156234613424 0 0
25
1.223500359482697 0.09201823746658633 0 0
1.805987075815051 1.634916151021246 0 0
2.017421658909821 1.912931473070429 0 0
2.156758229060346 2.142762484655511 0 0
3.323976488379024 2.321349257896306 0 0
3.938802331882397 3.894756442304227 0 0
4.058346799890468 4.030325056731159 0 0
6.044602483158873 4.099573537416441 0 0
7.427152986781307 6.286017178049693 0 0
8.599599373124406 8.507772096864411 0 0
9.481793311020507 8.971216553394099 0 0
10.48987846387765 10.06004664502581 0 0
11.48564796459723 10.84558575965031 0 0
14.16334943295844 12.81292941341461 0 0
15.43092197284361 15.10511639975425 0 0
17.65026750967135 15.53181395706736 0 0
19.37768386483696 19.16856606894913 0 0
20.57434120105183 19.50990305992105 0 0
20.90007848320964 20.82567572004015 0 0
24.06582801519518 21.42330237899772 0 0
25.53361892329693 24.10856454342198 0 0
27.85067543491765 25.86322411688055 0 0
28.49362084076169 27.90764857909123 0 0
28.73364418688539 28.68697714363311 0 0
29.87864319267074 29.64561931828456 0 0
29
0.3871566082260058 0.3073123528117245 0 0
1.042846556279855 0.747919956016919 0 0
1.247215648730291 1.213854721542372 0 0
1.560880754098581 1.496762522154944 0 0
2.78403302828846 2.733668046352006 0 0
2.915332521487126 2.882878871638124 0 0
4.331890649886883 3.085313758869505 0 0
4.509843784194646 4.488059122753942 0 0
5.347506197577086 5.255591671786659 0 0
6.186470736377028 5.964280333538012 0 0
8.889353968872655 6.633367511889682 0 0
9.339676894846766 9.31933736838843 0 0
9.547735427653627 9.520788170772702 0 0
10.24566698236142 9.998123317485456 0 0
10.54043417239721 10.37865781901703 0 0
12.62663527409133 10.55612386022547 0 0
15.92751715439225 12.64780338902181 0 0
17.13976853118058 16.34343965009007 0 0
17.62983126238908 17.41564139475754 0 0
18.85167778641461 18.61974597124919 0 0
19.58257607901808 19.19965639824023 0 0
20.11773957019494 20.11528759216237 0 0
21.75928503952887 21.59061602846328 0 0
24.0654376906217 23.85592641519894 0 0
24.20258440885112 24.06860445012297 0 0
25.0407308302559 24.61091908365441 0 0
25.76303698091028 25.53821255230609 0 0
25.88041594281477 25.85109742078664 0 0
29.79540892241603 26.72605875005378 0 0
29
0.0183310300226166 1.080485994404441 0 0
2.673435221948039 2.741184663304253 0 0
3.10803847396611 3.152631360675838 0 0
6.867166001797294 7.261393680704401 0 0
8.563325423855561 8.618194968089318 0 0
8.65157765450285 8.847278867242027 0 0
9.175991603015339 9.411093015132394 0 0
9.42603774853167 10.19624779643745 0 0
10.21893492751566 10.63766402462304 0 0
10.93294454409009 11.66969333728441 0 0
12.04360109783584 12.50392158715145 0 0
13.3562392846441 13.580122794559 0 0
13.69316492582205 13.69571204920885 0 0
13.71099766390605 14.1518054495957 0 0
15.58847175660991 15.61394914185454 0 0
15.71082712928066 15.90982385912946 0 0
16.69331666678149 16.94419261219178 0 0
17.93486434947776 18.04543795315486 0 0
19.37938910945344 20.34812845106991 0 0
20.88727870771071 21.18363746968555 0 0
21.19849601616247 21.93816344939358 0 0
24.4986845221743 24.58968779558642 0 0
25.21332540319106 25.24379071659996 0 0
25.72167077689855 25.85561709656661 0 0
25.95938451292666 26.19482153700844 0 0
27.10970995747076 27.23225237733454 0 0
27.44113010306161 27.56026077423926 0 0
27.72757051515966 28.92558834901049 0 0
29.06819198133864 29.41091181870189 0 0
