# Status file for ctqmc. Used to save all times t_s, t_e.
10
29
1.77270208949206 1.770390936086351 0 0
1.826488945763379 1.800540497951325 0 0
2.550599606895565 2.469507354325505 0 0
4.987679253357261 4.966633176882322 0 0
5.670610281234569 5.479523790974769 0 0
5.913768034859544 5.84696868638652 0 0
6.697444818142005 6.244410711808808 0 0
7.28347687829087 6.781555634888487 0 0
7.9901304184111 7.858317596374913 0 0
8.582703593088681 8.490530299290869 0 0
9.506991943665593 9.356963918959222 0 0
11.53925814521058 11.21163115573995 0 0
11.93176929284488 11.89998899926966 0 0
13.48903123314593 13.06213518131652 0 0
13.95333245152489 13.89678532271269 0 0
15.13726420149069 14.93027692006059 0 0
16.5710638660068 16.24510365309273 0 0
16.94610975168333 16.87237862295255 0 0
18.05597707427697 17.53787693187659 0 0
19.05636444296137 19.04897412429593 0 0
20.68143382167393 20.65332401442441 0 0
22.34598954448919 22.24564325441721 0 0
22.51037079978937 22.42388556462854 0 0
23.10645808110968 23.09982964153489 0 0
23.75868655521817 23.63849611365438 0 0
24.07146485921569 23.82012854921993 0 0
24.32725287482544 24.29992600348398 0 0
24.98956565213208 24.95610431874803 0 0
26.24239658040796 26.04288369699476 0 0
16
3.936164373093051 3.923187268684175 0 0
6.27446434556772 5.015551253430341 0 0
7.017090909588469 6.746576991058053 0 0
10.17604564441431 9.531547039527837 0 0
11.239174432087 11.1455597147031 0 0
11.4129151713 11.39737656449234 0 0
13.61258059447855 13.54921595727767 0 0
14.70061372931076 14.63361176464825 0 0
18.82273742969979 18.69591442205131 0 0
18.91713951730663 18.87237722560337 0 0
22.38151606408955 22.31228221709056 0 0
22.93629403900822 22.67371955311525 0 0
24.82348023614347 23.08333730088724 0 0
27.29537245088643 27.16370180659732 0 0
29.70542050798335 29.34142466066885 0 0
29.90440811877376 29.8902961974382 0 0
11
1.72872763579349 1.651304241434621 0 0
6.080582576755394 5.608252158904656 0 0
7.265930690478251 7.244577228147477 0 0
10.54975714264137 10.50056354796554 0 0
15.47898186523748 15.46282097800555 0 0
15.66440961126051 15.60848876480894 0 0
18.38244014458883 18.1399768536239 0 0
18.43067419515813 18.40648934367732 0 0
20.76320078791938 20.51112258205292 0 0
26.3564129139766 26.30811255388799 0 0
26.44225185203824 26.43526609233963 0 0
23
2.505621120599722 2.409246733513714 0 0
3.499838168327634 3.248195792784577 0 0
6.995095999898046 6.196145115942257 0 0
7.979324460497633 7.904963527691752 0 0
10.67408767824652 10.6588757395844 0 0
12.66539172503623 12.53720822136209 0 0
13.1238321546685 13.07855704333797 0 0
14.19022759909722 14.00253854938891 0 0
14.85021214503414 14.25767081912161 0 0
16.31822942873902 16.17874298126601 0 0
16.87547465974518 16.41796406039828 0 0
17.34862099855043 17.19641843601312 0 0
19.15995272300704 19.15433782229297 0 0
20.9375344495106 20.92568477912288 0 0
23.92540870587753 23.91745663011953 0 0
24.46293349549386 24.45448472118121 0 0
24.59397435069604 24.59244009692577 0 0
26.61824133847141 26.59496767147187 0 0
27.14571934810796 27.11917330137586 0 0
27.3629853780315 27.31295495407882 0 0
27.79333892116877 27.68769298974205 0 0
27.83731823783752 27.8063195479876 0 0
29.60210919088689 29.31754456283132 0 0
10
1.358444627615122 1.323163285429985 0 0
1.401902429762913 1.367579161248886 0 0
2.394865016626905 2.379788799224349 0 0
3.801048733353766 3.586374986541903 0 0
14.80907698863125 14.69001958142062 0 0
18.36972517608101 18.33475681600897 0 0
19.08065934191955 18.93629262520416 0 0
19.55423646548936 19.45871108614323 0 0
25.40313582311419 25.00555260814465 0 0
29.55032882216015 29.46107175794412 0 0
37
0.2708890011083263 1.232055789504129 0 0
1.341180177173461 1.811571638996146 0 0
2.405758326086823 2.614017547525747 0 0
2.791913467398999 3.130533176905969 0 0
4.557233169657643 4.924134755785684 0 0
5.73518406110964 5.901203766205825 0 0
6.082947492986817 6.846389592939929 0 0
6.978890744893096 7.087190475511822 0 0
7.834517718744014 7.836173158673593 0 0
9.344131422999343 9.443587816639425 0 0
9.566441882521934 10.04536122556865 0 0
10.12384451046948 10.23294915058398 0 0
10.533318469334 10.67633025026766 0 0
10.68689749490322 10.71663806933432 0 0
10.85634066317665 11.38945001581896 0 0
12.49519504790669 12.5059915129005 0 0
12.53488628236088 12.78960419974376 0 0
12.80828872710532 12.92743890781937 0 0
13.06375949650756 13.068357912907 0 0
13.17601246453745 13.86287522896533 0 0
14.62464158129154 15.10497542298559 0 0
16.08763788178253 17.19786194754868 0 0
17.22788890044786 17.3236798306518 0 0
17.38311935212295 17.52386394309014 0 0
17.58939007832574 17.91783401291752 0 0
17.96868577169451 18.97376980447424 0 0
19.05476844068042 19.1765604207873 0 0
19.18412574929481 19.70014883884128 0 0
20.26933238675495 20.27347088945675 0 0
22.23915813269159 22.33834041285936 0 0
22.40316802381156 22.42363143337165 0 0
22.88619367415573 24.30839133986463 0 0
24.34658851173205 24.73408921029535 0 0
24.96035846775672 26.82028886771229 0 0
27.06258289904875 27.77003219505719 0 0
28.22372028620536 28.23427320619385 0 0
28.30640286719999 28.39607247937137 0 0
32
1.709210579874016 2.055227348264055 0 0
2.629227349024878 2.725679966351244 0 0
3.076663662226529 3.19841503088813 0 0
3.52853825361835 4.159985784978713 0 0
4.19738860222678 5.098124047183886 0 0
5.139402872172097 5.826431908316623 0 0
5.951636278159295 6.513622643545842 0 0
6.866441268519287 6.944171827875992 0 0
8.500236898946376 8.588903685571879 0 0
8.694929633269057 8.743356157662515 0 0
9.132354576431904 10.23569469219879 0 0
10.69301899816541 11.07971214087249 0 0
11.14737082685006 11.91936533534738 0 0
13.61353604773502 14.11364168011797 0 0
14.1231660800993 14.78829472837223 0 0
14.90258494183348 16.80491542018264 0 0
17.01033253524856 17.03251559305365 0 0
17.4867848483074 17.91697340271575 0 0
18.04219262584174 18.39699716499745 0 0
19.31831219983034 19.8021463295777 0 0
20.06715016168917 20.44208111836765 0 0
20.75037690146428 20.86013932975233 0 0
21.55147740100145 21.87534372370464 0 0
22.10378018924795 22.28418843351459 0 0
22.35680488011611 22.85121194918316 0 0
22.91934588087675 25.58431076420129 0 0
25.969142434664 26.37191933301658 0 0
26.40657993643979 27.20148706692606 0 0
27.47255163916952 27.93649908545623 0 0
28.29381639178735 28.47638523127376 0 0
28.69758769753099 29.20467249365193 0 0
29.40704962727392 29.63854777287758 0 0
19
3.155830422205408 3.274941057850578 0 0
3.674300418405936 3.921922305584773 0 0
5.734761727282145 5.949876431512772 0 0
6.766797705391946 7.113862221485478 0 0
7.115536486983525 7.491201179547871 0 0
7.771014728660631 7.840828465797125 0 0
8.106796448248907 8.205827626597282 0 0
8.321875982185544 8.479447783738388 0 0
9.329099371746061 9.95540060730298 0 0
10.03894785302043 10.04069109414261 0 0
13.03202794913086 13.25479864297837 0 0
16.62600532483525 16.63609261584593 0 0
18.50459349374825 18.54972811112514 0 0
18.60833301837116 18.75025470885645 0 0
20.7535750927567 20.81277174483156 0 0
24.90594102944851 25.00918050081931 0 0
25.01502093382186 25.55335994874939 0 0
26.03030493171182 26.2383091199518 0 0
27.21231332762115 27.42608975258902 0 0
21
0.1542717863434646 0.1234615236409624 0 0
0.8480621442117366 0.2469712663963222 0 0
1.590230794211758 1.132973180330441 0 0
1.961644552866381 1.676793460860117 0 0
2.758692972447828 2.680589212461687 0 0
3.441084855160224 2.877639088131636 0 0
5.84049986830717 3.46061268871549 0 0
6.976818697931163 6.687960505408162 0 0
7.218741650090235 7.101689681187445 0 0
12.54799936182091 7.26568156256384 0 0
14.05756692530409 14.00512556492811 0 0
14.84121726840719 14.69517286708708 0 0
15.72240055150225 14.92037331027835 0 0
17.14077890671825 16.98458811382638 0 0
19.04651975245232 18.26848466487428 0 0
20.46560465582709 19.37202394977282 0 0
21.55692044092613 20.84157718233097 0 0
22.98401218399804 22.8103633235518 0 0
26.64009556782665 23.75290187720426 0 0
28.95118971149957 28.94692252041146 0 0
29.6403688891702 29.63642657648242 0 0
23
0.1118364087314319 0.07633420420661707 0 0
2.89823272467388 0.687779520566679 0 0
5.047408974319695 3.148212907371493 0 0
5.639411396532104 5.548298257935657 0 0
6.639244257249477 6.366540530247196 0 0
6.829419233448554 6.777446005798841 0 0
7.239889015128133 7.175489952508867 0 0
8.448389046524341 7.373244550315543 0 0
9.407386353487519 9.300046107676305 0 0
9.747196191279988 9.434517656016656 0 0
10.24841097522674 9.992560789351185 0 0
11.32560497339439 10.32451785709172 0 0
12.7856193559831 11.47002078874304 0 0
13.82591730926959 12.94713939345002 0 0
14.06466422127178 13.82737610788645 0 0
15.08144475482978 14.11797673045679 0 0
18.86341723902805 15.72307641252641 0 0
20.71886230665596 19.37271121596933 0 0
21.24758302713659 21.13171926953967 0 0
24.18769075262411 21.51195243863897 0 0
26.83391245782094 25.16200496993941 0 0
28.25927907604836 26.95046679178219 0 0
29.32580104178305 28.28856382219482 0 0
