# Status file for ctqmc. Used to save all times t_s, t_e.
10
33
1.46407761212206 1.415822442193369 0 0
2.199050473649538 2.063742328607106 0 0
2.722353614833549 2.604607818709086 0 0
3.258268426283551 2.885105619137511 0 0
3.860281646104393 3.545958855518585 0 0
4.55691819688775 4.444024586939779 0 0
4.896830387874169 4.852769282822781 0 0
6.340399043963543 5.184151142338608 0 0
7.012418519557866 6.827079212261517 0 0
8.275868479543536 7.808443590130211 0 0
8.647904886632027 8.606126292294634 0 0
9.310504630732378 9.166933278861654 0 0
9.984931289239631 9.975838687013304 0 0
13.45780370278423 10.50093482035593 0 0
13.96019665924301 13.87108943781111 0 0
14.02027110329174 14.00039518084824 0 0
15.73257028895404 15.37879525845993 0 0
16.4263596988882 16.33084503591069 0 0
16.47844689455355 16.46767423545043 0 0
18.22268697593607 17.35741314839984 0 0
18.84012403822586 18.66918004403511 0 0
20.06390732627978 19.89009672581935 0 0
21.2142269599781 21.20047035813345 0 0
23.14639428876429 23.07547912513201 0 0
23.66956374887255 23.1581525299403 0 0
24.24148423332284 24.02249727183209 0 0
25.55541193970271 25.4811690743704 0 0
27.35169784070531 27.03568925929776 0 0
27.83039194795634 27.60395705974041 0 0
29.03695320963062 29.01075582056508 0 0
29.14688124267575 29.10305195844487 0 0
29.3578861967517 29.28697931956537 0 0
29.65201694839294 29.65033483425653 0 0
40
0.3118718525311688 0.3013210849572303 0 0
1.521773852172928 1.426010128565419 0 0
2.546786572877867 1.72266326678436 0 0
2.606078589254751 2.565314863087292 0 0
3.432576670566699 2.947423591528897 0 0
3.472907520522277 3.46441804339246 0 0
5.422296165881311 5.3264965790808 0 0
6.219607893541838 6.214168458683733 0 0
6.510941297223135 6.50455880038655 0 0
6.678501715821351 6.659716103593856 0 0
8.04754740946457 6.682558125504043 0 0
8.440418646367243 8.369112018304776 0 0
9.136206318780385 9.13294938097286 0 0
11.67546252788165 11.4854869978555 0 0
11.79913415212678 11.75749215347005 0 0
11.91408520678334 11.88388848350297 0 0
12.06403227723894 11.97165881721606 0 0
15.1263103899048 15.0847419002324 0 0
15.49348877540625 15.4402176831903 0 0
16.13716735604448 15.63199025747493 0 0
16.45296191137979 16.44243835383767 0 0
16.6496075052067 16.5235705159479 0 0
17.24184003145628 16.91274794097786 0 0
18.21592659754597 18.01109273323194 0 0
18.99743528412274 18.72294341983429 0 0
19.32052725326092 19.07697403252534 0 0
19.56165065398044 19.50854997731757 0 0
20.00165040060106 19.93030923693983 0 0
21.64056943690348 20.35572388751094 0 0
22.64662977166878 22.15126942867779 0 0
22.99753343154441 22.70891018207702 0 0
24.72938476935429 24.31131822506357 0 0
24.7712294042766 24.76928830090164 0 0
24.99405006781335 24.80671635327635 0 0
25.50210604640931 25.38185081309286 0 0
27.17769288701298 26.30291735786232 0 0
28.01418893579676 27.52682951228672 0 0
28.91387449124634 28.86913053113744 0 0
29.73752216204167 29.65270510267965 0 0
29.98750575797645 29.83857826094292 0 0
11
0.1113803106651467 2.63626455611668 0 0
2.722648244010618 6.249895037366302 0 0
6.275820780793941 10.96025164414986 0 0
11.28942417854702 15.3700017870997 0 0
15.43313483444216 19.6191738347065 0 0
20.06487197974335 20.49033014952883 0 0
20.81895584408618 27.55669932483077 0 0
27.59876979180053 28.11378433733285 0 0
28.12743766377286 28.22219002693851 0 0
28.29173648314908 29.32169324887232 0 0
29.5013117762313 30.01351938316301 0 0
38
0.2731797348296089 0.05694806625584548 0 0
0.5337829985006124 0.4543229489699101 0 0
3.507765391145308 3.09365462863608 0 0
3.676359506126393 3.642736713028568 0 0
4.069260467553513 3.88795758165325 0 0
5.208314409466508 5.058833694523666 0 0
6.610349223215923 6.28408575764303 0 0
6.72420565982441 6.704481428471595 0 0
7.235617201745752 6.996018713244222 0 0
8.375429389366801 8.279562594808597 0 0
8.700039398778756 8.695594646821725 0 0
10.75949082772458 9.727398561902181 0 0
11.3022189565494 11.28804185677339 0 0
11.87493579048147 11.43473385675641 0 0
12.4915457831967 11.89939799622895 0 0
13.10758757534209 12.82614344721803 0 0
15.28067948739913 15.27074582165034 0 0
15.44923421753873 15.35661774196414 0 0
16.01116544862081 15.5888318334518 0 0
18.39177223784511 16.32413960277481 0 0
18.60513931580923 18.57699870845212 0 0
19.3361800313889 18.93321222280044 0 0
20.17956337144301 20.17948069007287 0 0
20.54035206722696 20.23452864954956 0 0
20.69225124001263 20.66071209101391 0 0
22.23402187691778 21.04819092603256 0 0
22.60882897492833 22.50945194213427 0 0
22.91812319746355 22.90324483080986 0 0
23.03007792450654 22.97477079696122 0 0
23.26909161490142 23.11398384351351 0 0
23.44450740882134 23.42926671304268 0 0
24.15485007596826 23.77639998465705 0 0
24.55711821512716 24.40408821532004 0 0
25.71632011559686 25.61485985073092 0 0
27.38675466298725 27.18553440212617 0 0
28.18503368669149 27.4414224056863 0 0
28.59718676818568 28.42188069488305 0 0
28.91582831150998 28.90059624305334 0 0
16
2.233519645435695 2.133370341789973 0 0
4.16155896628872 2.931461901121744 0 0
5.068924208060556 5.022930981099843 0 0
5.658373789406021 5.592493154883064 0 0
9.119001062547845 8.826023579038109 0 0
10.88050284751375 10.27624399114245 0 0
12.00463948506723 11.99106140183515 0 0
13.30695964303058 13.10519139106261 0 0
16.78495928365959 16.46448460434933 0 0
17.86971221228977 17.73764881278375 0 0
20.92234685160571 20.73670097356815 0 0
21.0818515540346 21.05675429713268 0 0
23.61596846242768 23.19119347395358 0 0
26.19778545667807 26.17780497814485 0 0
27.76828246206609 26.32723762975308 0 0
29.67468292043842 29.64468065228447 0 0
30
1.256771253507712 0.5103463797751432 0 0
2.676510693477472 2.633220237725719 0 0
4.215275148904264 3.441404633182252 0 0
5.754160354745346 5.747589452944347 0 0
6.492232841744202 6.443346496696129 0 0
7.076877934643193 6.616217862765776 0 0
10.05161086592529 8.45549307674017 0 0
11.51072638700935 11.03580757296079 0 0
14.92064120308199 14.79120271042976 0 0
15.04595356549004 14.98835607560077 0 0
17.04287389655083 16.99558762373707 0 0
17.48666580772293 17.34599999025973 0 0
18.68733704298559 17.98454558608085 0 0
20.49712652586857 18.88747115766193 0 0
21.44796670393304 21.4096279473506 0 0
22.01246907980884 22.01212224032713 0 0
22.38580583279963 22.35361018840321 0 0
23.25738495746911 23.22911726848012 0 0
23.37230228736171 23.35829919128753 0 0
23.95526766216737 23.58834224476847 0 0
25.0383334926415 24.29946109315183 0 0
25.25714855083188 25.24082006259759 0 0
25.52164147251866 25.41044516167431 0 0
25.61838750711806 25.55426244332912 0 0
26.44617293493317 25.91563051332049 0 0
27.17203623003433 26.80815050437748 0 0
28.6276150504637 28.50109218944307 0 0
28.75398401077184 28.71508870330332 0 0
29.26788083991449 28.94489899170337 0 0
29.92460282171678 29.42895904239604 0 0
36
0.4783542935730868 0.4474576400061746 0 0
0.7512733611166933 0.5799288300719248 0 0
1.049697290937595 0.9691473313404235 0 0
2.914394824461374 1.246554644550598 0 0
6.283865917410003 3.965483241437403 0 0
7.443632102936033 7.252440062231536 0 0
8.438559036766984 7.766376762877208 0 0
8.845583397279963 8.743779909845809 0 0
9.707582700521444 9.437399029070701 0 0
10.72422662592439 9.851043976921444 0 0
11.68128064498919 11.60282423176601 0 0
12.42290296962442 12.31607386892553 0 0
13.90120714116634 12.82489859416733 0 0
14.37752321489452 13.92146454057667 0 0
14.87622618413744 14.72527318108268 0 0
15.34950970801204 15.3045085661146 0 0
16.10042859519607 16.00692731281556 0 0
16.49732424672811 16.12927376707427 0 0
17.06041396504179 16.68084459241256 0 0
17.79154092025928 17.68967618492577 0 0
18.75288810102607 18.15255472134695 0 0
19.00381224614138 18.85141935406381 0 0
20.20598773511091 19.26946256116157 0 0
20.69783692597838 20.22595721926964 0 0
21.70366168971453 21.69350817794445 0 0
22.10173007448426 21.81167356855228 0 0
22.46351609087326 22.2026334299813 0 0
22.79595673787792 22.57454973449089 0 0
23.3027076856925 23.05508528573138 0 0
24.74345511229996 24.03199917872716 0 0
27.39710241127388 27.12929997731966 0 0
28.32886745771983 27.98598635859115 0 0
29.03605719885908 28.63325935212258 0 0
29.71838671439792 29.3301340350698 0 0
29.74159928879835 29.73189048424602 0 0
30.0078463069564 29.76348331632979 0 0
23
0.6327183164417498 0.03497572362039492 0 0
2.299699157818302 0.6766553896051022 0 0
3.212894286443629 2.500452972203365 0 0
4.095453705361779 3.250231723273123 0 0
5.113915022446573 4.14531960534626 0 0
5.938367026535373 5.629111721112873 0 0
10.11859633187045 6.100837900328768 0 0
11.06389716014659 10.3246868563269 0 0
11.51484324556015 11.13285469072409 0 0
14.0166661074193 11.80300596219594 0 0
14.27699830723306 14.11547180495219 0 0
15.62382706318869 14.40664271781154 0 0
15.6970450765117 15.6906154366646 0 0
18.04945545980161 17.49057270634525 0 0
18.55096488969336 18.39390252167836 0 0
20.39226660495435 19.4747086077679 0 0
20.57475537591113 20.55485061174127 0 0
20.91155260625914 20.86020467545696 0 0
23.20515282440912 22.08829119714681 0 0
24.44866736424403 23.4955606737031 0 0
25.06125516385146 24.80654264328377 0 0
27.16522264362077 25.30526566997338 0 0
29.19463496509743 27.29425286638661 0 0
31
2.635188218015474 2.759392974209017 0 0
2.843770494417915 3.865299375159964 0 0
4.19773873374874 4.913319067026435 0 0
5.979123667001509 6.802487540871764 0 0
6.997801794132592 7.046390866331472 0 0
8.047830175265057 8.513755798839757 0 0
8.809439582727377 8.867427960914764 0 0
8.952202954153119 9.494239631389439 0 0
9.61348555981048 11.03677221595869 0 0
11.09833965779858 11.47407621903106 0 0
11.62418719890175 12.10738823534603 0 0
12.10911370759312 12.16964023096431 0 0
12.19099321369036 12.25757741553501 0 0
12.4733966207216 13.27423090518229 0 0
14.39817962046276 15.77017689799411 0 0
16.83941134847253 18.4406690646136 0 0
18.57201545750003 18.7742224184339 0 0
19.07569952019442 19.31137132070702 0 0
19.35150146440606 20.90881479757942 0 0
21.27920296365718 21.33120037689429 0 0
21.5408794445205 22.33378714183011 0 0
23.02003020650184 23.36562991276636 0 0
24.25628606327178 24.28625894746641 0 0
24.71191895377954 25.94239097869735 0 0
26.32794348067827 26.4293929320161 0 0
27.63825879507417 27.80954098687962 0 0
27.89819330898261 28.05321812696997 0 0
28.07427401125218 28.09992793567245 0 0
29.59264351129331 29.61377543484279 0 0
29.65453374253139 29.74911135132479 0 0
29.80572530877571 30.06144567468123 0 0
23
1.973492238450728 4.168898257973359 0 0
7.522236861898988 7.977650884927705 0 0
9.600370186144364 10.63807153063224 0 0
10.81526078033007 12.08245495425141 0 0
12.12599245129114 12.31519748999101 0 0
13.31803312390877 13.46374385373748 0 0
13.576374222655 13.69327791711277 0 0
13.74548538172181 14.00441126956362 0 0
14.39893537682936 14.42816931077159 0 0
16.51063704261978 16.52691238105592 0 0
16.72209488722471 17.2680336657177 0 0
18.27815138569243 18.28881722365096 0 0
18.69944104291578 19.05933701451235 0 0
19.74570830755965 20.75236257830618 0 0
20.76823230157959 21.07254153111328 0 0
21.11669900680474 21.18362563704846 0 0
21.45774493084552 21.64349181108711 0 0
22.98009033396255 23.47141451863676 0 0
23.64317836928292 23.74623721724304 0 0
24.41089040930479 24.67772349931775 0 0
26.72572495821878 28.31111929768192 0 0
28.55331752648786 28.78301172948662 0 0
29.89894722600148 29.9841961226248 0 0
