# Status file for ctqmc. Used to save all times t_s, t_e.
10
29
0.4304852613760026 0.3825394234377484 0 0
1.397512320726713 1.269077444413439 0 0
3.441638139333102 3.320967909786369 0 0
6.140436727557749 6.002938355332168 0 0
6.472156569308297 6.47091471731453 0 0
8.196528870673683 7.328495825996375 0 0
8.621987484992307 8.4905593541474 0 0
9.012747425765911 8.8655455711621 0 0
11.93329468361886 11.45189211897184 0 0
12.18686814609331 12.08516928990434 0 0
13.9381290857422 12.3591821247688 0 0
14.26360642416188 13.94689471219154 0 0
14.89688874096226 14.70713319745574 0 0
15.84805817422604 15.25607704470285 0 0
16.5448234237136 16.34606966793158 0 0
16.95831556155321 16.86876806653491 0 0
18.7316242732895 17.70859319800962 0 0
19.44648613732325 19.41910292688704 0 0
20.09234286604758 20.02644479182402 0 0
21.11210689793378 21.04861308423791 0 0
22.81128232656289 22.20287056414237 0 0
23.13249965552888 23.0937072987335 0 0
23.21887911575786 23.17947049876599 0 0
23.70481046629914 23.64857544061597 0 0
24.70051616255369 24.69959352168439 0 0
26.41656607468541 25.87447808361663 0 0
27.64084178043728 27.63549365114688 0 0
27.95017518901836 27.89074197693499 0 0
28.29374452426766 28.15793916025714 0 0
27
0.6689732994373514 0.6149181775437306 0 0
1.61279444897855 1.472201160625603 0 0
2.338734567735165 2.294482677117967 0 0
4.746894774770405 4.716264356089579 0 0
6.474224704665054 5.17035882295766 0 0
8.293483322704787 7.23231723940711 0 0
8.700712207548046 8.667315218886801 0 0
9.17333282444077 8.978680578579223 0 0
9.887451217572337 9.860304287723642 0 0
10.59146349719404 10.53659597327816 0 0
12.15227107853391 12.02394466720136 0 0
14.72516265052766 12.81210185675191 0 0
14.7526045916962 14.72611154357627 0 0
15.34732786477871 14.8116883865084 0 0
15.52312722906465 15.48800029269736 0 0
15.63431218498524 15.62420974267046 0 0
15.80846317331918 15.66740497303718 0 0
16.13278373913615 15.97381048933646 0 0
18.01815616786029 17.07060893069382 0 0
19.10674938710311 18.87606140044607 0 0
19.85785697760117 19.73408549005453 0 0
22.28015818108129 20.57855605795057 0 0
23.42535246586035 23.3455838931113 0 0
23.85754593501318 23.67262892614009 0 0
23.9543027404098 23.92017373902725 0 0
28.53017514958093 28.52271571261024 0 0
29.17303734899484 29.1512122070067 0 0
15
2.471137007310013 2.385326949116898 0 0
12.72987471425439 12.5007332808055 0 0
13.16063945087659 12.93195766839145 0 0
14.57891589955962 14.34067905241934 0 0
15.04831024077827 15.0280980709423 0 0
15.30149094037044 15.26198330319967 0 0
17.43619344053793 16.26549491686067 0 0
17.65326967933907 17.64854124978311 0 0
18.2546799232881 18.20806755523764 0 0
18.66417787142131 18.47764860744844 0 0
18.74357726332495 18.68929588033973 0 0
19.27576652469886 19.19378321868514 0 0
21.71826745111037 21.08900075518085 0 0
28.16353252480734 28.14619160548698 0 0
29.26234101693762 28.92224268816496 0 0
33
0.6452102531193447 0.6116917471260308 0 0
2.701327813847356 2.66325263265431 0 0
3.580082550141045 3.531696543078813 0 0
5.162630571352052 5.115040472076012 0 0
5.35088214623587 5.206165136738377 0 0
5.863598764606723 5.578856489173819 0 0
6.659168344408035 6.07502773550888 0 0
7.393000382489077 6.722764926902208 0 0
7.411208159141382 7.399251478018045 0 0
7.48521792381558 7.43526123962036 0 0
7.87448956793328 7.823059457207623 0 0
7.91425048146071 7.898067612276001 0 0
9.169918062418857 9.127511281212481 0 0
9.647617475569595 9.623923217057984 0 0
10.41448823328457 10.17023284086338 0 0
10.48190628677755 10.47223387104283 0 0
11.37590877629601 11.2565075517413 0 0
12.76451975989047 11.63962091792615 0 0
13.87026208015247 13.58857488061 0 0
14.98839877492258 14.93364526436479 0 0
15.88690832322411 15.83946323364914 0 0
16.65186342867295 16.63468579841732 0 0
17.00904254606845 16.92437179899856 0 0
18.5248543633973 18.43078645243614 0 0
19.46764545856997 19.45304153995529 0 0
20.01599716728994 20.01031635430111 0 0
20.54288664781923 20.44108992951254 0 0
23.11356126578924 22.97869178424268 0 0
23.7387014591937 23.59557313706456 0 0
24.55904348406296 24.13590588129977 0 0
24.93294092707637 24.88456472420475 0 0
25.75946607332302 25.7133386242741 0 0
27.29862998410714 27.10342734344083 0 0
8
0.02632802297939563 1.539294649262569 0 0
1.80330302075389 14.11650182621591 0 0
15.59694838323773 15.75990132001439 0 0
17.76486944288136 22.60868365620663 0 0
22.75530500034023 23.55794269510238 0 0
23.64058465464521 27.91226358001492 0 0
28.29859884464416 28.61518001265155 0 0
28.85307746753654 29.89327529859495 0 0
30
0.7412280705112554 1.941756898132218 0 0
2.412007849888655 2.464801827275775 0 0
2.723289931191309 2.770761688452671 0 0
4.536148441893962 4.644345981002387 0 0
4.747321823985782 5.275280045495109 0 0
5.365531013552761 5.854649655380083 0 0
6.08213516745258 6.216870293523192 0 0
6.396432649523877 8.071232190820792 0 0
8.479520510521883 9.493428180961969 0 0
9.671683930325615 9.925748077923412 0 0
10.13286628746327 11.21278361201915 0 0
11.53194449303652 13.85210366675879 0 0
13.93152344465125 14.38589303121273 0 0
14.41658307360475 17.70866997446997 0 0
17.72923924655513 18.5946734768613 0 0
18.62568310773531 18.77494922526806 0 0
19.03139587434534 19.19275357391753 0 0
19.20772662267004 19.29147508219956 0 0
19.48250587507875 20.77964033400696 0 0
21.50808396473225 21.72829811866933 0 0
22.44264070024605 23.12550737226936 0 0
24.20746445983104 26.34102163057153 0 0
26.42693988794948 26.43543823497577 0 0
26.49111130652926 26.73152538592963 0 0
26.73372805737419 27.19523816265256 0 0
27.2007847820373 27.30518358940419 0 0
27.49310590325255 28.20550193570004 0 0
28.32895664950712 29.09186573926761 0 0
29.17649483167931 29.41466081811442 0 0
29.42568698807121 29.48610592854819 0 0
28
0.135686192540831 0.4425670192145357 0 0
0.4874399671094978 1.075933196720767 0 0
1.117510842317777 1.255625424359742 0 0
1.331014407500923 1.68262273837816 0 0
1.939636847349437 2.005784276838595 0 0
2.025398622196406 3.709177062427005 0 0
4.584502820138815 4.685524950390298 0 0
4.902066207968367 4.916191367534824 0 0
7.221370740391031 7.586835863571327 0 0
7.616390586398132 8.909777007082829 0 0
8.935978917293731 9.725133225719599 0 0
11.83499105776174 11.91034678591366 0 0
11.915702102606 12.32227468809802 0 0
12.62629702175616 15.62806869663741 0 0
16.4035047574376 19.54610271066627 0 0
19.65325796149515 19.90139049225789 0 0
20.11304612303307 20.15410050030272 0 0
20.24577385001159 20.31336580784742 0 0
20.59032812648176 21.99430487999033 0 0
22.00555439358356 22.32091295198387 0 0
22.40037284957786 22.69245492843264 0 0
22.72963847752742 23.71823402755311 0 0
24.70206433012841 25.53781047837776 0 0
26.06872933059729 26.06892509794558 0 0
26.07713349577618 26.813854209469 0 0
26.9253703823033 26.98223502447046 0 0
27.37794778227646 27.73769104640547 0 0
28.68917931836268 28.88635838632597 0 0
20
1.665280458021869 1.815479488284347 0 0
3.09094211655604 3.122369683250252 0 0
3.275459218581028 3.499388886436169 0 0
3.606962039113508 4.443792637067579 0 0
4.529390911794442 4.841660024736082 0 0
6.019003047559921 6.239760844134342 0 0
7.369524276551967 8.429433211324508 0 0
9.218299602643521 9.574214767934356 0 0
9.596555984634 9.798453358970548 0 0
11.61814343594953 11.91207358601471 0 0
12.17143022336952 13.99178362707635 0 0
14.18528656428122 15.0013320056219 0 0
16.16097790581944 16.57955974676846 0 0
17.38328363070719 18.27319321284379 0 0
19.13064846099472 19.2131656553831 0 0
19.76009620932779 21.56044296924172 0 0
21.86103373228039 21.92586573559747 0 0
27.00729022633557 27.12618427795356 0 0
28.47611904808154 29.05485166904563 0 0
29.09930982701185 29.31721905209759 0 0
29
5.151044278455841 0.5013578407562603 0 0
6.023005030072091 5.778099133516907 0 0
8.372819051604285 6.459371778727077 0 0
8.852210423114455 8.731802882502533 0 0
10.02980359304458 9.022084201613637 0 0
10.46118501446533 10.21384143791628 0 0
11.17897858570911 10.87425108925012 0 0
13.09665437589643 13.0453143214455 0 0
13.66800477183818 13.57738361042509 0 0
14.14832766141257 13.80699317121184 0 0
14.39673443816552 14.38678436528162 0 0
14.59882407703094 14.55783087648829 0 0
15.00002654027216 14.70356751334979 0 0
18.02584541773413 16.0755268121858 0 0
18.12017244874376 18.1068656937228 0 0
19.31393752869152 18.6187531992832 0 0
20.29768576112648 19.80134209439959 0 0
20.99523796465908 20.38856748574316 0 0
21.48636993357699 21.24444560817452 0 0
21.52506211453075 21.49606190851933 0 0
22.6989117927207 21.88530788829323 0 0
23.77849692553202 23.73619112171081 0 0
24.35784201880977 24.1651223625717 0 0
25.90492386176824 24.52430166065442 0 0
27.21531456660633 26.93920783041254 0 0
27.54500447393052 27.53282340733463 0 0
27.94969214342451 27.6934291047739 0 0
28.50258659541642 28.45487601958272 0 0
29.85904610948828 28.55829179302999 0 0
32
5.539761919477641 0.121444908163614 0 0
7.560463183590025 6.672438802335981 0 0
8.2250586767914 7.62637678476692 0 0
8.65458102999359 8.319365028253417 0 0
10.36853022818989 9.464715029663584 0 0
11.64236713265401 10.65980750000705 0 0
12.54775727437691 12.03062252321191 0 0
12.65424610376179 12.61993622778881 0 0
14.51130964209524 13.86871978887424 0 0
14.70970505647578 14.60965307937833 0 0
14.94482908527077 14.92556949971526 0 0
15.12545343429521 15.04247220648687 0 0
16.18455656693965 15.92250226150192 0 0
16.45068616795015 16.30192302438056 0 0
16.73855175613134 16.62717301698082 0 0
17.13268948478515 16.7772446355137 0 0
18.4731597591224 17.67199679867173 0 0
18.85998982618261 18.47619805555714 0 0
19.01045886371979 18.98080979654448 0 0
20.5017076109668 19.35765073082385 0 0
21.94791603819498 21.69279066408788 0 0
22.09088941792482 22.0821685721097 0 0
24.06297165435386 22.6530249718101 0 0
24.36614453467076 24.36032016416285 0 0
24.97342476255307 24.39901507485954 0 0
26.62674648746976 25.09194826467219 0 0
27.79351110234235 26.66620381225908 0 0
28.49612683347552 28.34066248876428 0 0
29.04903037957428 28.76748595982456 0 0
29.14189624139763 29.09955054276986 0 0
29.53463742784197 29.35918315272689 0 0
30.04369423597433 30.00843689979337 0 0
