# Status file for ctqmc. Used to save all times t_s, t_e.
10
34
0.337660722980182 0.1049003817998369 0 0
0.60362350422069 0.3532260164229442 0 0
0.8100820098280609 0.8010047952846797 0 0
1.92361535647189 1.842978074716263 0 0
2.713464310783172 2.681332172344925 0 0
3.213411857688474 3.208346351455818 0 0
3.507816345340637 3.414831832718021 0 0
5.021495385423652 5.008646322413903 0 0
5.387257519713964 5.300621464447306 0 0
5.663857467306911 5.572043642412511 0 0
7.252885532958571 7.232419032823614 0 0
8.085914524864576 8.060654906762366 0 0
8.23011230834647 8.206453897680603 0 0
8.8205711915486 8.572875250250624 0 0
9.043478577963279 8.900655054438547 0 0
10.52728131466324 10.45394067553296 0 0
11.22870691850223 11.0539357813911 0 0
11.77180931036365 11.60420248548475 0 0
12.15253269485431 11.93048182728478 0 0
12.93294830598002 12.8505549684194 0 0
14.42785332845348 14.42194221796632 0 0
15.43349857230598 14.99119809624069 0 0
16.27507038477465 15.48922395658642 0 0
16.69831318156093 16.63433115899323 0 0
18.06887870867141 17.95684599659442 0 0
18.68934487779174 18.39866120306358 0 0
19.61221385924053 19.45930566151925 0 0
20.91353039766078 20.65662405206361 0 0
21.36761576511267 21.23029527055308 0 0
23.78466167355434 23.72069857821216 0 0
26.57639499899496 26.4798671157864 0 0
27.47616236773886 27.46397701210003 0 0
27.88821673358824 27.7092625693504 0 0
29.74861018015006 29.71664399603391 0 0
33
0.1950758613875302 0.1272140166554294 0 0
0.9700503207813895 0.9413783870584116 0 0
1.440112393770214 1.305880882523808 0 0
2.59565561125719 2.114886212179767 0 0
3.435413379246884 3.425522814555637 0 0
4.477834831976279 4.293742323646157 0 0
4.974549038878769 4.870498465909931 0 0
6.247246181744218 5.771499553803483 0 0
7.311778832497361 6.532032129184893 0 0
7.658520691058942 7.635327411405827 0 0
9.129369870730274 8.597346527492498 0 0
9.625164757233851 9.564923818004869 0 0
9.942479111404193 9.785024002339432 0 0
10.78285464920157 10.59082738136106 0 0
11.07103438619836 10.81487113596963 0 0
11.98284279616493 11.94008851572364 0 0
12.30289911654352 12.18126632417972 0 0
15.12465362714769 14.88761833522967 0 0
16.89505085583048 16.70313118409087 0 0
18.2287992861383 18.1958557885036 0 0
18.58824704904169 18.35130269506242 0 0
18.88250585743823 18.71847748223786 0 0
19.12150987758951 19.12024554454418 0 0
20.40021073936402 19.35284860882133 0 0
20.75843709609832 20.64674655776921 0 0
21.90478523687493 21.74077199397976 0 0
22.09089766336466 22.00379448208917 0 0
22.16390182218232 22.12245003198107 0 0
23.06817579454482 22.49517481267877 0 0
26.10210858939827 26.07258557327981 0 0
26.39410650552818 26.37410552887469 0 0
27.62395956680159 27.48788334156195 0 0
28.65709897738461 28.62523965667198 0 0
6
3.203604657560451 3.149696155400772 0 0
8.553496479961442 7.92910111625303 0 0
20.45269495610196 20.2654113858652 0 0
20.92638539318853 20.89205879820272 0 0
26.82268433382253 26.50034089998982 0 0
27.75149601880344 27.21495155711379 0 0
26
0.8421836372465314 0.8075429641879701 0 0
1.079065387971752 1.030591057858036 0 0
1.245179010529227 1.202155402606758 0 0
2.67438676565965 2.506200211012959 0 0
2.916765296027722 2.916230640815713 0 0
3.607982838895341 3.593134382327256 0 0
5.956073962122736 5.910730791949124 0 0
7.158987579965356 7.143629333704527 0 0
7.740525355549349 7.603276604227151 0 0
8.110962164645219 7.883619252882275 0 0
9.443236507655184 8.99401958798026 0 0
10.21394049197229 10.12205037485475 0 0
11.7378174946184 11.71083497642026 0 0
20.28360352726402 19.85647805791324 0 0
20.37433218464672 20.32494560573292 0 0
20.40441617388797 20.38556729237134 0 0
21.2928461763478 20.76058460956017 0 0
23.73740498982013 23.39284467660239 0 0
24.71555901761685 24.70877474906857 0 0
26.39991480178042 26.39533265451518 0 0
27.30635189395901 27.2141487356781 0 0
27.7486001991956 27.73195904362252 0 0
28.06702087100394 28.02092030324458 0 0
28.47086507863214 28.43986232860247 0 0
28.99582031144698 28.81680033492986 0 0
30.04689433032832 29.50824127496791 0 0
13
0.4205191247131062 0.1853288205053012 0 0
3.965498336288993 3.934774459424734 0 0
6.497025604515851 6.191788887297382 0 0
6.992152523362452 6.658923292256176 0 0
8.909211489483798 8.889019452021117 0 0
9.824542232908074 9.457290285939676 0 0
11.29490038017294 11.25255251931975 0 0
21.91148317084191 21.82735644977823 0 0
22.21437468852237 22.19196729689266 0 0
22.86577430387051 22.82743979665292 0 0
25.63417497754612 25.61013231849039 0 0
27.6641307271575 27.52477475089648 0 0
27.86041501693055 27.79171563854515 0 0
30
0.008430092876135831 0.2799380730722822 0 0
2.243123472399276 2.750491625319533 0 0
2.784474424793144 2.982745976347578 0 0
3.233699232886074 3.367833514611419 0 0
3.389436011394361 4.640889700126594 0 0
5.047785245915414 5.152718384711081 0 0
5.782989997595918 6.469826489256361 0 0
6.92771915810497 7.317665286471694 0 0
8.358991943239003 8.789008514864017 0 0
8.844938463258952 9.071749452774224 0 0
9.088286019567487 9.69622849499442 0 0
10.27952803577613 10.52969657168188 0 0
10.68924202583935 11.84511328697868 0 0
11.96656721712488 12.31516096424053 0 0
12.34201769927766 12.43887608683063 0 0
12.78695680309494 13.14356376178734 0 0
15.18126708237452 15.42686295957107 0 0
15.52201027175415 16.31620838966501 0 0
17.58112407338686 18.23691403467101 0 0
18.45522178445972 18.93854425369553 0 0
19.94751334971864 23.18968071755553 0 0
23.23789917049035 24.03028698233379 0 0
24.1037266389317 24.11222727438991 0 0
24.23542252282119 25.58895938590788 0 0
26.62853041019181 26.75040312722396 0 0
26.75909611795036 27.04277393957674 0 0
27.14619628044536 27.18788089449977 0 0
27.80441450451462 27.90031355934082 0 0
28.874250224361 29.14906845595643 0 0
29.99161042772065 30.02143515033421 0 0
27
0.21130793340458 0.6783140459257002 0 0
2.209350564417311 2.951568361135003 0 0
5.19459481349053 5.520752881695987 0 0
5.535437861749305 5.603581352827743 0 0
6.656090256196532 7.15818522773836 0 0
7.238816896682866 7.470585816764382 0 0
7.663636288101146 8.168016688089102 0 0
8.209173174690688 8.452179986677985 0 0
10.42609227213132 10.65382190409341 0 0
11.42972058705048 11.70448919158354 0 0
11.7057933533374 12.31526961282079 0 0
14.44994017533285 14.57476274421571 0 0
15.0172552602997 15.10577361378367 0 0
16.18786939206145 16.20640649741084 0 0
16.22857772829249 17.00771806260289 0 0
17.01976242518527 17.59413887691416 0 0
17.62498280570881 19.38587491177339 0 0
20.10757613779246 20.54488531324197 0 0
21.48558243497104 21.51617375664597 0 0
21.82137451436281 21.98935319798956 0 0
22.05191433180504 22.75926656733772 0 0
24.48731675535463 24.59343310422741 0 0
25.77406519648497 25.8205035796981 0 0
25.89641799544966 26.09337830398279 0 0
27.16593438973179 27.80050159510944 0 0
28.46583507086074 29.13125621347782 0 0
29.13547386295222 29.96446613126444 0 0
15
3.748832437827375 4.062016558213857 0 0
6.101961942310918 6.238999496698324 0 0
6.986685523298835 7.040276579339494 0 0
8.290708486960906 8.435917891247744 0 0
8.723839538140759 9.832399332229825 0 0
13.7776168294841 14.3113502279182 0 0
14.98339357867689 15.03439471968314 0 0
15.08341098932639 15.24316311138172 0 0
16.44974468331484 16.68114131055439 0 0
17.23122074017095 17.27989834503226 0 0
17.39964198980601 17.43734709803497 0 0
19.53130986375203 19.63147386177417 0 0
20.54444418470451 21.59787797024301 0 0
25.99620803828134 26.73482681771221 0 0
27.37363394984805 28.04240762421347 0 0
24
0.3364167392570039 0.8644916977889112 0 0
0.8669103342045796 3.048727312596076 0 0
4.594530238497141 5.030310260459386 0 0
5.108359517831153 5.876809062991235 0 0
6.430115034813352 6.545611517466622 0 0
6.551985142673314 9.491352858991874 0 0
11.47960893605644 12.04565351789998 0 0
12.92518744351112 14.2313018561462 0 0
14.47974011826712 15.46236983994375 0 0
15.48252926711375 15.50594674647197 0 0
15.61507522504139 15.65313600760893 0 0
15.67051026967037 16.11034618198627 0 0
18.58282469411428 18.62243267525144 0 0
18.67651712725914 18.99581469854052 0 0
19.77786538791392 20.32974758782808 0 0
21.00368297394489 21.36936437807557 0 0
22.48335212174689 22.64596473981482 0 0
22.65001397072517 22.77699883472846 0 0
23.11277252698103 24.89021385517842 0 0
25.30691946024857 25.73786484947828 0 0
25.82273513733699 25.83950645113261 0 0
27.10693987034468 27.21158887869302 0 0
27.2731665214462 27.36278160045231 0 0
28.01183474868393 30.01606134841494 0 0
28
1.021130108911172 0.8612283878497884 0 0
2.49459095247247 1.27306295258834 0 0
2.705799659468193 2.691562477980839 0 0
3.04094644110371 2.867999744506763 0 0
3.830752691030925 3.305832651060197 0 0
4.269484100191324 3.851197261375841 0 0
5.269960818363726 4.555598935339335 0 0
5.387581588649709 5.371425219601501 0 0
5.747823640901654 5.45949817728872 0 0
6.11941185512125 6.117885974349127 0 0
6.499525809340144 6.477112842224125 0 0
7.747585941166325 6.961544315707643 0 0
7.900297396420523 7.803869722254769 0 0
9.108446421071273 8.731482644109711 0 0
11.35214669796104 10.70834453276994 0 0
12.93655271876137 11.81772744052278 0 0
13.96917751604205 13.05432690587311 0 0
15.3288206603821 14.77303957167036 0 0
16.42099551488549 15.38102248231452 0 0
17.86063334724987 16.47221863067074 0 0
19.28957175521402 18.13363951522363 0 0
20.47232327356804 20.42111523464727 0 0
22.97656931743896 22.10920876846965 0 0
24.50303612468283 23.19028086731478 0 0
26.27946744761641 24.59713536783636 0 0
27.09056043669406 26.86751330524412 0 0
27.98649974906055 27.78556131714658 0 0
29.85967836661568 28.10854683338311 0 0
