# Status file for ctqmc. Used to save all times t_s, t_e.
10
25
2.925898161504188 2.859927733586106 0 0
3.221278142179679 3.130181154110371 0 0
3.539999865023378 3.529067717408261 0 0
3.736600570247163 3.691804856232336 0 0
4.228896200974599 4.163870800281837 0 0
6.317948515319566 6.309736730489947 0 0
8.096125360858903 7.73610886636957 0 0
8.612358338291759 8.518462716197352 0 0
8.938429522376422 8.821229276626546 0 0
9.358052685830184 9.315507424101657 0 0
10.40143842222305 10.20919279507252 0 0
10.70691955820415 10.67945618590734 0 0
11.167798046411 11.15675591083382 0 0
11.56764171070255 11.40644868973526 0 0
14.72194714582565 13.19980667670458 0 0
15.84248952202897 15.49129999459705 0 0
17.18071447588461 16.99855033439706 0 0
17.80042346930645 17.71430598390362 0 0
18.33077789428559 18.31046012064793 0 0
18.68555278301148 18.66717937064293 0 0
19.11050418018552 18.910536417432 0 0
20.50224704843292 20.37448565660661 0 0
23.21620315655918 23.13458638691652 0 0
23.97590712846207 23.88477575148819 0 0
27.29578688895029 27.27422774391792 0 0
22
0.007231756494864072 0.001056886627161191 0 0
0.2647964522043864 0.192315337241405 0 0
3.997322282094408 3.186952848247346 0 0
4.480897168948543 4.437259543492088 0 0
4.836547874188384 4.833582201683398 0 0
6.012041186181317 5.970970627168408 0 0
8.688860315361007 8.663427349336738 0 0
10.59727008200091 9.626444650083618 0 0
11.37399654844667 11.27601794065059 0 0
11.78650348281855 11.69370453839437 0 0
14.1425781037923 14.12598721621332 0 0
14.78960753030926 14.587958392354 0 0
16.48331872235108 16.32675322592261 0 0
17.99509908712537 17.11424729210623 0 0
19.46356554769096 18.06046354150731 0 0
21.38982976972176 20.91816840217195 0 0
22.1252395291182 21.98073989559337 0 0
22.48293199344374 22.25228264615197 0 0
22.8888093136338 22.62253403485948 0 0
25.97502830280967 25.89315472709991 0 0
27.67878203767475 27.58623211627508 0 0
29.71366754513169 29.42568634086741 0 0
7
4.748641195956752 4.651555847129103 0 0
8.099756860240124 8.046235505368779 0 0
9.150978702302828 9.093057526765262 0 0
14.50103075971269 14.40309813554613 0 0
16.2390686945993 16.14633160953509 0 0
20.28117309088069 20.18904212909494 0 0
26.33586011199858 26.3023257926534 0 0
29
0.2954757976749214 0.6850688832076751 0 0
0.6880314955268243 1.375991093694811 0 0
1.420367846135265 2.474632518586509 0 0
2.51372109420179 2.752921959038984 0 0
2.75530168400585 2.769620438446466 0 0
2.792865215452871 3.33781764369922 0 0
4.036980096752556 5.498367370736171 0 0
5.527739506563004 7.466190705933199 0 0
7.507694264863431 9.227990141434599 0 0
9.26330796620422 10.47793285538681 0 0
10.50197284908585 10.88088033688152 0 0
10.95713103444285 11.49943263003649 0 0
11.526465414532 12.49438623499123 0 0
12.77862590197324 16.48229250380887 0 0
16.5688007824611 19.94410416160424 0 0
20.08748743036839 20.25406811417607 0 0
20.39519284964815 20.51825552233513 0 0
20.61576875638035 21.46014400162741 0 0
21.51016003695402 21.78986728193323 0 0
21.86286157706003 22.37697783798199 0 0
23.35825403448736 24.89323909002118 0 0
24.91023191646247 25.17770791244183 0 0
25.22050220776676 25.52224417353811 0 0
25.5848862578681 26.23802186755281 0 0
26.35441829353423 27.34016601305087 0 0
27.46762491872856 27.47807291296907 0 0
27.51620609411422 27.75997617091938 0 0
27.86979524757932 28.03743303858891 0 0
29.06149822582875 29.69115946415977 0 0
13
0.4200720559162243 0.1880890885086401 0 0
1.066423774581427 1.036135622426393 0 0
2.132155772638761 2.112718504242721 0 0
3.033754502165349 2.515674937083227 0 0
5.749099511302441 5.648653407930132 0 0
6.768981387466986 6.759357588175063 0 0
9.401186076963471 9.008906596112588 0 0
9.663711948868251 9.402373547689102 0 0
10.78643251971472 10.74280354004437 0 0
13.23954841722404 13.22452121370377 0 0
21.04129498553009 20.4721856104018 0 0
23.88528735696483 23.72615443592878 0 0
30.04381784836108 29.86630675164529 0 0
30
2.595996050218115 0.2287271833023006 0 0
3.062433951961009 2.985924688024792 0 0
3.63615105087881 3.597725692926249 0 0
4.618643212524422 4.269051712059074 0 0
5.597840362491487 5.572908451828779 0 0
6.814242266157649 5.635112465709147 0 0
7.035351762742464 7.032994079566549 0 0
7.577794777862854 7.503380437626472 0 0
7.94418007456521 7.665421217514445 0 0
9.06998212398106 8.296324893314118 0 0
12.93861166995595 9.118837408306977 0 0
13.97651024467588 13.09380695627906 0 0
14.15682890637909 14.00870682932479 0 0
14.67782228738763 14.62593788895972 0 0
14.84611172476338 14.83143171619562 0 0
16.43079155109846 15.33054792970412 0 0
16.92180164426006 16.53200887384547 0 0
18.34720147160522 18.15143589313804 0 0
20.53183505593363 19.89481094166305 0 0
21.46241781983101 21.3941072822534 0 0
21.93990825849452 21.83220629591695 0 0
22.35030764987521 22.04457944283204 0 0
22.8000190303763 22.70484073088237 0 0
25.28165694745185 22.88311963924193 0 0
26.5881649316141 25.45394783771068 0 0
27.02401392790519 26.59227749084407 0 0
27.57716556961135 27.02649314505745 0 0
28.29263301514599 27.59047851463297 0 0
28.39819177101294 28.3506696825636 0 0
29.94692561536139 29.69043799326528 0 0
33
0.2994888971873841 0.7989868241601527 0 0
0.8413800852071229 0.8670971052697548 0 0
1.708798555860778 1.828918611623647 0 0
2.803878066277916 3.320640118801502 0 0
3.326937569380691 4.064221453030706 0 0
4.086174442498413 4.70237629380394 0 0
4.826989137287443 4.92580804006469 0 0
5.452357000113308 5.56680727686786 0 0
7.07668235012275 7.443169957142125 0 0
7.750363749071828 7.889620458682886 0 0
8.317498487298025 9.1151051842181 0 0
9.600193790353288 10.8523340033368 0 0
11.01473021156438 11.31280849790225 0 0
12.25077368741504 12.52526847293396 0 0
12.54963677402353 14.23539908170078 0 0
14.27206182373495 14.39046550765264 0 0
14.41490374070678 15.21320710572129 0 0
15.34289528605175 15.56289017907732 0 0
16.59575220227044 16.80989240721708 0 0
17.06841648162732 17.66933591695928 0 0
17.71673698129769 19.61490679320375 0 0
19.65276364226763 19.80987351290638 0 0
20.04884717082173 20.05776492992339 0 0
20.57651837859368 22.00723472001435 0 0
22.0566149856433 22.74197721349804 0 0
22.76075523983468 22.90471938385334 0 0
22.99523006674836 23.32565855050656 0 0
23.46850802517397 23.83798030269352 0 0
24.02884990733417 24.08721988630349 0 0
24.09515407401556 24.54088429987923 0 0
26.71869765791008 26.89769875619722 0 0
26.94191591944923 26.95624035900714 0 0
27.55270018748832 28.32457076734094 0 0
16
1.22415546608796 0.7929393527065421 0 0
1.793275403090575 1.396149871826138 0 0
2.370952490517782 2.203080230374914 0 0
5.496052061058993 2.490261620605501 0 0
7.510824116311232 5.502825132286572 0 0
7.954124216707846 7.595409162845719 0 0
8.516721741755356 8.028675636325103 0 0
12.13138823951845 12.02183459688525 0 0
12.13379309743521 12.13347271486331 0 0
15.12233611806948 12.13981813094094 0 0
17.33187766867411 16.90688520933263 0 0
18.22455739815644 17.64765215580023 0 0
20.02971050496557 18.56728166048308 0 0
26.98787705334846 20.76708460143466 0 0
27.75157594138215 27.23875350002841 0 0
28.59301732338295 28.58647428805495 0 0
32
2.176342897350698 0.9754241954454754 0 0
2.734112588555258 2.667927578807598 0 0
3.332865153577766 3.166695401908337 0 0
4.323749576775907 4.278612756841097 0 0
5.872078627189723 4.701424066638261 0 0
6.354812600400677 6.337495920290753 0 0
6.713768961068538 6.427091395187066 0 0
8.572154239312454 7.077512088232975 0 0
8.811047047313458 8.648804948408547 0 0
9.372369437018413 8.880883857714032 0 0
9.67885772890814 9.539941100335133 0 0
9.863760846322979 9.819904418371273 0 0
11.70611215364721 10.68474195235387 0 0
12.07195737840057 11.87107695985732 0 0
12.98975978385432 12.23366823984767 0 0
13.49220980170859 13.11479336607873 0 0
13.76562993397581 13.75152551028912 0 0
14.40229032477305 13.79142793038065 0 0
17.19774047864911 14.87196307898554 0 0
19.38187467579303 17.91775249913501 0 0
19.98254562454641 19.44417150192833 0 0
20.54322432758546 20.06160713824938 0 0
21.06734430237417 20.73746900866682 0 0
21.87032953447342 21.86086113337521 0 0
23.23449299168939 23.12087034075077 0 0
24.87905892238781 24.81700364966127 0 0
25.21321176025411 25.05523190503646 0 0
25.43326854746335 25.42961004170107 0 0
26.40745594507552 26.17984016852964 0 0
27.07747286059596 26.58296041601728 0 0
28.1019378947662 27.90314262680434 0 0
29.65208105852081 29.5560257874298 0 0
23
2.209202106885129 2.332658454210099 0 0
2.475658820441228 2.537669371725922 0 0
2.827853271981765 3.50856527627477 0 0
3.651568816321439 3.800412670976953 0 0
4.138218322108354 4.144318417253146 0 0
5.044408208246604 5.55724508590745 0 0
8.405653241440994 8.736250145884025 0 0
8.975818979041321 9.533604708917194 0 0
9.646980933599925 9.879797252101582 0 0
11.0493699850763 11.12668544371406 0 0
12.53664808150507 12.70503919082144 0 0
13.8395007644691 14.46955837138489 0 0
16.97130789749793 17.16556057492127 0 0
19.3375762607255 19.59747027124765 0 0
20.31322437618344 20.48807906397078 0 0
20.70695238090475 20.71497966105887 0 0
20.87095594967275 21.01963498323887 0 0
22.20323538558518 23.36086406778375 0 0
24.95427759892824 25.24505375368549 0 0
26.02416853469836 26.37535828081174 0 0
27.04853787384498 27.08217828209678 0 0
27.11268437904907 27.41272778916423 0 0
29.84513017068831 29.86238915553373 0 0
