# Status file for ctqmc. Used to save all times t_s, t_e.
10
29
1.272245793603468 0.7034386628080754 0 0
2.286692246931232 2.171732124247908 0 0
2.755966735843732 2.677287103913 0 0
6.40780495701499 6.337313311400067 0 0
7.014886635843689 6.76732654973532 0 0
7.867046860660333 7.733087440021643 0 0
7.92188064904243 7.896970753773699 0 0
9.927510344650207 9.131250978663454 0 0
10.91373219257905 10.84423292643133 0 0
11.06487185836657 10.95157687536238 0 0
14.1881485045923 14.17017596943799 0 0
16.66365428655757 16.6304867639105 0 0
17.88506557499508 17.48455906312268 0 0
18.20535853936772 17.95008388388329 0 0
19.66896725371556 19.47048187799991 0 0
19.81187715643816 19.72589477867484 0 0
21.86639001474435 21.8541646620142 0 0
22.59934043723586 22.58124637387666 0 0
22.83580681168568 22.82166403001111 0 0
23.03247694248968 22.94367511533149 0 0
23.15085282888311 23.13245291303839 0 0
24.47071302154067 23.77111451878802 0 0
25.69865487721614 25.6712186967484 0 0
26.51524824528043 26.50061451518005 0 0
27.09417169331725 27.06202199466961 0 0
27.84645749142473 27.81654776562169 0 0
28.47518484479511 28.43007697242564 0 0
29.135782387215 28.6973137081664 0 0
29.53232457102167 29.31400876948575 0 0
23
0.3536824061242829 0.3459857200131751 0 0
0.5781957255883015 0.5457380234985096 0 0
1.363463673733244 1.202936618465341 0 0
1.595228629117518 1.5139311043141 0 0
6.78367647668285 6.770522583729793 0 0
7.073034407834323 7.040813752210652 0 0
9.770269002728567 9.733451749225987 0 0
10.52369120695211 10.52123590377659 0 0
11.9637018738352 11.94136057042614 0 0
12.7374585187352 12.68236826648893 0 0
15.26061200442707 15.05329839585955 0 0
16.72290459771363 16.64219783152105 0 0
19.43751353052185 19.14278169925488 0 0
20.35649736999854 20.31829055557013 0 0
21.85462012843733 21.77703832154604 0 0
23.3750491925082 23.36709202167979 0 0
23.38019239566988 23.37807118067629 0 0
25.20800500138528 24.50474690844807 0 0
25.25908021805154 25.25481233059612 0 0
25.67103539331821 25.64279074133754 0 0
26.86327691388345 25.98412771057944 0 0
27.68738278641573 27.23016255109937 0 0
28.68382884636011 28.35122761904038 0 0
10
6.717354706590568 6.054684746863607 0 0
6.799398555128825 6.796043573331067 0 0
8.250855641308055 8.215671162444009 0 0
13.98072985647936 13.48685353000784 0 0
18.92345542050742 17.98896713941626 0 0
21.2283339278877 21.09763894788196 0 0
22.18147697993397 21.65264583891149 0 0
22.69471802885258 22.57880051346539 0 0
25.47937429812319 25.20679087132808 0 0
25.58536923106001 25.56805504884225 0 0
32
0.1957298897905204 0.193402462584892 0 0
3.987058402677824 3.739551125638086 0 0
4.138700912322137 4.111851638670207 0 0
4.328591279141554 4.307585619560727 0 0
4.718484102286667 4.70744019937113 0 0
6.686763608333586 6.641001541351563 0 0
7.16003824890382 7.087448075572543 0 0
9.765464978101157 9.732022714271345 0 0
12.04729152790281 11.97023141957217 0 0
12.96400243275071 12.95081437050935 0 0
13.38469031094692 13.33682741753578 0 0
13.58199310900059 13.54535595291937 0 0
13.65308069041266 13.61402611119597 0 0
13.79181552117231 13.7522729847698 0 0
15.00260501969818 14.94572618991845 0 0
15.67537729461228 15.66437336110901 0 0
15.9207768277715 15.79365288646844 0 0
16.08519708137133 15.9930446700055 0 0
16.55573794875125 16.55024790577579 0 0
17.2264340854749 16.97420322305955 0 0
17.34590730266277 17.25966165079443 0 0
19.05058560816983 18.67442244161682 0 0
19.12939072634455 19.07239693220285 0 0
20.24295386928105 19.99242480176991 0 0
21.28255741271468 21.23434930451499 0 0
22.94241478490847 22.91412785510171 0 0
24.75754140324323 24.73642426666554 0 0
25.642385893641 25.06585472857892 0 0
25.80512738773919 25.79402846943719 0 0
27.78480155705708 27.73767303132327 0 0
28.49322923657108 28.40289049168677 0 0
29.74637213982477 29.70499411232863 0 0
13
1.157828807051137 1.11030039710418 0 0
2.180049143059376 2.096642946445897 0 0
3.261873953324288 3.223426034263044 0 0
3.764930262998023 3.465127597029859 0 0
10.84411428301071 10.81823972647559 0 0
11.87930024871043 11.87523499191508 0 0
13.18449240884748 13.18378329439922 0 0
21.24053368688151 21.00939934739092 0 0
23.45307169301382 23.42419453812162 0 0
26.4296541798238 26.38809500904492 0 0
26.54228422589281 26.50501792467862 0 0
28.83606111023827 28.81625348590089 0 0
29.41727604427751 29.28784571633085 0 0
20
2.821185961360731 3.965561731070149 0 0
5.419174468782082 6.212988819647125 0 0
6.295061518592995 6.973668930271018 0 0
7.300542937637501 7.413478086291655 0 0
7.640176849786104 8.103516436138992 0 0
8.626443486670603 10.70288257874426 0 0
11.03811235424334 11.05192957889448 0 0
11.69665607646421 11.84319667486613 0 0
12.28096309307691 12.95731835047217 0 0
13.48381922390264 14.5110444704591 0 0
14.5272338444057 15.03118197854654 0 0
15.49887226285563 15.91302312844894 0 0
20.94726500854386 21.20169385314613 0 0
21.26593243495491 21.73204312669012 0 0
21.78067630148987 21.85305860972398 0 0
25.06878832731217 25.37111782534653 0 0
25.56573910387825 25.83010606916593 0 0
26.48650704557163 27.15443777460579 0 0
27.82509157814727 29.01674563341405 0 0
29.0237607690033 29.12814679875662 0 0
29
1.825388243586517 1.406949708691283 0 0
3.564390266873712 3.113827052677191 0 0
3.654500177795819 3.577367327413609 0 0
8.743792939179004 3.890481833748754 0 0
8.871589146035932 8.839092300871204 0 0
9.694571301687397 9.691872788808229 0 0
10.86954441475771 10.66017576726837 0 0
11.26204106601368 11.17466461797783 0 0
11.56011256663798 11.46582103213382 0 0
12.46187834495648 12.05357677038921 0 0
13.05847950908058 12.65211877281699 0 0
13.13598445947123 13.06300443809043 0 0
14.32033943921688 13.79148497885036 0 0
15.43762725181337 14.90301522489913 0 0
17.92699953805465 15.48037566951597 0 0
19.01056922428609 18.75020151833524 0 0
19.16625948258176 19.10311261459271 0 0
19.44592988325301 19.30427073746388 0 0
19.8273015122478 19.82397541354391 0 0
20.817237504401 19.86642361467197 0 0
20.9612584372359 20.92246318983673 0 0
21.17032181173565 21.16298941575167 0 0
21.68316514972574 21.55418829166128 0 0
22.49340099256984 22.48407839766378 0 0
23.20611788600927 22.9326432133884 0 0
24.6915172761254 24.69140489393924 0 0
26.08528396729403 25.69747755296529 0 0
26.75280768252704 26.71782790235229 0 0
29.54576448663859 28.73035092032722 0 0
20
0.6080888164988911 0.007276335917286048 0 0
1.045087831216257 0.6224685503167808 0 0
3.740414320160678 1.487895899702424 0 0
5.738469574144675 4.76466627519609 0 0
9.021657561673264 6.324390629200785 0 0
11.23093443111294 9.041527892756744 0 0
11.92423826653462 11.61639890898842 0 0
13.27416046583342 12.05899009405039 0 0
13.42492737925135 13.36406707101785 0 0
15.68460026512753 13.93198532513511 0 0
16.34361028993556 15.88413301970346 0 0
16.91451875448161 16.35200168968277 0 0
17.02554204373139 16.97954974992735 0 0
17.2960982895703 17.04352050205257 0 0
19.8418226578137 17.32944375550035 0 0
21.11062821546264 20.60576038262464 0 0
21.72323967862986 21.1766479566489 0 0
25.01583075274508 22.28350500197294 0 0
25.98954559011908 25.68959356956215 0 0
29.36283219769456 26.36405595863685 0 0
33
0.145610197540293 1.897065295428239 0 0
2.636089488197788 2.739720483606458 0 0
2.741635617578938 3.26325440832963 0 0
3.307928085739165 3.678865975762748 0 0
4.057060638479536 5.030845672274738 0 0
5.220903378609409 5.469421792115341 0 0
5.680410809980962 6.365217133900373 0 0
6.495766065496217 6.685603457122545 0 0
6.725964825674866 6.981705998188511 0 0
7.551330923584223 7.594714329994291 0 0
8.647140960947326 8.909181910301188 0 0
9.137785079409989 9.178914783243183 0 0
10.07203922141914 10.74722671681115 0 0
12.45583192116947 14.05500869723609 0 0
14.72077241140956 14.95655832610531 0 0
15.16461696262286 15.31152448022886 0 0
15.63956317470987 15.74763481119959 0 0
15.85523847961271 16.16805050200019 0 0
16.95083580303726 17.80306513148205 0 0
18.10225162952865 18.2122604625061 0 0
18.21873677473744 18.28509735252011 0 0
19.07854398720144 19.13194283834309 0 0
19.17096403186549 19.55825207032593 0 0
20.36057263714167 20.66677903285478 0 0
22.51575266064887 24.21147878536761 0 0
25.51139620535344 25.93143279234661 0 0
25.98739516589573 26.41442165846958 0 0
26.41727090226386 26.88827491972875 0 0
27.36951378907867 27.98025569788544 0 0
28.06512834741377 28.43001924845759 0 0
28.43926235305993 28.54929107294373 0 0
28.65377203586884 29.76673724758464 0 0
29.80850463359647 30.05549787780323 0 0
22
0.04075991430343606 0.1522268376386103 0 0
0.9348382150935126 1.504129709575889 0 0
2.96164109595228 3.308727892871457 0 0
3.673368445607692 4.008789411709966 0 0
4.970385800490511 5.542085827953533 0 0
7.02244008676878 8.76195843869429 0 0
9.231133669237272 9.25907357897651 0 0
9.689204557716515 9.791652618359961 0 0
11.46008232819179 11.61835185000685 0 0
11.62636310765781 11.72381808743848 0 0
17.04622173164385 17.1298239780452 0 0
17.14824119436353 17.32670550188216 0 0
17.70528166466111 18.25122441044121 0 0
19.24711924832252 19.3895646398534 0 0
19.65529546990478 20.00536444202757 0 0
21.72029630737283 21.99687348987797 0 0
22.11460823998242 22.14762636833829 0 0
23.79671754082862 23.92564173207577 0 0
24.48804663950051 24.56508819933323 0 0
27.92558513604579 28.07524431913321 0 0
28.35171091527281 28.63470693548893 0 0
29.13539414674645 29.79554582308953 0 0
