# Status file for ctqmc. Used to save all times t_s, t_e.
10
24
1.220735505311751 1.464805035339699 0 0
1.64763860236673 1.857692989403107 0 0
2.095164248903325 4.218710540137692 0 0
4.230896911653176 7.49922587986944 0 0
7.574976376934846 8.10821174907994 0 0
8.184536749330007 9.48748629463395 0 0
9.553931006599434 10.63407674956355 0 0
10.64835061705774 10.87763569183521 0 0
10.96984515543749 11.68509260255135 0 0
11.68591812907631 14.90349236315694 0 0
15.37122851990523 16.08178498513307 0 0
16.91039942258316 17.88709255630235 0 0
18.23770618252931 18.64961592350107 0 0
18.87722278174385 20.16669359276874 0 0
20.17879350718028 20.47282539136705 0 0
20.9712777985824 21.1774869819901 0 0
21.30080049532774 23.39837576285504 0 0
23.44473213914874 24.41453906722327 0 0
24.41709445294305 24.64235250658333 0 0
24.74182748720566 25.46386621817589 0 0
25.47306028957812 26.95150871577615 0 0
26.99226029615604 27.61434661075793 0 0
27.68885880674137 28.0376552002374 0 0
28.68977463121003 28.93806973863483 0 0
27
0.007250646165701369 0.2467656880978453 0 0
0.9482615391088183 0.9740193499837428 0 0
1.030954785519334 1.166396537591445 0 0
1.229501812958478 1.967106202675747 0 0
2.683577458205676 2.860180276716521 0 0
2.906531743706137 3.570001445575195 0 0
3.615635081131677 5.652645926364235 0 0
5.686444318904007 6.41207334786912 0 0
6.658166232657148 7.954430518357809 0 0
8.003028100473307 10.31464036765377 0 0
10.80083815644026 13.8011343266041 0 0
14.25345576629903 15.34125865224076 0 0
15.36972252347554 15.60089098511943 0 0
15.62362317587075 16.04687379169937 0 0
16.065415753627 16.97311893471268 0 0
17.05988936476018 17.75377329935213 0 0
17.76625700569928 18.14668103108694 0 0
18.2097905289648 18.87755063796786 0 0
18.92502039436783 19.45192634803404 0 0
20.35202335068069 20.73613594470027 0 0
20.83695080830359 21.14213903426104 0 0
21.80868032368699 24.5292314941066 0 0
26.10110196354349 27.6345784907095 0 0
27.69546885183684 27.71613667433688 0 0
28.14413003556816 28.40621287235255 0 0
28.762569767731 28.88611322905804 0 0
29.57825459692765 29.90847751775753 0 0
15
0.4652648756487316 0.4125412963275288 0 0
1.155478813651254 1.116278163416522 0 0
2.024912897116121 1.469856146282792 0 0
3.52462722692727 2.379599715987002 0 0
5.747088630967207 5.660043179229329 0 0
6.303280794847868 5.807532948680847 0 0
12.34469435262329 12.34462954917374 0 0
13.75785776180143 13.69934522121466 0 0
15.20634756208395 15.20432505767016 0 0
15.75231351733945 15.33739569654388 0 0
17.41328215714922 16.55029480458068 0 0
17.95154059035647 17.71490629290155 0 0
19.8051753360634 19.74910932788822 0 0
21.02046536829248 20.8416862327107 0 0
24.76837481038566 24.76745676916971 0 0
16
1.939589161578877 1.291095026212478 0 0
2.721732462843428 2.383618555885936 0 0
4.849067253359583 4.830375923165697 0 0
10.38081624994341 10.37078834629953 0 0
10.71771350344333 10.69636601234035 0 0
11.39425820948243 11.39317126372668 0 0
14.19493834894254 13.88448607238594 0 0
15.08395677014524 15.07198631581525 0 0
15.39685489423921 15.32841366406212 0 0
19.00804013678572 18.9799253807037 0 0
19.82139073560418 19.80399423429709 0 0
23.91663925804929 23.59153117451399 0 0
25.99908642065265 25.64679603854521 0 0
26.04860597816473 26.02339698613443 0 0
28.7435749003055 28.69696215053819 0 0
29.83665244015508 29.45563397476742 0 0
11
13.88236004182451 13.79866320323534 0 0
15.81838453853974 15.35713841185004 0 0
16.59094985614254 16.52183384526798 0 0
16.71315541808909 16.64597779246369 0 0
19.59469841569225 19.27186731808754 0 0
21.35616310788825 21.16078449871596 0 0
23.22242868422844 23.14155300367542 0 0
24.29797252581014 23.87924381061639 0 0
24.47564210412429 24.41782516533102 0 0
27.29072960728636 27.09656017459101 0 0
29.50661299306947 29.44547968552024 0 0
30
0.9603017326905252 0.8680827443372944 0 0
2.322276461096918 2.172466207081515 0 0
2.857373919866038 2.627132881397232 0 0
4.331218290436627 3.102289648894585 0 0
5.561520431607654 4.358926614675388 0 0
5.876654388576268 5.707811478219148 0 0
9.372179795450958 5.895345178086474 0 0
10.30137127105384 9.912615798945648 0 0
10.62202268525005 10.59328703984988 0 0
11.85501183162839 11.59782862924733 0 0
12.08136168877482 12.03909357535482 0 0
12.75589416541705 12.43169150862189 0 0
13.71844671316667 12.80110658759136 0 0
13.80085927873379 13.77566680597669 0 0
15.12100528187921 14.92944693456713 0 0
16.66693962716473 16.33838901930856 0 0
16.88050294431007 16.73007523027933 0 0
18.81104569635795 16.93134434558489 0 0
19.0146256850579 18.98430416161761 0 0
19.47254356019778 19.43308631319821 0 0
19.4806005793202 19.47767308897102 0 0
19.75248085287914 19.6855737373098 0 0
19.89627148953844 19.82355036904476 0 0
20.503239680148 20.24286421398794 0 0
22.45482178872389 20.87435517596423 0 0
22.95219989025287 22.65616595598089 0 0
27.97678923793533 23.14288174666841 0 0
28.92620092669298 28.30576132006014 0 0
29.40173833278363 29.05983050139504 0 0
29.94982614402734 29.90752434370478 0 0
31
0.4829026481850799 0.3419418267544678 0 0
2.358305798534237 1.278088888629425 0 0
4.955465986485217 3.068897700025496 0 0
4.975154439168909 4.970062947172723 0 0
5.707734243625747 5.65590621967225 0 0
5.857710043908446 5.81370602584033 0 0
7.155305529445251 6.796392841846674 0 0
7.376474448934042 7.347193515170606 0 0
8.169788007700591 7.960102171698241 0 0
8.880913275118003 8.275037098447125 0 0
9.632803784255875 9.380837379158979 0 0
9.898698105789851 9.747137865642749 0 0
12.61750318042734 10.02670554160992 0 0
16.48811019548899 12.84540435968148 0 0
16.97321303236067 16.90576425090929 0 0
17.17146016493657 17.13563601127018 0 0
19.47075104147992 17.38080719269027 0 0
19.79397735781393 19.74528804871095 0 0
20.12638848579377 19.79743112229153 0 0
20.66603809736511 20.60944098258476 0 0
21.12100059194156 20.95427439053179 0 0
21.59791446844428 21.39656979279756 0 0
21.80298074195291 21.69741091274395 0 0
22.84805375466948 22.60452320386868 0 0
24.87157581128587 23.80104547759214 0 0
25.7078005443853 25.34639882741742 0 0
26.76582713945495 25.97054316359107 0 0
27.17144698986301 26.80973101968437 0 0
28.59915990699037 28.495587616827 0 0
28.74411181040533 28.7150326045081 0 0
29.68452639822762 29.60393960356746 0 0
22
0.1832225334787054 1.223903975950159 0 0
1.324542097451596 2.257472625874487 0 0
2.282608497061247 2.743712301351286 0 0
2.958611746833415 5.109694541273345 0 0
8.007320037548217 8.86524430830732 0 0
9.426921811563016 9.651309371697863 0 0
9.698104532026521 9.973712213362115 0 0
11.13507961774512 11.68721924341352 0 0
11.91024739330219 11.9732303339677 0 0
12.38369928481774 13.24423238454752 0 0
13.61933931592188 13.76101950199114 0 0
15.04706216565601 15.13842762515768 0 0
15.58185751848116 17.05081651242621 0 0
17.2056882411283 17.41450898822824 0 0
17.87913861390871 18.05443813741017 0 0
20.13486328397864 20.40878297865598 0 0
21.44722644214484 22.145863269015 0 0
23.05627032084691 23.63776357585475 0 0
23.9720679464422 24.12686876705588 0 0
25.52032989595904 26.75219463356564 0 0
26.79302540688476 26.79660039406131 0 0
29.48893594333119 29.6996730304113 0 0
27
0.917125550253548 1.384599734292351 0 0
1.448754099734289 1.544002610007822 0 0
1.860620620903048 2.176629943319476 0 0
2.184066213306839 2.841701645928607 0 0
4.147677592106978 4.365409603818299 0 0
6.879456676178343 6.958323852702039 0 0
7.040741176421923 7.314779659490597 0 0
7.328712690828523 7.623453914982926 0 0
7.719663180247085 7.812420227345137 0 0
8.280110782261371 8.54989758498021 0 0
10.01078376318818 10.15459143343375 0 0
12.23497620196004 12.35563679645928 0 0
12.362879874917 12.37504214591703 0 0
12.62113835282301 12.80247428622076 0 0
12.90856711569896 12.93415473188304 0 0
13.51042830777932 13.63878041656782 0 0
13.65444813796711 14.34768997953336 0 0
14.41249703261401 15.17927105915497 0 0
16.21276060069058 16.28521585327303 0 0
16.29716049361178 17.45942039029731 0 0
19.5725385941211 20.040462682356 0 0
23.46884799315531 24.23063438788224 0 0
24.26663713168745 25.36632187200516 0 0
25.86116175435991 26.00714404589107 0 0
27.19813100450763 27.48957342651428 0 0
27.54136380180197 28.63735859259056 0 0
28.65747114782825 29.14911854108814 0 0
22
0.03725637922804381 0.06783265781456221 0 0
0.7155875085500962 0.9308336338305274 0 0
2.601813688161111 3.539863465978922 0 0
3.990086928524514 5.105084736337764 0 0
5.745444223019683 6.228141386619628 0 0
6.234990315081014 7.050969781471874 0 0
7.383580953791057 7.431382053301935 0 0
7.545224237038725 7.72775281185885 0 0
7.961711999386923 8.061706140851371 0 0
10.44668218690888 10.52530553658235 0 0
11.49949638253898 11.6981964198977 0 0
12.8758356767912 14.48708744258677 0 0
15.33851221345061 16.93578108077522 0 0
18.98736805558288 19.44468417735114 0 0
20.00369700226712 21.78613574107452 0 0
22.14191597459019 22.17208297071351 0 0
24.23523997750318 24.777784325257 0 0
25.41762161687329 26.37778396820906 0 0
26.60922011871111 26.63846287043361 0 0
27.41135190707037 27.98005067960462 0 0
28.52727303122051 28.79694533044891 0 0
28.89108235671257 29.76266473221474 0 0
