# Status file for ctqmc. Used to save all times t_s, t_e.
10
35
0.04747523973733081 0.5029207676485967 0 0
0.5159842845729805 2.709332353746206 0 0
2.782520405385553 2.967714291442531 0 0
3.047976163080183 3.734932318314211 0 0
3.740634148485471 4.638637226258465 0 0
4.712578120639058 5.70420276086079 0 0
5.719635874088477 6.146776711537229 0 0
6.159686746614866 7.152766398872977 0 0
7.22436462054157 7.249108978567648 0 0
7.27481728392106 7.827757542411893 0 0
7.850353166935064 9.004921608263242 0 0
9.162731269926295 9.171073513232479 0 0
9.776957489233379 10.11732618369024 0 0
10.1849659874478 10.72453986435843 0 0
10.91310288404729 11.15816518287962 0 0
11.20492835208753 12.09673602745717 0 0
12.14505164039868 12.75132496545271 0 0
12.78961976388258 13.00466161971514 0 0
13.11337408580305 13.54635570201641 0 0
13.6416477668909 17.47407862259903 0 0
17.53522732979614 18.37468074624415 0 0
18.39683603602845 18.77580650088084 0 0
18.83658328898541 19.38526500555024 0 0
19.59048700584311 20.51806960657472 0 0
20.69669428620378 20.69943974455626 0 0
20.76166475192266 20.7682838378903 0 0
20.96292998823625 21.88150625559332 0 0
22.05363247183551 22.35122467007103 0 0
22.3744971460818 23.16229529742333 0 0
23.52057381033201 23.96392700506975 0 0
24.01281927056943 24.76870212583547 0 0
24.85940714963776 25.70238539066504 0 0
25.70454162838423 26.39806300961311 0 0
26.81187508801585 28.23183317703224 0 0
28.26673831706714 30.06347845271655 0 0
20
1.647581380302449 1.536500359484819 0 0
1.72619653903142 1.723937355252488 0 0
6.729180580099841 6.599153767772995 0 0
8.020410222171643 7.902745427567407 0 0
8.733345778988809 8.689104609726151 0 0
8.95178733116442 8.887115637070432 0 0
10.8501438131501 10.47815207021269 0 0
11.46890678314441 10.91264678427493 0 0
12.81326924825558 12.73881084633505 0 0
13.17486911640511 13.07662548659633 0 0
14.16913797905952 14.09570079610989 0 0
15.80681234448382 15.73748429506372 0 0
17.76005345934664 17.74022197240284 0 0
18.57276795687948 18.43965018671045 0 0
19.23899404216343 19.06554772073731 0 0
19.54872389698521 19.53360606577135 0 0
20.51346643124033 20.40827848626736 0 0
24.50233242899991 23.80217964490872 0 0
27.86812866943509 27.58642530455108 0 0
28.40736309970672 28.37217376798241 0 0
6
5.755123035687205 5.723501195128648 0 0
7.440075030608156 7.34086331818276 0 0
8.250631133287488 7.685952138769887 0 0
17.05091385185228 16.99317530188653 0 0
22.19590665466108 21.03262540236941 0 0
23.05229984771423 22.96071661843339 0 0
23
0.1075729418912239 0.1300316950390972 0 0
0.1654584355496741 1.705937412462055 0 0
1.743496520421228 2.083238036802761 0 0
2.105005920232461 4.966101052515442 0 0
5.023089979712071 11.43886785369806 0 0
11.56677844409626 12.20110809027549 0 0
12.86706099350633 12.94275111984466 0 0
13.47807431575631 13.87018222291159 0 0
14.13365020601905 14.84119618266002 0 0
14.92687297563922 16.29996983286249 0 0
16.31294951664119 17.11959683538253 0 0
17.37768743203537 18.33327750072021 0 0
18.35605060467958 18.63818193998801 0 0
18.80053707138889 20.53107981069258 0 0
21.14727820495985 21.18682772073873 0 0
21.31911080900213 22.41674469101123 0 0
22.44446039506486 22.85551301969841 0 0
23.01141910021199 24.06096962336599 0 0
24.28039968056805 25.79588888420515 0 0
25.82938754775433 27.39876626161366 0 0
27.42523718077923 27.77384534014309 0 0
28.28994613681525 28.30704893449552 0 0
28.53652335818472 30.05890389379321 0 0
13
2.549885362008023 2.493545119006573 0 0
3.876646833999712 3.536697793682375 0 0
4.073159803703473 4.031419496015503 0 0
6.615595482917124 6.58359800482275 0 0
8.832995158806533 8.820818717300517 0 0
12.5200573953364 12.28264610626586 0 0
13.54686870489518 13.22361665269488 0 0
14.35032830124748 14.2646625898151 0 0
17.40799032486039 17.31005721619561 0 0
24.35421963354096 24.29219061681927 0 0
28.74373709831717 27.54033392223699 0 0
28.92226805861008 28.78871958767623 0 0
29.65505746889412 29.16233516249626 0 0
28
1.427725958831129 2.069319528868466 0 0
2.248633046052001 2.618319111249151 0 0
2.65374733388559 2.681760318006223 0 0
3.498104016670152 3.775260726546763 0 0
5.685197683181286 5.877310604080403 0 0
6.29341483568666 6.606644597145861 0 0
6.620787216578489 6.730443866071407 0 0
7.140719742333051 7.24895107493001 0 0
7.439840028854767 7.886056798776349 0 0
7.987261803148912 8.273595741969569 0 0
8.502211695125462 8.927761578778741 0 0
8.984483063569314 9.706373548576146 0 0
9.999271599318003 11.07233815864174 0 0
11.07508455883746 11.73384583234301 0 0
12.07610664973085 12.21175535418758 0 0
13.40330074502719 13.68526902244388 0 0
14.14749949063459 15.64303792852622 0 0
15.73432464415297 15.78638835800253 0 0
18.73116146043137 18.97651526237789 0 0
19.39651271026037 19.79441873644419 0 0
19.89721794100003 22.38654692927859 0 0
22.83174923741949 22.85078324498544 0 0
25.11984675250543 25.16933490971108 0 0
25.31581918695759 25.32491904527673 0 0
26.7302551805437 27.32448227222792 0 0
27.42160884046567 28.18481983635345 0 0
28.19262386828351 28.95252157665774 0 0
29.20274751207113 29.42177638470135 0 0
27
2.909294313193108 3.543367491504488 0 0
3.638460054504124 4.630615532250758 0 0
5.98463237083254 6.068764042902655 0 0
6.122841684650255 6.757492579549406 0 0
7.832605181412701 8.71636221833546 0 0
8.727750083920608 9.030636159589386 0 0
9.263349614734935 10.79579511164836 0 0
11.19387429152831 12.33300913433917 0 0
12.33895253149641 12.87434796858247 0 0
13.8715023834375 14.31730157699793 0 0
14.58747433600256 15.44164446074423 0 0
16.67449559760863 17.87310836154402 0 0
17.87723334700957 18.02097450851333 0 0
19.0883100747341 19.22240942178568 0 0
19.2262046716177 21.84943678134048 0 0
22.17441199346737 22.70973265981911 0 0
23.25152420291927 23.25810417105444 0 0
23.41479177569252 23.84234901506503 0 0
23.90915005613816 24.1914982793374 0 0
24.50268581040233 24.73217515383198 0 0
24.82682933882203 25.70729400641195 0 0
25.88022649546257 26.46753754525285 0 0
28.20482466318204 28.26451580420501 0 0
28.30679754950648 28.39462975923374 0 0
29.05125554922915 29.05211193268676 0 0
29.11763068577499 29.2815864474385 0 0
29.29633258811262 29.6765460274475 0 0
14
0.234679708430221 0.4991693666898175 0 0
0.5511581866167806 0.638213547142548 0 0
2.67540419787205 3.125295113453671 0 0
6.606789197236316 6.819701651580902 0 0
7.010264218460762 7.067691456972902 0 0
7.182635878326082 7.821352185682615 0 0
8.008476008044751 8.018299224487567 0 0
8.023198842008334 8.365794968381016 0 0
13.13943944155295 13.55135098019475 0 0
16.4444265229467 16.77056916787185 0 0
20.14915655082467 20.17693118757896 0 0
21.00660539697275 21.14487141091455 0 0
22.11875706115972 22.44317042749257 0 0
22.71001588157099 24.42790394659031 0 0
29
2.486157849447166 0.3865869907874731 0 0
2.918022733559009 2.491995212934575 0 0
4.666964547866474 3.246101576886059 0 0
5.922606178842032 5.584459374367469 0 0
7.627361206556029 6.09124356005854 0 0
8.367293933580601 7.794547810720033 0 0
10.05704419922368 9.150422880418692 0 0
10.86202091608904 10.30466513040139 0 0
11.17058425774457 11.10886172206011 0 0
12.19993838490739 11.84581040772608 0 0
13.10783907217043 13.079624119548 0 0
15.66621047553916 13.17220070321088 0 0
16.69272784560754 15.77265970520597 0 0
17.2535093973403 16.96603156147766 0 0
18.54906231162773 17.66530634124999 0 0
19.41960892499256 18.70955340234303 0 0
20.23687326431605 19.45805611383688 0 0
20.63761561910958 20.48490842984455 0 0
22.86582715752683 21.62794603609515 0 0
23.75650676599715 23.26878622194505 0 0
24.22723502635671 24.15495249183367 0 0
24.93522131786408 24.85042408783892 0 0
25.95159798268036 25.57185810805128 0 0
26.243895101381 26.2200683179203 0 0
27.57491062605224 26.36007305314435 0 0
27.79045186496378 27.65018403530519 0 0
27.87088484039021 27.80692266865039 0 0
28.73271019627506 28.6510361718973 0 0
29.64117007932764 28.73976507134233 0 0
29
0.5260096696153347 0.08493269220050337 0 0
1.82558794820646 1.277567331457967 0 0
1.90232417206365 1.880019072085872 0 0
3.159652954622049 2.141947418939476 0 0
3.481769437855977 3.322277377813528 0 0
4.443574473304896 3.924963334154246 0 0
5.235470016809463 5.065831251468373 0 0
6.863899239838387 5.278451416760881 0 0
7.005745476335769 6.865921772539861 0 0
7.571395910596534 7.476280197924593 0 0
9.985918471383044 8.497910502688491 0 0
10.77322059470814 10.45918220167114 0 0
11.56557138648564 10.96411089080255 0 0
12.06116649644548 11.69684965933306 0 0
13.03653731328647 12.97374080451953 0 0
13.35157873811533 13.30129884180495 0 0
13.78914145963275 13.45987309793122 0 0
14.54741706954404 14.26396281999176 0 0
15.66122861398128 14.64704790879429 0 0
16.65008127687792 15.95338416265384 0 0
19.143176877843 17.10989993033547 0 0
19.50918447363138 19.3127489821686 0 0
20.28346720317821 19.69706113237607 0 0
22.28828244067232 20.32216473781149 0 0
22.55693203783145 22.47467164642937 0 0
24.62826868027527 22.65340467888807 0 0
26.21216435676381 24.76142928113931 0 0
26.96468454799044 26.85458070804009 0 0
29.45508605260197 28.24837194656273 0 0
