# Status file for ctqmc. Used to save all times t_s, t_e.
10
24
1.110286367054303 0.6726615708544471 0 0
4.655062333123366 4.606262777570597 0 0
5.74327013656939 5.731013486095572 0 0
6.326432649365248 6.10255796831886 0 0
6.972640859900809 6.741704628974607 0 0
10.46393054853403 10.46337835109712 0 0
11.56233772731093 11.50919247526843 0 0
12.26890013283816 12.17114159242485 0 0
12.86398489109664 12.28300921286314 0 0
13.01144395778623 12.96773600160492 0 0
13.52943956385039 13.52052802072088 0 0
14.17669064426468 13.53531470367844 0 0
14.61918406555653 14.57683534315758 0 0
15.11799031097797 15.07934841133409 0 0
16.29737317224803 16.29235953131118 0 0
18.90223755667326 18.82059096470515 0 0
19.96871544763274 19.05725833822294 0 0
22.81998162941632 21.7326706161826 0 0
23.18950256010406 23.09926688113856 0 0
24.47784621061978 24.43791230673139 0 0
25.15779799156412 25.13375391067342 0 0
25.31937824251295 25.28830219594369 0 0
25.61795160256451 25.49350683029843 0 0
28.68190798353435 28.64045146946467 0 0
23
0.2171931026272382 0.2111602873943603 0 0
1.657071703155904 1.548111738373885 0 0
2.303127687349738 2.298448048197657 0 0
2.756237266975586 2.691832361703082 0 0
3.58666900690157 3.490629275084447 0 0
7.423178776711543 7.329260054005385 0 0
8.058018569105924 7.6562836753235 0 0
9.716146526513523 8.524437459659636 0 0
11.83523930673425 11.68624601067414 0 0
12.59783312357506 12.07488080006158 0 0
13.0126571919659 12.88359948704759 0 0
14.15407294407192 13.56472903355956 0 0
15.29541068515397 15.1395826195226 0 0
16.14913937104402 15.34943506720721 0 0
16.97777146017378 16.7412988415278 0 0
18.77817803253116 18.75654135648712 0 0
19.30259907125764 19.14461233248425 0 0
21.21344414160361 21.20103505752288 0 0
21.61827601081969 21.41700922114302 0 0
21.92497287035361 21.83444641158818 0 0
22.34754091425287 22.24109162044344 0 0
28.79616161109356 28.7585184047473 0 0
30.02503525565429 29.9187677537169 0 0
9
0.6858651320827172 0.5847288372119664 0 0
1.152506149510995 0.8114065350404045 0 0
1.44382240675701 1.415779038096164 0 0
7.083394626860211 7.078239998221802 0 0
9.946334406202023 9.590894671395468 0 0
17.82042740552047 17.72279255291956 0 0
23.248925958129 23.2217898567241 0 0
27.41186065311629 27.331668114336 0 0
28.1702103040226 28.13709615065203 0 0
20
0.09653302203753711 0.07345731420742041 0 0
2.083271497220707 2.069423243938957 0 0
6.226523779870687 6.185925504740133 0 0
7.87618933363031 7.85836090910185 0 0
8.029098540370299 7.95637992075626 0 0
8.250532413787383 8.194779751250589 0 0
10.24429436550136 8.394339730431716 0 0
11.59254195959631 11.47814438131736 0 0
11.8027641034937 11.73328480672065 0 0
12.02894995947984 11.86437104575134 0 0
12.11891603859967 12.05495338468249 0 0
15.50680077840726 15.44241021752375 0 0
18.15488873851387 18.14139098310568 0 0
20.162366895352 19.69446159475114 0 0
21.14341913946644 21.03310025583175 0 0
23.09524918528651 23.08419604023772 0 0
23.96012039115293 23.75552955397621 0 0
25.28946887116117 25.13709295325351 0 0
25.81367385675055 25.60104862599533 0 0
28.8093309685876 27.48805942368309 0 0
5
10.23845187306804 10.20752318448611 0 0
15.29583137607824 15.07773105133477 0 0
18.95078751826258 18.94955492195542 0 0
27.79187578704423 27.77706202646636 0 0
29.77405319107542 29.73323917355932 0 0
34
0.506060308880123 0.04345561497802919 0 0
0.6535265850092125 0.643512952379691 0 0
1.570762598418762 1.36004250927709 0 0
1.760039709086723 1.720890770312625 0 0
2.811967659064734 2.01330438347705 0 0
3.724995791568035 2.908526032881753 0 0
4.4193361023007 4.286878126328226 0 0
4.60539900508576 4.592368670040039 0 0
4.717177768135315 4.64625366646601 0 0
5.332322927993374 4.906839094407689 0 0
7.372319406445654 6.58881853649807 0 0
9.551134102690977 9.511217160919674 0 0
10.09029334343278 10.02555467391675 0 0
11.04733677085433 10.93743734786901 0 0
11.4697050335087 11.39847305688054 0 0
12.5390492796914 12.46727702775559 0 0
13.07926424856579 12.87550495017209 0 0
14.43327870816962 14.0915809514071 0 0
15.93702984754865 14.51964936182334 0 0
16.0842962529181 16.03468641662553 0 0
16.53501633566567 16.11217878654248 0 0
18.47009142687097 17.23482501907514 0 0
19.07797897462795 18.86194781144479 0 0
23.59882319530405 22.44240130665236 0 0
24.04819850723067 24.01290936421152 0 0
24.57159541473136 24.2019114174359 0 0
25.40674277267885 24.64694494409569 0 0
27.58231360571817 25.7162309556504 0 0
27.88001773576092 27.81687083010326 0 0
27.95582569178263 27.91386247761012 0 0
28.59053156281486 28.5882832839233 0 0
29.30657498529692 28.98950140885986 0 0
29.72661814047851 29.56251774281529 0 0
29.98377136197022 29.98229697980655 0 0
23
3.07052129488453 3.592649453067682 0 0
5.260722439182042 5.561304760827646 0 0
5.715650754624162 5.737368333663177 0 0
6.593548887602579 6.899399693557813 0 0
6.938991214543092 7.01085514107502 0 0
7.089818367330078 7.817947482419833 0 0
7.920056656126761 8.465457728103065 0 0
8.57008183462167 10.02081172208803 0 0
10.58833614899749 11.41901418299638 0 0
12.28836103255226 12.82243353271797 0 0
12.84401598651203 13.07274457751625 0 0
13.89987447557143 14.2697624021249 0 0
15.02356467376057 15.93135792354706 0 0
16.30468647225207 17.18914421609199 0 0
17.48296269529374 17.88901650910746 0 0
19.03613797195609 19.08510263695856 0 0
19.6949293284015 20.07728795863127 0 0
21.99479031687679 22.68308549999498 0 0
24.8270512288811 24.90042170415219 0 0
24.91205599114654 25.18751035336999 0 0
25.64125327249022 26.24376962551199 0 0
26.58467507817509 28.0247622691917 0 0
28.41493084833864 28.47998629164243 0 0
19
0.2119751284389437 0.7707127790259349 0 0
0.8884261166536529 1.430785015680328 0 0
1.481545821638327 1.829480800461616 0 0
3.58452733717426 4.040197954470135 0 0
4.908370679364361 5.159153615183891 0 0
5.742806871760553 6.87574702852712 0 0
9.403046951528218 10.22452528389298 0 0
12.07357771859242 12.59887550341475 0 0
12.87962704130083 13.15503292171572 0 0
13.29794333847256 13.37294696724223 0 0
15.06235357348444 15.4107757714498 0 0
15.93467058370643 16.04639730599477 0 0
16.20938348190921 16.71869231543399 0 0
17.62537996064463 17.87094148660984 0 0
18.62687431061802 18.73605321420154 0 0
25.00115256406819 25.46105394025434 0 0
26.03096898432738 26.1005875468468 0 0
26.33971157295422 26.68867793414356 0 0
27.64220529493538 27.80101298673242 0 0
29
0.3882027399270847 1.348224788094741 0 0
4.452710793182698 4.525556195147687 0 0
4.562501838581831 4.882448178903672 0 0
6.589454014421587 6.98354818351637 0 0
7.651496378939885 7.671336005369872 0 0
8.604660753534212 8.652959241385641 0 0
8.760638885040914 9.058201569343108 0 0
9.072399103789394 9.44501736754343 0 0
9.469639463999759 10.21212232277118 0 0
10.34480359433506 10.44775659402287 0 0
11.351342978887 11.37359160625709 0 0
11.67392093082121 12.07409350342193 0 0
13.12609526048537 14.07658803732366 0 0
14.49713106217634 14.49959369689426 0 0
14.59924653943238 15.8863222228748 0 0
17.4761089980002 17.5943758994702 0 0
17.85163515472069 18.24975715409886 0 0
18.25003265000706 20.19698480963009 0 0
21.88995497821705 22.01687293185605 0 0
23.11580854462945 23.17155866573493 0 0
23.32314177906898 23.40416201642839 0 0
23.41862922901538 23.53628513166577 0 0
24.28669089314858 24.37426983289896 0 0
24.64286491762127 25.01345313395883 0 0
25.29065408973704 25.45200466318801 0 0
25.99343886232966 27.24463119336039 0 0
27.26776481984352 28.46755911544508 0 0
28.48016519402416 28.88738669186293 0 0
28.94494040377484 28.99482874567661 0 0
24
0.3360634520555741 0.4172741499328474 0 0
0.5557910271457367 1.178558661126562 0 0
1.504242041119537 1.706001815786552 0 0
2.238367477544434 2.714969749357802 0 0
3.667258757054241 3.810772819146039 0 0
5.044353701566944 5.237267275725685 0 0
7.604409723507231 7.903777190758595 0 0
8.859796522843334 9.270182932544792 0 0
9.276647305387387 9.661948674294219 0 0
11.73206369926398 11.75554169920556 0 0
11.88354913883514 12.47254701083768 0 0
12.69971278314308 12.7960984403158 0 0
12.84687104361902 13.60816689285013 0 0
14.59937512912659 15.67352066765438 0 0
15.86646511672042 16.37850838971801 0 0
18.87588825894487 19.0730262134923 0 0
19.47864636361139 19.6431862844759 0 0
22.07536453246808 22.50093364453712 0 0
22.67359258633228 22.77296856217687 0 0
22.93856079167794 24.2213349860308 0 0
25.24238648006277 25.37948469989279 0 0
25.44108409989029 25.77112616783229 0 0
25.83598236751746 25.84104832246659 0 0
28.52388923363502 28.54613925865023 0 0
