# Status file for ctqmc. Used to save all times t_s, t_e.
10
20
0.2132594971164478 0.2044967631445829 0 0
1.399999855181963 1.39384833649107 0 0
1.696137827026565 1.66053698702177 0 0
1.727074271860248 1.7045513478624 0 0
3.723099002051191 3.71802906910031 0 0
4.731928185966761 4.651666250837518 0 0
5.145653114997394 5.083786732940721 0 0
9.469137514836204 9.202652321339009 0 0
11.98343432423547 11.75236291890458 0 0
12.43856450943366 12.18453554910986 0 0
15.11326154258997 13.35691523221332 0 0
17.08244435676849 17.06077678544178 0 0
18.68315811463858 18.67684853628959 0 0
18.89079939605439 18.77961121209891 0 0
19.42401064129851 19.33836885084362 0 0
19.79966858033775 19.65043635204022 0 0
21.36714982453583 21.06025632198931 0 0
24.89388332527083 24.75397490677421 0 0
27.81764093568545 27.76725900656516 0 0
28.1050238940583 27.91226243983945 0 0
25
0.5073903685218379 0.1193939288285968 0 0
0.7057116341144256 0.5938364013526661 0 0
1.346007488954976 0.7188315311864989 0 0
3.956170496720328 3.920650130158676 0 0
5.56739552911823 4.87960417782703 0 0
6.80450169398026 6.199370296700344 0 0
7.03794588071526 7.019237493186192 0 0
7.67270555419427 7.564517227671883 0 0
7.708899046261338 7.695202608334742 0 0
8.078304364321621 8.007707521769392 0 0
10.92853967994526 10.81229002292532 0 0
11.21205004661755 11.09951815522551 0 0
11.80596231683197 11.44058505552402 0 0
13.41277913038717 13.29849413243106 0 0
14.24573117774341 14.03401751815245 0 0
16.91941136585425 16.60187735558577 0 0
17.96845021989171 17.88301833652135 0 0
20.90103230922227 20.75871107644791 0 0
21.11841187427837 21.11786091559241 0 0
24.45476760615734 24.13025510955549 0 0
26.66608886569221 26.61798134952192 0 0
26.96622923088781 26.88807063201349 0 0
27.88422208522148 27.67342315582441 0 0
28.3803626832542 28.37294892866674 0 0
29.83558764384246 29.71639136009246 0 0
7
1.901512540085285 1.896456784806417 0 0
5.924305374539871 5.838108008859114 0 0
10.7340541244302 10.70590032523288 0 0
13.03302689308822 13.00811782754934 0 0
16.40815850544607 16.33586796220653 0 0
19.20841720778373 19.12848498486063 0 0
24.74688911246003 24.73242808226584 0 0
24
0.8863258974154424 0.2061203484411323 0 0
4.798950656606255 4.743424540008622 0 0
6.125886036812027 5.533605857377497 0 0
7.331489533308571 7.175910125032754 0 0
13.45713851076047 11.53998459082436 0 0
15.69610422151264 14.96682844840418 0 0
15.86987865033317 15.85472792799924 0 0
16.21183987947286 15.96522351582937 0 0
18.10719860367728 18.10718407985098 0 0
19.90510141292391 18.84571291968937 0 0
20.50687716519622 19.9481142566493 0 0
20.93011110794236 20.73060067446707 0 0
20.95475712100876 20.94539853392205 0 0
21.69649908992148 21.20919517834863 0 0
23.2243087127935 22.75950089214455 0 0
23.92712354078534 23.84335629077274 0 0
24.25292082470576 24.12799449100383 0 0
24.7163137063619 24.64940217457826 0 0
24.84693387068287 24.82430343705892 0 0
25.15816709938426 25.13379392714569 0 0
27.86002797861293 27.74968510321312 0 0
29.03916300274246 28.97376145660849 0 0
29.34735324875629 29.34652660473325 0 0
29.93559602275424 29.91187885116275 0 0
12
4.880872196997321 4.735802950578224 0 0
5.908792852354873 5.691443529825383 0 0
10.08638461048637 9.160757617134479 0 0
11.661647304269 11.61527304538089 0 0
16.30536382023344 14.80048598358396 0 0
16.67601395404438 16.62611999068666 0 0
17.0307546105624 16.72534565594225 0 0
18.87068207680826 18.22921260077399 0 0
20.24711880166132 20.212617628484 0 0
22.72009331533262 22.71561168605278 0 0
23.38741224769227 23.37891768582064 0 0
26.94735939985993 26.93853816647098 0 0
33
0.06611425519324143 0.07506528583374715 0 0
0.1877463502537344 0.4106284075046318 0 0
1.656994931233996 3.172089999492338 0 0
3.24693512871848 3.858935583012549 0 0
4.460730322633825 4.672765704747841 0 0
5.441037054089436 5.478241499956441 0 0
5.728437027346852 6.000577217542437 0 0
7.462555613348466 7.682749445409391 0 0
7.945653878402943 7.980714834217941 0 0
8.039692734908483 8.118370067805806 0 0
9.362729676419018 9.715748257013505 0 0
9.800834243213487 10.5659589272732 0 0
11.92141601324566 12.6152840529758 0 0
12.75141281745223 13.07757459911972 0 0
13.1403665815517 14.29813060718736 0 0
14.38608184643923 14.40983027527311 0 0
14.41600974974522 15.11367115856764 0 0
15.65201347668416 15.94328594886503 0 0
16.74270006783763 17.08746698066663 0 0
17.42000780530638 17.63198958524945 0 0
17.90098408406574 18.04000278118944 0 0
18.13903571972043 18.38278696135434 0 0
20.64979450156667 20.7767251217155 0 0
20.97724035714085 20.98225756820439 0 0
21.07225376963785 21.45326535124972 0 0
21.81298279120115 22.26455675800251 0 0
22.45902048305858 22.47041031473807 0 0
23.63757947670791 24.8941819503663 0 0
25.16045217202695 25.42823991078605 0 0
25.45205459628067 25.51917558283284 0 0
25.65835361443882 25.71232351599199 0 0
25.95984600784733 26.01193697429789 0 0
27.90674676213083 29.20528352628354 0 0
29
1.243273268666698 1.804778171399421 0 0
2.8472612198696 3.635230202142398 0 0
3.742813019930058 3.818773426420522 0 0
3.887085657531434 4.156980736673887 0 0
4.168987451918673 4.31675000156123 0 0
4.700829901126124 5.407848285334053 0 0
6.597273697540564 6.715485367229216 0 0
7.590013465286861 7.61247136313275 0 0
7.952098574116929 9.82992295051357 0 0
9.873818647291895 10.07014908576939 0 0
10.1754030948142 10.25534422257199 0 0
10.47825864211174 11.21993837554964 0 0
11.53882402121243 12.70329467168322 0 0
12.99649799394694 13.60206443363035 0 0
13.65549273702086 14.28264857774116 0 0
14.56826738412902 14.65673671139501 0 0
16.14481580967457 16.30589840210635 0 0
16.37874684194573 16.95159884750821 0 0
17.38213446825513 17.78772793930126 0 0
18.17094780428824 19.49659621750355 0 0
19.60047005894853 20.85487616124912 0 0
20.94589034999408 21.45181677356023 0 0
21.50673294060939 21.55592592985394 0 0
22.09021275232096 22.3450172681493 0 0
24.18285239823058 24.44068256823136 0 0
25.72165086660739 27.52993964677077 0 0
27.6322319313903 27.91349910413383 0 0
27.95524603880817 28.09421722152664 0 0
28.28588844055348 28.45431786111179 0 0
25
5.265101351007687 0.8414964311177719 0 0
5.460581630415833 5.444941281437837 0 0
5.845909395730867 5.75045715073519 0 0
5.951689818769315 5.890660116118066 0 0
6.845389635825355 6.04648230805634 0 0
7.658211636811968 6.932503602090828 0 0
11.35439572935493 7.777362773834209 0 0
11.59356325593113 11.5686636917198 0 0
11.83787866521571 11.68118694537487 0 0
12.10226259167982 11.87889836235514 0 0
12.16445860599107 12.14304368467069 0 0
13.27647712997632 12.64120025780179 0 0
13.91450059458459 13.52443281900912 0 0
14.20602371077459 13.91453943302432 0 0
14.72977610638626 14.52228488667469 0 0
19.15228965916559 15.1790242774298 0 0
20.78950456343206 19.45547481823287 0 0
22.73355287384064 20.87676478187409 0 0
23.03583307437578 23.00675298702622 0 0
23.48772147051908 23.23634532904617 0 0
26.88852019562457 23.96586894760925 0 0
27.70266242374546 27.66789259870312 0 0
27.95136390708821 27.86872111358431 0 0
29.1613597249006 28.94841418398731 0 0
29.53514884263401 29.24841027399294 0 0
33
0.6652217897608743 0.05064018182951102 0 0
2.303454535092441 1.267178378768056 0 0
2.388643219595443 2.383762909497414 0 0
2.908642225175456 2.468836270878453 0 0
3.624233946953614 3.126575932915581 0 0
4.660029933258233 3.851391663276062 0 0
6.027268321374478 5.969996937595456 0 0
7.142161114368154 6.5436461360243 0 0
7.576261401457153 7.456840899476939 0 0
7.8282222908007 7.776026954089996 0 0
11.82577953827822 7.851469591925509 0 0
11.94566938436218 11.92870496703379 0 0
12.39730914619229 12.37897838654833 0 0
13.05394683832536 12.80349404925783 0 0
13.68052375816764 13.23067878213847 0 0
14.23897188163281 13.93753976590613 0 0
14.60230814925353 14.55125790624737 0 0
16.91162522889863 15.63341106539242 0 0
19.00502993276983 17.17805619610341 0 0
21.27266375169334 20.62352834223087 0 0
22.3148139458574 21.53039801927966 0 0
22.49139824571835 22.38308303706933 0 0
23.25902246635906 23.21619567606181 0 0
23.8066178884811 23.43892342066775 0 0
24.11235183336025 24.01308626337091 0 0
25.01790486028619 24.99628669234145 0 0
25.08470576033684 25.07892676138588 0 0
26.34965922714807 25.33387010010318 0 0
26.86814570707372 26.80880794811771 0 0
27.30432632326188 26.95461466459932 0 0
28.28643926461005 27.97510929161673 0 0
29.23951875479087 28.54664809606047 0 0
29.59626272489602 29.57554206709658 0 0
22
3.536277751685425 3.558900860310045 0 0
4.729357382916163 4.823549789349627 0 0
4.834777158496135 5.07769056352614 0 0
6.181021519541629 6.196010400821248 0 0
6.724022203214568 7.128906654691019 0 0
7.232258760137742 7.533818326970594 0 0
8.244628620758187 9.55131145869845 0 0
10.62513025854731 12.30809148883994 0 0
12.56420900423211 12.89893384399478 0 0
13.97933475698844 14.37012863519562 0 0
14.54324985348066 15.53624774667801 0 0
15.59945786172275 16.32875965022028 0 0
16.38682787599723 17.34989175495997 0 0
17.92799660251108 18.72927408347785 0 0
18.88509689718995 18.99845672367494 0 0
19.2651371897482 19.4401669363266 0 0
19.72241373922885 19.72345378242293 0 0
20.49518820673474 21.32404935127447 0 0
21.41224136219594 21.5320294622006 0 0
21.56196575933352 21.93864313296562 0 0
24.81701417462638 26.21150275973331 0 0
27.64409387465807 27.96063890789045 0 0
