# Status file for ctqmc. Used to save all times t_s, t_e.
10
23
2.695408802459396 2.434427021646011 0 0
4.213566571924876 3.939196800449773 0 0
4.775345846666614 4.590747507425547 0 0
5.315876495268438 5.302186485190168 0 0
8.741579059171675 8.727953967678843 0 0
9.162843724722814 9.103589416758821 0 0
12.43063367671151 12.31353968030947 0 0
13.06019581261877 12.87637310399666 0 0
14.17953315633395 13.88687388455158 0 0
14.35059620517151 14.3371228635098 0 0
15.38733785864199 15.37572285369659 0 0
16.45221521054021 16.3490905868061 0 0
16.87977582386172 16.85976901512663 0 0
17.52990304905447 17.48590693295948 0 0
18.40880768170969 18.40594106883534 0 0
19.41669391587286 18.55143089677401 0 0
21.52429565119544 21.49583428619671 0 0
21.69933339808297 21.60038135010318 0 0
21.99323917196041 21.92747463971414 0 0
24.62458697469481 24.31052254936741 0 0
27.69796868206146 27.6943670638346 0 0
28.76390186199331 28.64330976330971 0 0
29.13569933218116 29.13483213663566 0 0
23
1.612149041712629 1.003455704156531 0 0
2.183069098732546 1.961978680140846 0 0
2.536172107053133 2.204582787737401 0 0
3.089634713255534 3.030383432919469 0 0
4.310691171054288 4.148987996314871 0 0
6.590514423610902 6.498242731640589 0 0
6.704410139630278 6.684514645948714 0 0
8.547479943174819 8.221308009739412 0 0
8.724978360861185 8.569384382900738 0 0
8.939712016989732 8.854266388289085 0 0
10.73664740560214 10.58156397797982 0 0
14.93998562716592 14.44293731044322 0 0
18.04257443164958 17.91026721726045 0 0
18.90924831714121 18.8583916489112 0 0
19.83444835151265 19.6414430344589 0 0
21.91136833616931 21.7918856369565 0 0
22.29612612604245 22.18117609586974 0 0
22.36125841989156 22.35000715938445 0 0
23.5781267497293 22.42254289512005 0 0
23.6354234208497 23.59998972673289 0 0
24.8605845399909 24.76520792204199 0 0
27.90627055211915 27.89553558104087 0 0
29.67604904876143 28.48308341325878 0 0
10
0.04489678366708105 5.819649992453401 0 0
5.948575175859431 6.638724115557499 0 0
6.806589586692605 11.09874783760347 0 0
11.18899260975112 11.98432419629942 0 0
11.98455477194779 12.05603442202508 0 0
12.20299004091393 17.71248115965474 0 0
17.76495790529089 21.74593039808607 0 0
21.82408591163783 23.91252166305872 0 0
23.9316605243427 28.0354746876028 0 0
28.13940331902664 29.99723182572312 0 0
27
0.4056787843388184 0.3801199929457373 0 0
0.9394823456944515 0.7552798983098556 0 0
2.915100742153672 2.43672052027033 0 0
7.895731718992804 7.742450882830323 0 0
8.385798160792186 8.00163002653818 0 0
8.848598426238407 8.620786446352207 0 0
9.951219149104826 8.919418032028519 0 0
10.50279042134874 10.50029678806799 0 0
11.04912659304202 11.00292525404806 0 0
13.06926268408469 12.96408806902954 0 0
15.68413258665291 13.89923189992944 0 0
16.75614158063272 16.67158820835489 0 0
17.42919898217732 17.42486093283695 0 0
18.00498931862194 17.98285282626274 0 0
18.39787395654539 18.36496657136346 0 0
19.33887881224106 18.82623365457432 0 0
20.01268332649396 19.91631316369503 0 0
20.29359140824558 20.11568285291897 0 0
20.65672600084157 20.56812340530825 0 0
22.16020851045812 22.15036730607224 0 0
23.53188880830255 23.37711746445532 0 0
24.04820478775848 24.01210056038334 0 0
24.6142659688473 24.19885654322127 0 0
25.96989346721127 25.80389002114842 0 0
27.39614293469921 27.37936263108538 0 0
28.69212608105387 27.43192490277135 0 0
29.91733105378097 29.57199018547804 0 0
10
0.813315428319364 0.6607995004008629 0 0
1.473503109031878 1.092932440284446 0 0
4.440907914510308 3.79255060926471 0 0
7.460018272043232 7.286320505502482 0 0
11.38448768238828 11.38443927552431 0 0
17.81494134163342 17.43678499905618 0 0
21.38586870355842 20.60392432348189 0 0
22.54779365646625 21.43563614316984 0 0
25.31610226596891 25.30413996440319 0 0
29.14834087232581 28.89806680553489 0 0
34
3.382933394125552 0.08501903741933603 0 0
4.432336129648636 4.342952481561357 0 0
5.842316826872306 5.647173397611442 0 0
6.201748006583148 6.186516399502993 0 0
6.559396364498996 6.292967980529513 0 0
6.822181313850696 6.733808762953028 0 0
7.299821442682573 7.131028972928779 0 0
7.539731133246559 7.502816815849523 0 0
8.130675802388069 8.047884583789623 0 0
9.015394670277683 8.941053719225666 0 0
9.429001011907562 9.395257462145116 0 0
9.512710080232443 9.483180102054485 0 0
10.04169769031265 9.531955270843417 0 0
11.46277883946827 10.08236211998623 0 0
11.76862563267409 11.6776637574809 0 0
11.88408863019089 11.77792078463037 0 0
12.40911179146113 12.36173925697333 0 0
12.53670302465554 12.45143270935304 0 0
13.67014263228345 13.66692822298198 0 0
14.26660396148063 14.14797981410882 0 0
14.48967707312077 14.45461729526674 0 0
14.76582424971262 14.75463729527592 0 0
15.58522858751235 15.01040086141347 0 0
15.77779581446347 15.762255317621 0 0
17.3393746589355 16.90935259357597 0 0
18.24376634021742 18.19890784163885 0 0
18.79102557298982 18.75577662075903 0 0
20.44741593564697 19.26198964586145 0 0
21.38067565473958 20.62936189877491 0 0
21.79760056761705 21.63491738295538 0 0
21.91494889170007 21.90293644552452 0 0
23.99521695976755 23.71891417723426 0 0
27.82656164274183 24.64925443784216 0 0
30.02387433830573 29.88598099810648 0 0
31
1.019698815854106 1.089421017621959 0 0
1.110895919593647 1.373287576839133 0 0
1.400891795720094 1.419921074867456 0 0
1.446259356229986 1.649707236433096 0 0
1.777949102450436 2.117846928295411 0 0
2.529945219510597 2.762767883761826 0 0
6.280457452861221 6.61671707562323 0 0
7.377069871511327 7.6905348985679 0 0
7.756338969460011 8.181426410560022 0 0
8.323832133879343 9.318913771478163 0 0
9.805225113247225 10.89131142764883 0 0
12.85766149650742 13.16920539542809 0 0
13.25086894779938 13.37223852133717 0 0
13.47292360195136 15.28249413743568 0 0
15.28648745875819 16.487606368013 0 0
16.49195278444805 16.5870700684986 0 0
16.63432161648853 16.8825952109621 0 0
17.22892971484394 17.43407206976538 0 0
17.55179514515065 17.71016347027902 0 0
17.78311109477664 17.96811809967037 0 0
18.46165730067315 18.81825909097637 0 0
18.88679785847437 19.18065822003688 0 0
19.74172815526541 21.40744895281296 0 0
22.29529319681901 22.58514136546226 0 0
22.96419660490229 22.9833383515768 0 0
23.28471838268259 23.37217682109194 0 0
24.14718276678741 24.36200691743682 0 0
25.40856272740758 25.84092714631783 0 0
25.89447570930667 25.89835489027308 0 0
25.99738639856962 26.50806660436449 0 0
29.45461052517907 29.95277550598022 0 0
24
0.5457707715144788 0.2542059778010142 0 0
1.155137994704519 0.9531747148844085 0 0
1.951407691939071 1.459881614360867 0 0
5.228325676499004 2.886245097173426 0 0
6.596259212109133 5.463671766902106 0 0
6.727246871267439 6.712140092579128 0 0
7.082861598574715 6.824046275929954 0 0
9.199742574135149 7.335601785529009 0 0
11.53450729606466 9.803385388650792 0 0
12.39199455245288 11.6993781471714 0 0
13.63452553185216 12.54404627518462 0 0
14.58660186034373 13.89477650910921 0 0
14.84620089945842 14.840992185151 0 0
14.99985238972638 14.91256842735866 0 0
17.85635138798184 15.44214214537236 0 0
18.70374584488235 18.09900313142993 0 0
20.19448200532726 19.20709424485718 0 0
22.41760184767394 20.54296209961803 0 0
22.89050007502563 22.84763926069679 0 0
23.39852533565338 23.01160137842104 0 0
23.93641622282283 23.43660931712751 0 0
24.51735771685916 23.98931720893666 0 0
27.21492205490798 24.96922391303891 0 0
29.84997141331215 27.79710595532704 0 0
24
1.345195210353431 0.4537623916068192 0 0
2.020171748743682 1.531892469765896 0 0
3.716908116964508 3.594477075064474 0 0
4.020678530085795 3.97336823859647 0 0
5.403191593461228 4.590304741508064 0 0
8.033082720717633 5.432567412426513 0 0
8.881906186424791 8.474628300618637 0 0
9.147226240868376 8.998409818925705 0 0
10.81349448080429 9.831319263166773 0 0
11.08785442136066 10.97075292078865 0 0
12.57929131907577 11.6466727077395 0 0
13.35261510617475 12.93402972728033 0 0
13.81186100895621 13.48845821864512 0 0
14.84611074787976 14.53528293670807 0 0
18.03353651903832 16.07081991637064 0 0
18.61172660583117 18.5120044575605 0 0
20.34451815317356 19.90284007243221 0 0
22.41249912653747 21.98975794599281 0 0
22.6958139098328 22.46184926810942 0 0
24.02832281185405 23.65985959092894 0 0
24.94561527096578 24.15286835471771 0 0
27.24721564567744 25.86854450830998 0 0
28.20161064735481 27.57372705117801 0 0
29.57636981366 28.97897471203229 0 0
28
0.6847341532199138 1.387958311343062 0 0
2.191771722234742 2.715160199360908 0 0
2.859205814287988 2.894962278702593 0 0
3.849237354592772 4.096423417316319 0 0
4.315300205150171 4.320286007182498 0 0
4.605175957617005 4.797316641937934 0 0
6.16427842202569 6.599836074517307 0 0
7.148054153701177 7.187781601817129 0 0
8.711021650543534 8.837481928103175 0 0
9.808175192190923 9.90445344407784 0 0
9.91508940963327 10.02692823886486 0 0
12.49444993738909 12.53542980518962 0 0
12.95515373912708 13.10285642453132 0 0
13.14135166864254 13.21936020374541 0 0
16.49812970118345 16.49904443471613 0 0
16.59760991011804 16.62779183394927 0 0
19.37807248850789 20.00519646934783 0 0
20.84507706409325 21.19658472659138 0 0
22.3481971835934 22.82091026341663 0 0
23.12742555065545 23.18778135196689 0 0
23.51047320146086 23.56872521406138 0 0
24.00348938994671 24.23463269832997 0 0
24.81612054164874 25.04374281476608 0 0
25.83512867756194 26.44198208741086 0 0
26.63259093147016 26.7051389614812 0 0
26.89876074899466 27.09540242746627 0 0
27.55931312208551 27.89072733638784 0 0
27.96948384336494 28.47648391454737 0 0
