# Status file for ctqmc. Used to save all times t_s, t_e.
10
26
0.9304738476643248 0.9225049644853307 0 0
3.04590357542752 3.019006575644133 0 0
3.489981415735018 3.313996551408768 0 0
4.054617220160222 3.808050452599566 0 0
4.606364272443566 4.475016075511098 0 0
5.659734606562718 5.640334139780571 0 0
8.223704243658581 8.216863972678263 0 0
8.814574125976021 8.72902084615856 0 0
11.36689138955597 11.24643334069154 0 0
13.86801390310669 13.74175817498991 0 0
14.41071907933796 14.24606649941445 0 0
15.99037269799675 15.86684419023552 0 0
18.3124252136285 18.19991239858336 0 0
19.36449650563909 18.9264362339379 0 0
20.69910389490976 20.67282542693192 0 0
20.88099239763059 20.84645620845657 0 0
21.80404299741613 21.79782758784369 0 0
22.07718699000028 22.07544600278533 0 0
22.82136414429108 22.58375227091976 0 0
24.16152002102296 24.10902643849181 0 0
24.34401956709954 24.19294071313722 0 0
25.78430743772973 25.71476817872198 0 0
26.48505674334164 26.43474669864506 0 0
27.43087025597415 27.42206707729428 0 0
27.71367886539857 27.6876833745029 0 0
30.02244470760339 30.01776026271979 0 0
28
0.6186887095059551 0.4249260253947159 0 0
1.98789233159477 1.954601148754316 0 0
2.108461597514924 2.092082380808184 0 0
2.114403908898831 2.110338139104488 0 0
3.058236039764207 3.032114289501394 0 0
3.825196208236767 3.755947087380439 0 0
4.904457907914314 4.797840714670546 0 0
5.528748379463125 5.431148435855897 0 0
7.651834589687503 7.608444396492969 0 0
7.779211094377883 7.76256243497201 0 0
11.54207588990398 11.49518975495776 0 0
12.17738205772116 11.94697193870993 0 0
14.08851303857306 14.08761739642835 0 0
14.45717917017465 14.44705015359007 0 0
15.83353165941408 15.45197723970701 0 0
17.5852530687441 17.56999333533522 0 0
18.71753673881884 18.43214919879342 0 0
19.55730408563316 19.53212183839493 0 0
21.21264860127788 21.05535217701232 0 0
21.63281834542027 21.63242758306015 0 0
25.03035834685366 25.00404707667639 0 0
25.26455688428335 25.19285732787962 0 0
25.41298210864389 25.27152296038378 0 0
26.76983213731427 25.54049300301738 0 0
27.32582029817396 27.15891010977839 0 0
27.86909767086161 27.80458311815394 0 0
27.99718852438578 27.97455553946745 0 0
29.36227977738761 29.26304798154753 0 0
17
1.328645289208752 1.226547067153042 0 0
2.251698943864628 2.245655877625696 0 0
3.880154879944938 2.716778010714895 0 0
4.600448087263162 4.401538797426403 0 0
4.790970687728456 4.749802069127361 0 0
5.80044773034337 5.663084402084809 0 0
6.293245873176045 6.24251730713816 0 0
7.759807421843044 7.285656309918962 0 0
8.871275150486319 8.871050719744538 0 0
13.00612887503905 12.95926790955873 0 0
13.78871261218907 13.6362095171628 0 0
13.98096342891659 13.91010866860568 0 0
19.74694137088689 19.68929738340703 0 0
22.11980431662763 22.08702622069495 0 0
25.1049089973776 24.95512088855237 0 0
25.87739515134468 25.72122350894665 0 0
25.95800165280205 25.8912973509009 0 0
21
1.983488637881884 1.922991212060047 0 0
3.593796759058863 3.145039473177616 0 0
5.545194879565191 4.277105969718729 0 0
6.107296983240069 5.666181607470973 0 0
6.486764179741093 6.167447328317106 0 0
7.722115213587775 7.406135372424023 0 0
8.944350735441009 8.85133951918872 0 0
9.892210608692469 9.607323021728522 0 0
11.02915243539593 10.74914536848578 0 0
11.31449194033859 11.29728814441151 0 0
13.07518255560944 12.88536006593338 0 0
14.79876671363347 13.49150302328422 0 0
17.38848460552765 15.10201787803628 0 0
17.97135530472863 17.41835226810886 0 0
19.5062590868734 18.73565279250064 0 0
20.36247447434585 19.87923202078052 0 0
21.58070731512997 21.5585990146315 0 0
23.16937309949141 23.13301216682551 0 0
25.46898120829431 25.42080290623204 0 0
27.81234012071547 27.76497035712983 0 0
28.37334810952938 28.31203397644547 0 0
15
0.1755016052692308 0.08369416629327731 0 0
0.3802039097435747 0.358252468098617 0 0
5.886727223750231 5.876509515083235 0 0
6.350270439395397 6.151872694512312 0 0
9.521924446711534 9.395906238556806 0 0
10.06355825303411 9.987376651523499 0 0
10.48079853780528 10.23872637582826 0 0
10.68911939003201 10.65497849815903 0 0
12.19375140627508 12.1809412897421 0 0
13.75445839249503 13.38486487439841 0 0
15.0253933419375 14.9923078351836 0 0
16.25479800992732 15.94820999577415 0 0
18.74651634485187 18.63279775401883 0 0
27.06719313356443 26.30804396046147 0 0
29.08126845529377 28.73832333082987 0 0
32
0.7041661255817573 1.534738571927324 0 0
1.556444550080704 1.891216520436693 0 0
2.010097583801354 3.408368615134554 0 0
3.836036850262431 4.35320771144364 0 0
4.41666144489581 5.054109894870391 0 0
5.339117859652727 5.906448879552276 0 0
5.982168273393063 7.711779524875578 0 0
7.79856906699386 8.27125742429196 0 0
9.180835243418398 9.274088790189868 0 0
9.831175162021719 10.20161742201744 0 0
10.28572660632853 10.9405897804881 0 0
10.97508997055781 11.26671980975392 0 0
12.68451073312057 14.41233309271034 0 0
14.49704123056621 14.65401417780001 0 0
14.87425374663822 15.08450305645231 0 0
15.17568739420942 15.33470537757441 0 0
15.84573002761356 15.91879506551288 0 0
16.22237992253471 16.62194729440387 0 0
17.15081795895582 17.50918300110173 0 0
17.72637605822488 18.12034409273131 0 0
18.30774198849658 18.47814044395682 0 0
18.64644997381541 19.27480058209754 0 0
21.91707569207808 23.04648725402848 0 0
23.58556579185063 24.24799553044588 0 0
24.63565395670715 25.86685522300386 0 0
26.00426359366713 26.22978234732851 0 0
26.3899632626949 26.49387549409738 0 0
26.55546095903507 26.68252149438329 0 0
26.88949714939891 27.06555116168424 0 0
27.12147963326699 27.2097017738276 0 0
27.8452136954547 28.43219995945564 0 0
29.17400444047438 29.41413546824413 0 0
32
0.07450689495736995 0.09118188162756979 0 0
0.3222437760225993 0.4269484719396022 0 0
0.5689647206545703 0.7674399543384258 0 0
3.05079640120092 3.311591737440403 0 0
3.321164821495952 3.72695298921666 0 0
4.132113755457009 4.359593609169439 0 0
4.383967772326858 4.887520972681251 0 0
4.964118106781317 5.149045832658767 0 0
5.810763832240545 6.192889305263932 0 0
7.410413434377606 7.784503141742776 0 0
9.476352269573134 9.689454511354775 0 0
9.722410991347598 10.68881920495996 0 0
12.56321933555671 12.61940551541238 0 0
12.79632872337818 12.82767365554489 0 0
12.87491774049399 13.29546356568212 0 0
13.3252056889927 13.44594471081305 0 0
13.83922417178026 15.66333299456336 0 0
18.38563511334287 18.94382470659421 0 0
19.10758180743166 19.83770417388522 0 0
19.86561872862549 21.93657795002806 0 0
21.94482027214769 22.32125295889731 0 0
22.37537060018509 22.50548573907756 0 0
22.61893237596517 23.08095455338545 0 0
23.13535166927602 23.22046665158102 0 0
24.70720222623476 24.7228306143592 0 0
25.71348484928672 26.00443165964774 0 0
26.04344227520437 26.09160931330165 0 0
26.41087595321299 27.51145816475604 0 0
27.55047310149975 27.59847101708755 0 0
27.7138192805249 27.72232443845058 0 0
28.60169030403857 29.13641131220529 0 0
29.14476101221289 29.75039202511174 0 0
19
1.329084278054985 1.390886180274539 0 0
2.485997969470187 3.521496894914104 0 0
4.087892954505767 4.225031358386045 0 0
4.244889551063689 4.327036341916197 0 0
4.381702688967676 5.187368527017302 0 0
5.390305875272615 6.651175700362987 0 0
8.380747161988975 9.121460430861717 0 0
16.78292586478528 17.50575166257031 0 0
17.53569289181485 19.39683949285134 0 0
19.6473121512938 20.06819039850035 0 0
20.32152072869856 20.3505512359976 0 0
20.64916534397856 20.7336210693698 0 0
21.96648917202015 22.0554120733158 0 0
23.45130248354846 23.56169622159945 0 0
23.62919775046495 23.68956920454984 0 0
25.17750251880036 25.29810868527323 0 0
25.59731829061758 26.10895167630472 0 0
27.63606657556911 28.05197636053859 0 0
28.41327253245889 28.79808951340409 0 0
33
1.113836959621012 0.2526528354738922 0 0
1.499329469802994 1.147595050982862 0 0
3.5620691188174 1.754077866237452 0 0
3.905667592825056 3.889397597888142 0 0
4.31090216432129 3.942860315945211 0 0
7.817792947280749 7.226684407559275 0 0
8.170270765125773 8.129836348514528 0 0
8.380083945395933 8.174855351857722 0 0
8.58804203453839 8.389561087509065 0 0
10.90660822884459 10.74073115171286 0 0
12.17168154202906 11.63535339404003 0 0
12.62797818019789 12.47552758593249 0 0
12.994991736992 12.78129371123586 0 0
13.94772605852638 13.78609295117204 0 0
15.07927799816713 14.79972402725094 0 0
16.67948482664713 16.52539622705398 0 0
16.98941465244357 16.95932110783687 0 0
17.47354575292643 17.4224082616211 0 0
18.12335548163293 18.06703436093845 0 0
19.02765190344321 18.81741659690243 0 0
20.01102484601651 19.75740781649316 0 0
20.51010169684324 20.26823342741121 0 0
21.20681678836724 20.65532079919003 0 0
23.59836293254851 21.32430019245084 0 0
24.24649206960899 23.63186306392072 0 0
24.85490308205998 24.84065029240679 0 0
25.93222882521508 25.8451674617635 0 0
26.09433619550867 26.06594123159431 0 0
26.42369540676517 26.23635131291301 0 0
28.50701444943184 26.43584961808697 0 0
29.00206916624399 28.55485825747755 0 0
29.19077824459022 29.09264310687413 0 0
29.67273711038782 29.19879074820287 0 0
21
0.5629138409525254 1.089641253819698 0 0
1.126203781742615 1.474578318370815 0 0
3.342541448079506 3.617383715400318 0 0
3.69662932205391 3.857919476286368 0 0
5.059011753629308 5.462478660296043 0 0
5.917456177720593 5.934734838768669 0 0
7.736565938438521 7.969925202918284 0 0
8.006705647572353 8.011903468841719 0 0
9.25920110950085 9.52599978834029 0 0
10.95423972296928 10.98295347343955 0 0
11.05097250640348 11.06695192399528 0 0
13.23657597455093 13.93100456662043 0 0
15.54863279093943 15.86344855240305 0 0
16.06098720246832 16.07052713529983 0 0
16.49369572024442 16.59056638994848 0 0
17.37413121233253 17.66182703751333 0 0
18.26870891004187 18.67448789835398 0 0
19.24283557515184 19.37477249538311 0 0
22.44894282457145 22.726773610822 0 0
26.75587798987646 26.85422850222061 0 0
28.75456039188464 29.34857621946273 0 0
