# Status file for ctqmc. Used to save all times t_s, t_e.
10
30
0.1801540860506042 0.1594043652302022 0 0
0.5970004304437323 0.4171975034662733 0 0
2.728614457776157 2.672113870233455 0 0
3.251091214160665 3.167978469525203 0 0
3.392978657783285 3.318371556861458 0 0
4.864828842324942 4.836635980049603 0 0
6.955726231229915 6.787317215062995 0 0
7.714049896534076 7.615450134145199 0 0
7.880299235128806 7.871755353562561 0 0
9.642053425109259 9.45717047036743 0 0
10.83694737419646 10.18806956711568 0 0
11.35180065675983 11.07630301079664 0 0
11.54159499172343 11.4842553782542 0 0
13.00281447099755 12.99105608912836 0 0
13.35706902344386 13.15757096563498 0 0
13.74538596869836 13.6089324016232 0 0
15.27969599760263 15.24065731332036 0 0
15.43466789714698 15.41547746625623 0 0
15.62869394770767 15.59197830592241 0 0
17.44318321402852 17.31141161043976 0 0
18.89454344856076 18.77899057488575 0 0
19.03873187375234 18.90599779789039 0 0
20.70406101963285 20.38919701379284 0 0
22.19845932447161 21.93656023706929 0 0
22.37630424295593 22.23573680800838 0 0
22.74246662984214 22.65040968247269 0 0
23.59514986312946 23.57256691632778 0 0
24.99958807866896 24.95361384807551 0 0
27.7643376585691 27.64195446781389 0 0
28.2671824105049 28.15566970971551 0 0
24
1.344311374274488 1.181411068204488 0 0
3.075146102061727 3.069957667382011 0 0
4.562447101739857 4.485340457475193 0 0
6.655967743785104 6.404300545166388 0 0
7.885502594843075 7.874997093742273 0 0
9.963160229381195 9.880342505046654 0 0
10.4755499123624 10.39818351496756 0 0
12.43159636506657 12.42613803228842 0 0
14.8502915984197 14.43432736127297 0 0
15.83082505634563 15.61725644011513 0 0
16.15483359485237 16.0642483426687 0 0
17.08352837836789 17.0807348135186 0 0
17.33034598113029 17.16651951929644 0 0
18.01936057935681 17.5869064152069 0 0
18.97874308014151 18.94335228183448 0 0
20.27850739533056 20.17651271629262 0 0
22.45027663564744 22.3789171564914 0 0
23.10753336436058 22.50871463608022 0 0
23.22146689231345 23.16303692818072 0 0
23.93043231129491 23.88195606139805 0 0
25.07130266729862 24.98410808956845 0 0
25.18202400987887 25.14829532623856 0 0
25.25041047801198 25.24842395792912 0 0
28.5938455483768 28.51720518365154 0 0
9
5.119958708091875 4.640910279767322 0 0
8.120034636341728 8.080006525261993 0 0
9.605593222458449 9.595118889259094 0 0
10.55992773311716 10.50156405087423 0 0
13.68185984261005 13.46758107450051 0 0
14.59493753202321 14.55295099494213 0 0
14.7683683225086 14.60951615290269 0 0
15.96686253497398 15.83194677311996 0 0
16.4669523522718 16.45524190143059 0 0
23
4.013822885659071 2.742911157427262 0 0
5.807464872116751 5.756419961211579 0 0
6.240078843536967 6.224457010962118 0 0
7.361990825178693 7.271427869616452 0 0
9.121318907862317 8.679301556401647 0 0
10.57352061340431 10.51560389981108 0 0
13.01335446116633 12.90248673452572 0 0
14.86900950135834 14.67840967489962 0 0
15.31801679150736 15.31671066568242 0 0
15.5380511950482 15.42310577665683 0 0
16.58381607788618 16.02821721811106 0 0
19.23201223190261 18.69742384266735 0 0
21.07871030286861 19.27316218484069 0 0
21.45649178789877 21.09224291788128 0 0
21.55462478397092 21.55177441896151 0 0
22.2526744555301 22.16343523444432 0 0
23.04148231566093 22.92950486227745 0 0
24.19595393898746 23.56945176606899 0 0
25.83565138829168 25.54174323702416 0 0
26.91740760909583 26.85473909051238 0 0
28.17230717244656 28.06392299471202 0 0
29.32934577461135 29.19150012477876 0 0
29.81459374442671 29.72173331132682 0 0
7
13.01385066027769 12.6266099558704 0 0
16.37792303639199 16.34158175358142 0 0
22.6214240645773 21.84536135701869 0 0
24.88834210410445 24.78379577899437 0 0
26.46817707467329 26.46087929502011 0 0
27.93634411846316 27.90721493892784 0 0
28.74261644076191 28.70523018752829 0 0
34
0.3351787724312919 0.06784412823988362 0 0
0.7390455042514532 0.3908946688072103 0 0
3.221783453039093 0.8281628164587352 0 0
3.433804080525445 3.409804114066179 0 0
4.217186355052488 4.106035474274777 0 0
4.451003863029282 4.38982587869143 0 0
4.687787100534519 4.681238040885887 0 0
5.516716659804362 5.441657500873112 0 0
6.896304706729104 6.167665894921063 0 0
7.169802222903983 7.058628237682269 0 0
7.234582539924165 7.223703388674722 0 0
7.522606720684795 7.467882963348847 0 0
7.926962332606279 7.659860359746438 0 0
8.186910443587985 8.112006303624636 0 0
8.644119009116787 8.311082026791631 0 0
9.373521838690925 8.68397174986003 0 0
10.74260472903431 10.07855595132867 0 0
10.88030259521328 10.84567356686676 0 0
11.54809273824243 11.47210216501527 0 0
12.46053954949246 11.85766101383886 0 0
12.74534246982888 12.52542108948272 0 0
13.68450982099764 13.02568552052585 0 0
14.96338069713885 14.34850798217246 0 0
17.58774454204617 17.05791930694686 0 0
18.02360459610918 17.58832397972356 0 0
18.64529982618554 18.62846807066498 0 0
19.50525264471419 19.48704109484771 0 0
20.31618211637248 19.64193032257039 0 0
22.10668999056943 20.82649264114267 0 0
23.83268966180482 22.94745035625818 0 0
24.29779832486696 24.12894836763418 0 0
25.10928850436039 24.35767388708385 0 0
27.85364768062059 25.31222497708609 0 0
30.02582812227025 28.44058829610407 0 0
36
1.356509814995541 1.242276165330092 0 0
2.868494060234427 1.672977272881989 0 0
3.212283537212037 3.146096448585419 0 0
3.934915886938575 3.796836608397299 0 0
4.936391425842594 3.945710319115332 0 0
5.532131943707771 5.436842180337628 0 0
5.96449523018618 5.890349140036797 0 0
6.629157078214499 6.44560967274126 0 0
7.185142801206768 6.916722267692676 0 0
7.368008964877446 7.303389741144754 0 0
8.577159772985731 7.86826286860048 0 0
9.207754424231466 9.131762955780356 0 0
10.1522193550335 9.689445030071852 0 0
10.92585149443398 10.82570079674742 0 0
12.01172942038421 11.62634000407485 0 0
13.43168244199482 12.61350740863238 0 0
14.32652813023702 14.19998667414899 0 0
15.63122377484109 15.5038863965647 0 0
16.66192851960957 16.53737456052442 0 0
16.95334435842623 16.91453303265849 0 0
17.65603308978884 17.26073191303515 0 0
17.96419411288559 17.8422076123537 0 0
19.16170182361421 18.05518004737202 0 0
19.81014525080148 19.66655917729881 0 0
20.09490680781731 19.94133609701909 0 0
20.34879339772419 20.33008595870326 0 0
21.19012017526906 21.11634439366481 0 0
23.44222910466717 23.18030147819049 0 0
23.72639705546739 23.68841859398966 0 0
24.34572988009713 24.31754541356004 0 0
24.84094283902192 24.43025491510154 0 0
25.09655312422922 24.91301680155775 0 0
26.94067453691079 25.15133334011833 0 0
27.9951501814881 27.91647225076521 0 0
29.12976745925659 29.05097224306626 0 0
29.67161014796695 29.66179723598718 0 0
20
0.2091690342325165 0.3404860708265368 0 0
0.8894452220482945 1.119382087709038 0 0
4.241883081518475 4.347484286151017 0 0
6.137868002738763 7.046169088658458 0 0
8.591273661419738 8.700309266321018 0 0
10.50168579151642 11.04445866435555 0 0
12.53938126919069 12.9568003918223 0 0
13.34835892652792 13.45002658514729 0 0
15.34877890747141 15.8104419227156 0 0
17.19788627879474 17.48365203821941 0 0
17.54043945207031 18.17879525562667 0 0
18.51312092393478 18.94438135249962 0 0
21.8075290281183 22.16324832419811 0 0
22.46661984744721 22.83485439186242 0 0
22.93578463704901 23.22715124685885 0 0
24.59492945171669 25.16265858871577 0 0
25.52146114436186 26.86607349971632 0 0
29.10271703624859 29.17208501819875 0 0
29.18286433367059 29.60726573573558 0 0
29.90474226129843 29.98135979259145 0 0
20
0.626331706066366 1.569312487772776 0 0
2.521018456916651 3.118018542302344 0 0
3.163638270587295 3.538241811652522 0 0
3.546160570077378 4.193848480243418 0 0
4.212665490751144 4.731156738044041 0 0
8.80230406263829 9.000059512208896 0 0
10.16908624544315 10.8316264427875 0 0
11.27106194917261 11.83733448110961 0 0
12.91841775967686 13.98096717014559 0 0
14.15807555574556 15.10883716999449 0 0
16.39497347915663 16.58510926086543 0 0
16.58993516096557 16.87809091749946 0 0
18.52976987928495 18.93742727405688 0 0
19.94525264215912 21.45553308588771 0 0
21.77838839377673 22.13869922215062 0 0
22.14628380716626 22.78120452389842 0 0
22.89000944273842 23.46159512216706 0 0
23.61048108019934 24.59682801104059 0 0
26.52535980919862 26.54380965830315 0 0
27.18589422427582 28.09035017239234 0 0
23
0.4680662740869579 0.8518414840602588 0 0
1.429891133954398 1.456744026329213 0 0
1.614809083864492 2.102754338948841 0 0
3.881808620983168 4.313384396432567 0 0
5.708749897247087 6.231126634206174 0 0
6.431113075488967 6.55090204155065 0 0
7.165168979515744 7.760256341169307 0 0
8.432088062186617 8.440998887629524 0 0
10.07824539769948 10.95187300715714 0 0
12.53989353454515 12.9813670097956 0 0
13.70203166456535 13.74396923113935 0 0
14.45590372838138 14.52098492429521 0 0
19.48003964750239 19.69275114246435 0 0
21.27469130166277 21.53939522525896 0 0
22.53390412570908 22.62988665727701 0 0
22.66299882939031 22.80038889599573 0 0
23.61398836759063 23.79084886104749 0 0
26.8127581757281 26.85876265222568 0 0
28.06194815302264 28.22392966673085 0 0
28.4016396418484 28.42756696540724 0 0
28.7319673510367 28.89270039633971 0 0
29.04663272820823 29.10195770054944 0 0
29.45638697312884 29.94717448777399 0 0
