# Status file for ctqmc. Used to save all times t_s, t_e.
10
28
0.1737413921821917 0.1081537279822911 0 0
0.4728665736955882 0.3486288086394047 0 0
0.5597945035402756 0.4891988215470803 0 0
0.7003637666684028 0.6664320581635685 0 0
4.111031465596283 4.077713056582514 0 0
5.694779361905677 5.636509275557267 0 0
7.346904565806718 7.340441610428536 0 0
8.08149774107779 7.941809873706174 0 0
9.456217622345156 9.080054142589033 0 0
11.40089216358298 11.38479673361377 0 0
11.99306651932073 11.724589184359 0 0
12.19727108832149 12.05837496503472 0 0
14.10839250702935 13.98814637319956 0 0
15.74394386454182 15.71872017732932 0 0
16.85632970916736 16.84533459487542 0 0
16.99383311269145 16.96382443073456 0 0
17.9237939670557 17.90470245206259 0 0
18.63435964441007 18.61809933626509 0 0
19.19553219895891 19.15019875796151 0 0
19.83059219713022 19.72921516228814 0 0
20.65261977122518 20.63163753942357 0 0
23.18793206008938 23.1001201076677 0 0
24.71558128906648 24.59605325426094 0 0
24.88588279003858 24.79439404138174 0 0
25.82769584006275 25.81008072744997 0 0
26.56547692890025 26.55288823200967 0 0
27.2960261568285 26.8924359026521 0 0
27.94017841408647 27.73753891505278 0 0
15
1.29568113311898 0.8365198516765491 0 0
1.736801857679519 1.490645332798621 0 0
6.878353085465667 6.525555144529022 0 0
7.85830289827314 7.749180593339214 0 0
8.072587605103587 8.060126861290366 0 0
9.364794611061546 9.064269136822046 0 0
10.11344662953829 10.07885537568856 0 0
11.75161260057791 11.34547496782445 0 0
12.02222473167329 11.89603094859329 0 0
12.3362614432941 12.32993856833798 0 0
15.81252128154737 15.74176980806461 0 0
19.282296656421 19.13412645630131 0 0
20.66361196386237 20.63368142254864 0 0
21.67221539701881 21.6131783028527 0 0
25.82440378359062 25.75846658598844 0 0
11
0.1251802658879549 1.423485234120316 0 0
1.771926456173163 1.775188491212418 0 0
1.960745459747995 5.610845966542053 0 0
6.423479934292715 8.853903286945442 0 0
8.922534876750047 15.10814490684952 0 0
15.11575753622542 16.59452264837619 0 0
16.6080378580338 19.4562382319027 0 0
19.53637268238105 22.53499867127443 0 0
22.7566160131841 24.97086411990983 0 0
25.28200441667462 26.22487156655768 0 0
26.23222412483401 29.82640560899245 0 0
23
2.602088031329463 2.544789282799409 0 0
2.735098268771483 2.616827285363121 0 0
3.102245622333824 3.059620796396969 0 0
5.40450733277815 5.360900263805908 0 0
5.701899125725284 5.653010758277777 0 0
7.935913692618609 7.672787627559985 0 0
9.089048051880722 9.001830525121123 0 0
9.301331320061184 9.271043153164628 0 0
10.0367870253468 10.03453391084089 0 0
11.26532967394486 10.51139940352524 0 0
11.5553542623149 11.47128432611033 0 0
13.87620634639763 13.71971561997674 0 0
16.99292558699859 16.96799384632339 0 0
19.08965242537416 18.8861710396315 0 0
19.79390923985504 19.63431639251252 0 0
21.1774071399812 20.95005658141401 0 0
21.98721969686886 21.78383084026295 0 0
23.89203330542559 23.82468018491678 0 0
25.92269106571006 25.91613304200219 0 0
26.34158867829841 25.96861006338596 0 0
27.3435069705822 27.32079301692356 0 0
27.6872331247964 27.60621427501374 0 0
28.73242951152459 28.63502341399786 0 0
6
0.6842774233597488 3.719454847083082 0 0
3.757533487951283 8.796450944677126 0 0
9.010228944488011 9.537888663133188 0 0
9.542071591561532 23.2209996980381 0 0
23.9347213939677 28.26034182054635 0 0
28.73329612671859 29.85704706907078 0 0
29
1.367913854283553 0.5889295357406537 0 0
1.573325060679408 1.448804939654841 0 0
3.013147271284849 1.74454882866905 0 0
3.538192017689346 3.214382154646684 0 0
3.825102377230833 3.823214370551077 0 0
4.567496003310629 4.356701366295848 0 0
4.853075448593419 4.804757227527787 0 0
5.464322449367117 4.860606039872938 0 0
6.363952001571306 5.696114642409229 0 0
6.545164148569304 6.4799659032253 0 0
6.814501178898893 6.554303521871714 0 0
7.670428307121142 7.628775922695052 0 0
10.60817816984128 8.207938324576594 0 0
12.54313516671554 11.12783278852033 0 0
13.60229677844864 12.91024878422455 0 0
15.9527003456252 14.51436562089023 0 0
16.60574044738664 16.15188138837012 0 0
16.7472782004316 16.70609185211228 0 0
17.24541137842962 17.15050679689955 0 0
17.45216101284267 17.285612707666 0 0
18.45397314062998 18.03215395524638 0 0
20.47651380500591 19.12685222233109 0 0
21.15337934058851 21.00955861079661 0 0
23.68967197528633 21.91092719901532 0 0
23.96277219094651 23.69288561709245 0 0
27.68331604128646 25.19121659688608 0 0
27.80746524734207 27.76591222036192 0 0
28.07025132208932 27.83230898858054 0 0
29.44288364142218 28.35829678067133 0 0
29
2.407609796293775 1.977585511170188 0 0
3.554064038310988 2.633753623069267 0 0
6.372299705496837 3.8588839623556 0 0
9.769789748655898 6.471437833899671 0 0
10.20829216376638 10.20190109894 0 0
12.1195738275153 12.11281588993443 0 0
12.32454617830702 12.16156859384844 0 0
13.48856214794823 12.38682589731378 0 0
16.22432240437682 13.56641392144108 0 0
16.89470708158397 16.56181730264944 0 0
18.2026649951584 17.26540994411507 0 0
19.0922542142395 18.29280816142894 0 0
19.82594716435264 19.25420698703272 0 0
20.06126199408859 20.06027240761857 0 0
21.24663011019679 20.13689054792039 0 0
22.88662590651139 21.58140924805653 0 0
23.59579560585423 22.98359208658851 0 0
23.97244177816459 23.77227455250716 0 0
24.92593724159138 23.97267205239206 0 0
25.71820965282202 25.0513460958728 0 0
26.18520530890684 25.83108617193493 0 0
26.94228099031272 26.93131330007746 0 0
27.53514908823911 27.43440631432559 0 0
28.34342419556407 27.83490221796269 0 0
28.60270895640353 28.51891233701712 0 0
29.26826494146745 28.77975553776811 0 0
29.27550864939479 29.26983019655299 0 0
29.8788896280566 29.28644619629412 0 0
29.94463862312802 29.93728651574868 0 0
25
0.1898367188998886 0.2776074137394695 0 0
0.9385188337062148 0.9464143762251495 0 0
0.9577237015598269 1.083539886138726 0 0
1.514859533262364 1.534327576801047 0 0
3.969118663538345 4.900839474621841 0 0
5.663385043105528 6.99547537277315 0 0
7.646423226840476 7.929115431105538 0 0
8.033577559822527 8.07547497040996 0 0
8.913565591205822 9.563587016561804 0 0
10.55124516918469 11.23505339939438 0 0
11.31972849673134 11.72439943968247 0 0
12.25525985545543 12.34976490175108 0 0
13.41735991121693 13.49339265562697 0 0
14.41682475594433 14.59838021565636 0 0
14.94934884649435 15.20642347128628 0 0
15.37864941295412 15.90284370605916 0 0
16.26776879323497 17.48425859092182 0 0
17.72437962017786 17.95349105212225 0 0
18.60723104978602 18.72553320545788 0 0
20.18867075795901 20.35553944891732 0 0
21.77061193261751 21.77071126958467 0 0
22.06137133716928 22.81023944590295 0 0
23.10862590187655 23.18409751483737 0 0
25.5179316129409 25.74518541863943 0 0
25.77798271003518 25.93060755286539 0 0
29
1.998183194765238 0.1342589358699797 0 0
2.196865586267921 2.18030447514381 0 0
4.604569084156656 2.769541239365045 0 0
5.508964579593069 5.358154815777478 0 0
6.778690827981183 6.769015497800104 0 0
8.068662780333744 7.085031778566942 0 0
8.209268799001002 8.151247872403944 0 0
9.869803575062214 9.075665990134111 0 0
10.89613057813996 10.08796668783625 0 0
11.20637393747254 10.94144562095479 0 0
13.06490118643935 12.05104421698214 0 0
14.55128408917071 13.27483634323676 0 0
15.13931829145827 14.79825402528662 0 0
15.88563606296751 15.21472717053598 0 0
16.66107823580282 16.23859454649022 0 0
17.48378089704116 16.68626338410893 0 0
18.93089171123866 17.54478957329755 0 0
19.23819423846658 19.16759835737224 0 0
20.03515770405497 19.6994144394125 0 0
22.68871977820984 21.8296150627115 0 0
23.59157499658478 22.84041324259097 0 0
23.82722065527226 23.63280651095967 0 0
25.12669674359673 24.13010293030439 0 0
26.13286623462076 25.90130092698438 0 0
26.41771999755502 26.35603156801449 0 0
26.93022348465716 26.49817007127908 0 0
28.42275596397754 27.64823593676121 0 0
28.9908619125722 28.94384290923767 0 0
29.53486939080517 29.24639012794067 0 0
19
0.4290604447698705 0.9561637920822934 0 0
3.489604627005186 3.740964109883201 0 0
5.224214650421877 5.320760657459625 0 0
5.569600867703985 5.664087127660671 0 0
7.903945457357329 8.049642721871738 0 0
8.713302651909341 9.278940338712202 0 0
9.478124887167592 10.20543601868201 0 0
10.40191146847015 10.50463225682865 0 0
11.80139271775391 11.88490245379828 0 0
12.0250924174368 12.05342930338456 0 0
13.50781908683357 14.25294527791639 0 0
16.45775575653871 16.91998079358812 0 0
19.14210638028617 19.14688329539154 0 0
19.25645869467466 19.6736771917802 0 0
20.75983264663274 21.12658486305412 0 0
22.61648416489422 22.75324902822173 0 0
23.31208618616219 23.62628125488001 0 0
24.91112170351487 24.94972813542454 0 0
26.19453494547126 26.67173474866734 0 0
