# Status file for ctqmc. Used to save all times t_s, t_e.
10
37
0.1647691838553911 0.8443121154008217 0 0
0.8700621233387806 1.137681896034109 0 0
1.199729256979015 1.971552157482998 0 0
3.009436507419158 3.175253213775585 0 0
4.163498429963163 4.293163208428834 0 0
5.199635794082625 5.367119558933438 0 0
5.572123455173093 5.602180158697159 0 0
5.729253602297764 6.282496875496745 0 0
6.300258804696846 6.302778066867085 0 0
6.376401117876154 9.664492731119459 0 0
9.728244208715205 9.72852248494859 0 0
9.785895055446849 9.927872227492813 0 0
10.08544347696764 10.22589361405421 0 0
10.24529261796657 10.72262442244433 0 0
10.74199430607597 10.7605375726336 0 0
11.47457049461063 11.76644772310476 0 0
11.85999589293774 12.02764954035464 0 0
12.34367302025745 13.28079080502536 0 0
13.36900655870099 13.61616341788407 0 0
13.77937079398223 14.73523242315888 0 0
15.02193688912583 16.40125625035233 0 0
18.0755506781738 19.03304438668285 0 0
19.25858117505548 19.4413709524705 0 0
19.47498660696395 20.08687534644601 0 0
20.86644925238291 21.61654550573024 0 0
21.66408363944158 22.1964117139347 0 0
22.72511718376236 23.02429163873241 0 0
23.1034164685008 23.54484967274072 0 0
23.63456247921172 23.66698254667931 0 0
23.66809242975872 24.17121542187772 0 0
24.22469454275382 25.20137902613094 0 0
25.27146253861699 25.96198867199768 0 0
25.96574586788655 25.98204756360701 0 0
26.01689195894279 26.16413316750093 0 0
26.19313418611954 26.32239873947962 0 0
27.10170134662921 27.28357632254305 0 0
28.4714838080996 28.85901444823163 0 0
32
0.3976029563570194 0.3923041033941281 0 0
1.156755335614488 0.9574221723909569 0 0
1.694085959546073 1.2355217092163 0 0
1.803793089673621 1.783807800707008 0 0
2.761576541312803 2.175117822434787 0 0
3.134369945451753 3.130139998443155 0 0
3.407641449895314 3.284259342377856 0 0
4.382273181830857 4.33945124342703 0 0
5.283933933097518 4.755722375513715 0 0
6.766847982433417 6.665941052300258 0 0
9.465852763365611 9.455588313189288 0 0
9.66464178378159 9.655917802326684 0 0
9.758305060416987 9.730601019121313 0 0
9.835836844214009 9.828169621248716 0 0
11.33474229829412 11.30610297154599 0 0
12.24175131284306 11.36415589329084 0 0
12.68667844571178 12.62577236115956 0 0
13.89177326721753 13.58511267410009 0 0
14.31754449900759 14.30246564972144 0 0
15.95699067781203 14.5174606074568 0 0
17.06577211662685 16.98830415230977 0 0
17.57701999052548 17.41712185166351 0 0
18.69439931593993 17.66996773789468 0 0
18.81817858563766 18.81351311946659 0 0
18.8908750202047 18.88019543443068 0 0
19.88755205250622 19.11547698347747 0 0
23.53668069804432 23.43431206036089 0 0
24.36921962093949 23.57298119935965 0 0
25.57423577806372 24.59445577404854 0 0
28.31077887403192 26.17031671212703 0 0
28.97048140879915 28.61505465485075 0 0
29.37196437005699 29.36325473482987 0 0
13
5.230073191442302 5.126778715394705 0 0
6.957900171465033 5.486789959687773 0 0
7.472324343992474 7.442039911451443 0 0
11.04205495666974 11.00312695581993 0 0
15.17020779107335 15.09563986313535 0 0
16.16359956002057 16.11881210816342 0 0
16.86784829817426 16.42372680642519 0 0
17.4378036373215 16.89331600857689 0 0
20.32447848620219 20.10992532362479 0 0
20.51814058675568 20.43187534992239 0 0
22.33494428238772 22.01201592012091 0 0
23.57442761900294 23.17587342430904 0 0
24.06966469179462 23.83143672280207 0 0
24
2.447371311250627 2.427802300585809 0 0
5.898724170705366 5.8699561091922 0 0
6.416899972220418 6.405696703225113 0 0
6.84035325109346 6.817801828828278 0 0
9.104106772026061 7.791714960210142 0 0
9.833212851320111 9.361638852810003 0 0
9.958732418172511 9.912096982166723 0 0
11.00928401885987 10.82529028778936 0 0
11.38322127144457 11.30760443120741 0 0
11.97960754036727 11.9586852671659 0 0
13.80629751614293 13.46394932871055 0 0
14.52047628628831 14.46751164915732 0 0
15.74977130475819 15.63899449125452 0 0
16.21618484525563 16.15342948909706 0 0
16.86932410270801 16.37551090649856 0 0
17.16948356180971 17.10302110914997 0 0
18.96948862035608 17.30924680801739 0 0
20.05079003930415 19.14068718742855 0 0
21.56500889663511 20.87888371784787 0 0
24.20705124222341 23.57473081644446 0 0
26.30858253164397 26.15044710226732 0 0
26.8317880440697 26.60532184869756 0 0
28.39306180554039 26.92412653151548 0 0
29.58505339923957 28.50915464532117 0 0
14
2.348459922933115 2.21693054250121 0 0
5.285591017468421 5.253893327512944 0 0
6.262044125615925 6.134601854103177 0 0
7.573857382729794 7.28860427488911 0 0
9.713786631518998 7.956071435639785 0 0
11.3215190798938 11.09194427927335 0 0
14.52174822579248 14.41553415710904 0 0
15.29868350972567 14.83734200818542 0 0
22.1065474808576 22.00382723443488 0 0
22.208767799428 22.20108621240829 0 0
23.19611762813559 22.73137759225847 0 0
24.88817493821507 24.87644581923249 0 0
28.49020327809241 28.36587162794243 0 0
29.57891269261286 29.5702004224053 0 0
28
1.416512111560436 0.5674759738516074 0 0
3.642030288316946 3.291334591813485 0 0
4.753116286251932 4.552590461405025 0 0
5.483586013244779 5.279952932943495 0 0
5.806394847343146 5.502390283692288 0 0
6.645618882989845 5.971628429577443 0 0
7.618193958478595 7.616679490748587 0 0
8.250534250228814 7.926239574894218 0 0
8.863325236617879 8.839703118343536 0 0
9.672813389968463 9.245602499003981 0 0
10.45871671029474 10.01083512380905 0 0
11.26141133320533 11.178641826745 0 0
12.57420536926321 12.4651648811514 0 0
14.51362581276529 14.06119474216007 0 0
15.49435265933388 14.62875794702412 0 0
16.31104108431504 16.26646722715904 0 0
16.48710396202917 16.47732997591738 0 0
17.93690668067353 17.77726400835339 0 0
18.59781776443153 18.27167240506677 0 0
20.36968827045665 19.41376562460691 0 0
20.59414182791297 20.38678582675024 0 0
21.30606252241411 21.26567263719014 0 0
21.71916241980961 21.30643940306219 0 0
23.59684748558815 23.30960137950629 0 0
24.07392820887649 23.83312996789858 0 0
24.71629687136734 24.67011365031808 0 0
25.53997833083667 24.98693329569565 0 0
29.76847869836174 29.52505372766994 0 0
29
1.254711046131468 1.209947485678975 0 0
1.447482988366651 1.258717057637994 0 0
2.216994134524056 1.514720409103358 0 0
4.794272430125206 2.8853533461642 0 0
5.279083384315117 4.839218006980578 0 0
6.349059759879572 6.33933825632397 0 0
7.712601803719844 6.932024853552833 0 0
8.99939664890865 7.738109691342422 0 0
9.487253208943502 9.469885671611785 0 0
10.17123685232363 10.10043004331535 0 0
10.73714922971537 10.69130177791404 0 0
11.49489545483116 11.39555310510393 0 0
11.50837716838883 11.49664430280747 0 0
13.36998254780066 12.63308900136859 0 0
14.3208222855003 14.2239117005336 0 0
14.51769933634464 14.36300862770377 0 0
17.10559115954372 16.55259278397326 0 0
18.35487202446489 18.21658014752998 0 0
19.0769642725283 18.52778061933111 0 0
19.11601070821694 19.08712986193433 0 0
21.37118878976525 20.2002741578788 0 0
21.64650244181229 21.49718281839612 0 0
22.66627457110937 22.1590805720108 0 0
23.25575176975469 22.71986119833455 0 0
26.61282800363053 24.32166595919568 0 0
27.41086993048048 26.78290829289304 0 0
27.84043478163412 27.74803787529297 0 0
28.70618867185633 28.69821080075472 0 0
29.85914541925735 29.61589529690959 0 0
26
0.4486636444616181 0.2068918866321319 0 0
1.096646750708462 0.5334124369871373 0 0
2.263395615891883 2.160898757667776 0 0
3.051610253608518 2.429365982551762 0 0
3.799004415067182 3.610772596591867 0 0
4.667617630914336 3.844082701975736 0 0
5.579267626132956 4.955917009345287 0 0
5.932728797483522 5.868764127526176 0 0
6.845083224959489 6.812348832898895 0 0
9.396871522441151 9.350893329644471 0 0
10.27390942345705 9.412660733788904 0 0
10.84872297841354 10.41248007065649 0 0
13.59587841775581 11.58423601918015 0 0
15.08727847201381 14.40635807346952 0 0
15.48388038025138 15.11514578035569 0 0
16.41159244643375 16.19772121729742 0 0
16.93211459827663 16.41582676486431 0 0
18.13033920651526 17.62891796403382 0 0
19.06595962687324 18.1809794782906 0 0
19.96058477799307 19.70298709856913 0 0
22.12924028047141 19.98574936844043 0 0
22.43411627729576 22.41498991851267 0 0
25.76980988353197 22.65148848385446 0 0
25.99914974273596 25.85602799372743 0 0
26.9464231668541 26.91973031353078 0 0
28.87452172334861 28.02316726796369 0 0
28
0.6566077725115207 1.583295716912076 0 0
1.618968683128841 1.690584355977857 0 0
2.950829385592209 4.392515906809894 0 0
4.527621672336942 4.796775870365819 0 0
5.126729530097671 5.191612532344868 0 0
5.429344742394012 5.759585260485526 0 0
5.966496019325168 6.18157897329444 0 0
6.212556464299167 6.492541230344187 0 0
6.866369139556675 7.125504469690286 0 0
7.128101487752343 7.32994726466654 0 0
7.343536197181273 9.056793724390818 0 0
10.00967465747587 10.13983579093868 0 0
10.38858650217324 10.5044828503557 0 0
10.58862440698547 10.68800325051382 0 0
11.1440847998249 11.33690753426308 0 0
11.3578189460711 12.12524772867083 0 0
12.12549658702936 12.29522740425056 0 0
12.99449442655928 13.83221975992088 0 0
14.39746656718914 15.13892641211695 0 0
16.3206546012685 17.18524842923214 0 0
17.18621999067983 18.26660907787438 0 0
18.30770268390969 18.72019903106369 0 0
19.720826884275 21.98480260114514 0 0
22.07507014858223 22.30264637217258 0 0
23.22132203110608 23.81515914703376 0 0
25.32479751027382 25.58915984500782 0 0
26.58384384232902 27.21395043135078 0 0
27.54048900376298 29.46230321335831 0 0
26
0.6013764381686855 1.170158721136268 0 0
1.361012764250917 1.862894103988754 0 0
3.26176957038986 3.600619198605959 0 0
4.554257521422347 5.469530401056897 0 0
6.117549726736311 6.558468269429852 0 0
6.750235806204859 7.006116524423048 0 0
8.106659761712182 8.74882712815268 0 0
8.942311642274696 9.146222883016575 0 0
9.151576543218638 10.19432045343353 0 0
10.91056590492709 10.93218674523492 0 0
11.2992589714117 11.33904849623555 0 0
11.86824155013438 12.16486778208121 0 0
14.19129811329517 14.19191606517638 0 0
15.45917427892786 15.48241587061657 0 0
16.25258140154851 16.99874736325636 0 0
17.58244995183378 18.29542023086985 0 0
18.42643264308887 18.66313333096348 0 0
19.10064488183215 19.12245755894415 0 0
20.69537643625697 20.88253785257357 0 0
21.67966739852814 22.41592133288933 0 0
23.02646015809964 23.21550435990403 0 0
23.27991148522196 23.36946348918115 0 0
24.67535244506798 26.12141754613046 0 0
26.36794162126455 27.01375499777557 0 0
27.0839287142018 27.18426827716095 0 0
27.20282480680054 29.41987486022944 0 0
