# Status file for ctqmc. Used to save all times t_s, t_e.
10
26
0.3518233243263045 0.2950654974175369 0 0
1.75143597063603 1.362357397814277 0 0
1.957820867817591 1.952625939992066 0 0
3.111462134021685 2.986914957113814 0 0
4.311633989832767 4.24061642056221 0 0
4.693678306791146 4.671864752864026 0 0
5.862951301208246 4.930131405978682 0 0
6.794548095679999 6.519993339309076 0 0
8.040315584748528 6.8262368454391 0 0
8.859661223891534 8.752025203361631 0 0
10.16093442527151 10.08275961060559 0 0
10.77163509060157 10.317726462069 0 0
11.18513754017306 10.88601625656355 0 0
11.74713707247537 11.61735749888036 0 0
12.64852860843556 12.31605207115589 0 0
13.25082113752339 13.13108306872506 0 0
15.0075247520615 14.97057027706242 0 0
16.22731842440916 16.20270749907032 0 0
16.98219284102607 16.92457737892602 0 0
17.48703943470526 17.17342748628267 0 0
17.91733417613267 17.8985418733173 0 0
24.47567263551086 24.47191950049947 0 0
24.75569724321227 24.54158729964121 0 0
26.19502390475995 24.78239260602136 0 0
26.35947026976162 26.32337372426169 0 0
27.31418641995302 27.22595500590587 0 0
16
1.115898360012201 1.038832183886566 0 0
1.438500408731514 1.307086986050491 0 0
3.648703289701705 3.582091516565262 0 0
3.896320566838786 3.840661010303728 0 0
6.486386262400722 6.458852536261635 0 0
7.124793401929805 7.123942050145445 0 0
7.363782139326926 7.169112364318145 0 0
8.022116600490881 8.00411585474726 0 0
8.173207566915721 8.067066916200568 0 0
8.755819553797254 8.548695224373677 0 0
10.94699361484931 10.74056894773984 0 0
16.69814433565117 16.663755491665 0 0
17.98769131056544 17.80109835156947 0 0
24.25194886269046 24.21644147095157 0 0
27.91036553966918 27.77364117986497 0 0
30.0519862288242 30.02694364745421 0 0
10
10.34084453383873 10.33597548350567 0 0
11.16083708468433 11.11334949810579 0 0
15.50682836483652 15.48335649754552 0 0
16.58791087008447 16.54056041790831 0 0
17.37944280279433 16.74751823929625 0 0
17.97009597038389 17.5559576686466 0 0
19.8473902439536 19.73116516493463 0 0
25.41572107972314 25.03278490715696 0 0
27.63123380380693 27.23483423913384 0 0
30.02812187375651 30.02174804126476 0 0
31
0.4367944108115864 0.3599925572850111 0 0
1.657057487313508 1.585903911065372 0 0
1.929325157474767 1.855192025133995 0 0
2.33501532669023 2.260973528878417 0 0
2.637245792959928 2.63385810418245 0 0
3.606695535334234 3.544729188311003 0 0
4.043212181501294 3.908457303532276 0 0
4.668923795419378 4.650929439169638 0 0
5.283018468163349 5.048509487609128 0 0
7.345257822254733 7.313667464365851 0 0
8.964756884695525 8.900904330892306 0 0
11.20798568813488 11.20166192376212 0 0
12.51144826884083 12.49869289496644 0 0
15.35936973068953 15.12907947266123 0 0
15.84127485885608 15.82518891943628 0 0
16.95659454423538 16.73782947432095 0 0
17.47112907764434 17.44993974803539 0 0
18.59198065730472 18.57106450371965 0 0
18.6390807173296 18.59950659883868 0 0
19.67950259370209 19.40068229385292 0 0
20.12756461917994 20.12487122878219 0 0
23.22528523051244 23.10955127262413 0 0
23.58197985731004 23.47732915220381 0 0
24.33138748294117 24.29945322640551 0 0
24.34261608619616 24.33753635890003 0 0
24.91733098829161 24.56132092887533 0 0
25.04667226191315 24.93472068645594 0 0
26.17742850554985 25.62913686589751 0 0
26.49082668274709 26.39522315556273 0 0
28.14679993172411 27.95930384431906 0 0
28.22143728322228 28.17481321922052 0 0
14
7.267817743427242 7.235903141785015 0 0
7.557732686954007 7.538755703629178 0 0
8.418195657365892 8.073917094387761 0 0
13.61485522489571 13.45343637284173 0 0
19.16162305252029 18.59512348496019 0 0
21.62358047898763 21.41354416622296 0 0
22.56712211011428 21.68329589348114 0 0
24.56520433260049 24.53301630404586 0 0
24.67098127069193 24.67081217388771 0 0
24.87243954221048 24.78983462402097 0 0
25.12484830012132 25.11106736838649 0 0
25.39413561681274 25.16215659195287 0 0
25.98644229870748 25.940871176006 0 0
29.5262065542803 29.52410563110181 0 0
35
0.3465615285829386 0.5808675875218547 0 0
1.443460069704077 2.90837020406157 0 0
2.963673146967363 3.092384583207315 0 0
3.109725707781042 3.797218676374841 0 0
4.599255818163805 4.841834397966231 0 0
4.842274919748677 5.264497478960979 0 0
5.349073654406807 6.28955667899129 0 0
6.306958974584019 6.988977599861033 0 0
8.466672442395568 9.097083788820099 0 0
9.751732478877713 9.847043234422612 0 0
10.07532965998892 10.15073353716036 0 0
11.10971255991636 11.32710628759925 0 0
12.49283378752945 13.35054044309876 0 0
14.47631387132451 15.04158253956767 0 0
15.07966785030343 15.23075598917477 0 0
15.67292838168984 17.10139501438998 0 0
17.11426895090513 17.19521612888055 0 0
17.21038823510711 17.41363316886819 0 0
18.28028668849286 18.44548040524671 0 0
18.65136925947271 18.97190796554194 0 0
18.98355519202005 19.68770121860636 0 0
20.89192851883402 20.93893265656469 0 0
21.75907499106534 22.04186756797706 0 0
22.14944389365501 22.25193327174539 0 0
24.1577903757465 24.23342075847996 0 0
24.55412947420782 24.64133214180818 0 0
24.72846361353399 24.99537809475648 0 0
25.02714341713386 26.20020298912356 0 0
26.80254114971471 27.09306747311092 0 0
27.65612581539156 27.68200376629761 0 0
27.82504640675266 28.19618489149464 0 0
28.51591903380338 28.66318808283453 0 0
28.88208436913554 29.53298121625925 0 0
29.6427728840552 29.67126887547592 0 0
29.73482788914375 29.85931175764233 0 0
31
1.412663622133575 1.603554120039464 0 0
1.684325536064688 1.978301784705635 0 0
3.322771138886419 3.417904468048631 0 0
3.501897491383743 3.675615967634791 0 0
3.713667597616142 5.130913041494051 0 0
5.204093877229202 5.836245844357571 0 0
7.29198982934015 7.366330730873805 0 0
7.37318498726611 8.917526506216866 0 0
9.182103888725292 9.914010923731682 0 0
10.09759676014446 10.13533406432917 0 0
11.80134593362527 12.08319531505469 0 0
13.17996185144806 13.71325154715664 0 0
14.3990345958919 14.45935535697674 0 0
14.94830640176248 14.96864348954637 0 0
15.20137464015166 15.58393648560655 0 0
16.73338228583506 16.96841761065111 0 0
17.02267054919334 17.30096341741107 0 0
17.32636612220762 17.43290566792493 0 0
17.65418683975416 18.00609260293566 0 0
18.02341801702697 18.41025620561379 0 0
18.48658653621371 18.65037341931675 0 0
19.73757844124203 19.76312067148117 0 0
19.96118782738909 20.05820140489432 0 0
20.19626697901469 20.41762448157981 0 0
20.90828302704611 21.32595204954905 0 0
21.35626947942255 21.53295712070927 0 0
22.9683711695395 24.20398728681376 0 0
24.34694084425486 26.71253236808645 0 0
26.93729983684222 26.94536119353056 0 0
27.48378799077269 27.58634669152935 0 0
28.39860080951984 29.27739236279501 0 0
19
1.623516090261756 1.196840628121915 0 0
2.06077002189261 1.737858809811591 0 0
4.61915887469461 2.212347448369038 0 0
5.825696209794283 4.870516521033503 0 0
7.381168505251265 6.049462617432101 0 0
7.868073931223305 7.600424766183013 0 0
9.405925234042847 8.30306953756447 0 0
11.27411141431377 9.45827833191246 0 0
11.62715930021153 11.31314527135556 0 0
12.48892809658024 11.68384538914159 0 0
16.76385103179059 12.55594388645383 0 0
19.00966207899403 16.83032373492857 0 0
21.6531139709263 19.74431526530422 0 0
22.23217065207938 21.72334973237922 0 0
22.93330996394216 22.25047904306148 0 0
26.33019606023535 23.02678934830385 0 0
26.71734308721456 26.46416805248713 0 0
28.1342251125716 27.91300593406395 0 0
29.88511485694851 28.26082471762356 0 0
31
2.290143214677276 2.37423987553287 0 0
2.680491965520321 2.832128392891207 0 0
5.834656116197301 6.085448001843493 0 0
6.330969207569075 6.365373604509716 0 0
7.052749662270497 7.47429343366457 0 0
7.485299499372563 7.654761371675142 0 0
8.556693988972535 9.057876834164222 0 0
9.886950596907575 10.19638558431734 0 0
10.36836872679553 10.79997563398215 0 0
11.51638200893832 12.01988263006199 0 0
12.19066925046653 12.19651416527237 0 0
12.41759114704859 12.46481248109593 0 0
12.8003954433956 12.95871955752217 0 0
13.5628067764549 13.64096959676075 0 0
13.81230954273465 13.98815916562997 0 0
14.42606298859885 14.44675028555226 0 0
14.48905592811738 15.05896482209642 0 0
15.07887661810887 15.25799186467807 0 0
15.73757374480661 15.92134555214872 0 0
16.90087950552585 16.95881788264544 0 0
17.45160756093255 17.87294159390582 0 0
18.16530697507888 18.3916878286464 0 0
18.39424730103336 19.84197205342562 0 0
20.96658237412757 22.45286613725792 0 0
23.12603064125338 23.22021013668965 0 0
23.29970869250261 23.49215564953065 0 0
23.50055056508556 24.03645561798594 0 0
24.28149182103011 25.41120638503109 0 0
25.46575088089105 25.58531825085878 0 0
25.62898932683112 26.22042284873712 0 0
29.67995354083679 30.03452025166549 0 0
15
3.46562372195301 3.570475466258598 0 0
3.821662509207778 3.825230388627975 0 0
4.157272223221403 4.27525037668013 0 0
6.445271197298632 6.736826486648515 0 0
6.783706972116818 7.315794647461799 0 0
8.481626312181493 8.799514262815162 0 0
15.61549674689992 15.63164263603582 0 0
17.58721471089587 17.60176021327902 0 0
20.17749901183105 20.82464597447467 0 0
20.98236099584888 21.14029191824973 0 0
21.77336733601982 22.50296428242487 0 0
22.82220717128392 23.03721714200842 0 0
24.95178358436232 25.92134411501068 0 0
26.91857470482395 26.96823516736077 0 0
27.91750531935877 28.92723718739927 0 0
