# Status file for ctqmc. Used to save all times t_s, t_e.
10
30
0.1499735315484756 0.003070987647053158 0 0
0.4104799528836989 0.1706795448953327 0 0
1.280293583100722 0.884716169976038 0 0
1.399309991947666 1.325799507047889 0 0
2.608254369981559 2.576608738629657 0 0
4.626574727845654 4.546453871467251 0 0
5.131500557482259 5.106504901844668 0 0
6.66755721315452 6.632404886199311 0 0
7.243243192663916 6.990308026588372 0 0
7.718856738042655 7.698275838750114 0 0
8.105899422451316 7.794045611284627 0 0
9.923589164324328 9.91415635293489 0 0
10.31463052838059 10.30679256204636 0 0
10.38367615260092 10.36492110875302 0 0
11.43436330043864 10.6222369946857 0 0
13.14032853025205 13.09901729688008 0 0
14.9121587108032 14.81228369898862 0 0
17.39221423134266 17.28041538678284 0 0
19.62947228589612 19.62653125860954 0 0
23.36557721543088 23.31291318933013 0 0
23.86810944379385 23.83830109487185 0 0
24.65008681444471 24.6150627442675 0 0
25.04428644697727 24.88554423484517 0 0
25.43754744527067 25.3650188630838 0 0
25.71498791347866 25.48028613684671 0 0
26.27292871463231 26.18331610110129 0 0
27.66564784267175 27.57056915284342 0 0
29.02983510508557 27.74454714718057 0 0
29.69673307797379 29.62906415683785 0 0
30.00523004360881 29.91321081027943 0 0
23
2.268650484350743 2.165580838457074 0 0
2.382908806356089 2.369149034645221 0 0
3.655377326156446 3.626766326375847 0 0
4.748202385689682 4.694763500962148 0 0
10.7513794498491 10.25942161989681 0 0
12.27757561004948 12.25843335483961 0 0
15.25974777358093 15.24762807172123 0 0
17.27371338448688 17.12586270672827 0 0
17.94722148045483 17.36783027392849 0 0
18.52456302214021 18.24393273702859 0 0
18.69693244265441 18.56691593774028 0 0
18.78642495489793 18.72505058406243 0 0
18.80832498703812 18.80109844572538 0 0
19.10724104461646 19.09065051999166 0 0
19.70012427500247 19.67561975936303 0 0
20.53912680200139 20.46808990499666 0 0
21.51249748993219 21.50427373702983 0 0
23.39098159909009 23.37986290648892 0 0
23.81143255226329 23.6508723925221 0 0
26.30770605545647 25.74845402104337 0 0
26.6207594103016 26.53902871754397 0 0
28.36312819649346 28.27959887183412 0 0
29.75337633046392 29.63152023922384 0 0
14
1.05701263933364 5.914101868690045 0 0
5.978275035222311 6.058067804701416 0 0
6.104877945061602 9.801461857243289 0 0
9.96735831268033 13.86434118402953 0 0
14.0066279159238 16.13051216332851 0 0
16.22506017331864 16.42647867599868 0 0
16.72429909495261 16.75543448279205 0 0
16.78002172486242 18.8049169567882 0 0
19.05088695181982 21.10988356830687 0 0
21.13025026671572 24.11955759868173 0 0
24.32416950609073 26.78395149189696 0 0
26.85235235573847 27.63061603433963 0 0
27.81764727618671 28.90446172518502 0 0
29.03172066197937 29.4466349911489 0 0
22
2.892900646670568 2.866494229111412 0 0
4.461668101735344 4.049737319719818 0 0
5.904690063177734 5.838071111995027 0 0
6.707218965003374 6.603672177109825 0 0
7.285413887438029 6.889293366691863 0 0
8.5559331083907 8.500683898224509 0 0
8.856457293815199 8.612442176365606 0 0
13.71276600624296 13.68480896441057 0 0
14.06940184615766 14.05928732729317 0 0
14.84491146172204 14.67063503229923 0 0
15.4667088577371 15.37139049295492 0 0
16.41705016491207 16.40353375851464 0 0
16.57683000488831 16.51478308311583 0 0
17.27276876728802 17.10581769417131 0 0
18.60671916948817 17.91131106633697 0 0
18.72612898713901 18.63584072798855 0 0
20.47566126445896 20.29740733365653 0 0
22.9381017326427 22.93523713275993 0 0
25.98189763784512 25.9747283416732 0 0
26.79610703212687 26.77145338072221 0 0
28.01018966853201 27.752649364706 0 0
29.80179043557181 29.39141635708519 0 0
10
1.631314697768623 1.48552466249213 0 0
3.312967625148653 3.152195357922969 0 0
5.196753812359352 4.858559947897139 0 0
6.579373547239525 6.55270234259859 0 0
8.03478512030037 7.893161058118658 0 0
10.20380576646505 10.13797644265472 0 0
19.44516318296624 17.73518333176053 0 0
20.18322705242719 19.94746184417317 0 0
24.80046601214596 24.70881705619905 0 0
29.80184898209924 29.59662454756352 0 0
35
0.5660859650280052 0.1736947964253694 0 0
1.028669360133516 0.8898244048995689 0 0
3.521822370792458 2.275818316860169 0 0
3.73046405723897 3.694053290119269 0 0
3.941415054720459 3.732987403150914 0 0
4.222283477442811 3.984503874620658 0 0
4.560346241068485 4.407507760652999 0 0
4.92566528273784 4.720561473433757 0 0
6.829311686539689 5.041572166417632 0 0
6.943357972012097 6.840745147265858 0 0
8.167826087924086 7.436386750791453 0 0
9.261474522496231 8.375896521058769 0 0
9.985606523591461 9.854979535878133 0 0
12.81722652543347 11.06941313135506 0 0
13.1578544635631 13.12343584631224 0 0
13.40635624563924 13.19668279011385 0 0
13.59158303733712 13.46808094321821 0 0
14.45236615256697 13.9011194528957 0 0
15.35328773813691 14.95649351067885 0 0
16.75971577268328 16.62732715067454 0 0
17.70193976175071 17.18981514159962 0 0
18.4212876236769 17.96935159931751 0 0
19.38948789334153 19.17780895722544 0 0
20.9036721367418 20.10620211575317 0 0
21.31483476481144 21.22244520717532 0 0
22.94929273926467 21.65276182586167 0 0
24.23706311446387 23.20130574713355 0 0
24.69959305017235 24.56293036141116 0 0
25.3695487891238 25.29355385526703 0 0
27.37681639016563 26.27742470299397 0 0
28.44736577472672 28.30519629930637 0 0
29.3235497833393 28.90877677081081 0 0
29.45897036428776 29.42004290080509 0 0
29.47824394255547 29.46748248867357 0 0
30.02253723803751 29.94272847952004 0 0
26
0.2133332416542046 0.8968475500082462 0 0
0.973490496471151 2.2247070954414 0 0
2.314280802128022 2.47769030433717 0 0
2.921850710997748 4.325628544584106 0 0
6.463981036121591 6.866029535713023 0 0
7.05547387551447 7.549281298030218 0 0
8.411340550896877 9.00275900361809 0 0
10.03422457911259 10.06127497010129 0 0
10.07175589178628 10.20179847674963 0 0
10.2822312947431 10.39648007027361 0 0
10.50069771657463 10.74533164183632 0 0
10.82985795905739 10.85588325867844 0 0
10.96416644155355 11.35623390509673 0 0
11.85255184849827 11.93509132240368 0 0
12.57256216278178 12.63231930026987 0 0
12.89861173264183 13.38149050996476 0 0
13.61434750563211 13.65088006484139 0 0
14.39252065179962 14.3978430700737 0 0
18.07776165329358 20.75396664537109 0 0
20.79327900815322 21.19295485444132 0 0
21.67875958148425 21.77716970096782 0 0
22.27049844015961 22.47621813931023 0 0
22.49902326259898 22.94071434101406 0 0
24.40924341944366 24.8011649358127 0 0
26.47485560008731 27.07022700000377 0 0
27.13210228982773 30.01692887292222 0 0
19
0.3067174196572893 0.2552607935597706 0 0
1.703583218230327 0.3402110041404002 0 0
1.942288222447521 1.901170507420478 0 0
5.314809073467086 2.369902275620534 0 0
5.812478117677983 5.364672085016138 0 0
6.781701437459947 5.902691612015689 0 0
6.989381473513294 6.927490110646129 0 0
9.044821611918787 7.240818059233085 0 0
9.483365187163418 9.069806126292345 0 0
11.55037922497662 9.883305682134731 0 0
13.09232712437807 11.58626057173791 0 0
13.75217041505752 13.24599462256377 0 0
14.79834609034 13.99864107852169 0 0
15.23993173767369 14.86764467533912 0 0
17.09907623358896 15.92655410975064 0 0
23.10679073207065 18.92550603440153 0 0
27.56561977844113 23.1632564436454 0 0
28.89373513304917 27.8404960582808 0 0
29.2675780934428 28.91677765618979 0 0
32
0.8018821777908758 0.7541628056790439 0 0
0.8256224371348535 0.8049526848627808 0 0
1.727007676601741 1.612672722423891 0 0
3.150799266058871 1.857631607988548 0 0
3.740800036508086 3.357218186703829 0 0
4.207875400265591 4.025145383357557 0 0
5.269686556488262 5.147900768729524 0 0
6.786835652321113 5.297278948330255 0 0
7.284080269723515 7.210184941155839 0 0
7.562020006608572 7.408484742490806 0 0
9.144267244411841 8.363627033947049 0 0
9.941257227719607 9.686953910592159 0 0
11.26564113489135 10.72218187902104 0 0
12.17976556937262 11.34189879230816 0 0
13.12143117555921 12.44788512849938 0 0
13.34570260268638 13.25005891649099 0 0
13.7665055415202 13.63406631507968 0 0
13.91749324575014 13.8683352415399 0 0
14.37739100446436 14.36274525818357 0 0
14.44528177840507 14.42678800111286 0 0
16.43930398783244 15.64555811442424 0 0
16.68592160818692 16.67933790805619 0 0
17.09127563852467 17.04254145676654 0 0
20.38170679345062 19.68608763199664 0 0
21.61051958205837 20.39966226890257 0 0
23.15759417504822 21.72469041971159 0 0
25.32517011859881 24.0880873204011 0 0
25.64293486171509 25.5436637211447 0 0
26.28209440783461 26.28167626965602 0 0
27.6451929144413 27.27060765384027 0 0
28.15036681020493 28.10104588546696 0 0
29.91429944057086 28.88068434031411 0 0
20
0.06803980646101593 0.4119163146382518 0 0
2.971305562938079 3.016435470583389 0 0
3.146832363235923 4.458294081245977 0 0
5.911849042740434 6.686646171312879 0 0
7.352008233455533 7.387897190847457 0 0
7.548644900122198 8.001383526450851 0 0
8.599857552825775 8.886591207197021 0 0
9.787758078709579 10.2615925004509 0 0
12.19982432267564 12.47014376066309 0 0
13.14843094629869 13.37924538407107 0 0
13.97100438017373 14.01664755210691 0 0
17.20831144865669 18.6512974080953 0 0
18.96211474509625 19.45241770391643 0 0
20.7378354711987 21.04378733841443 0 0
21.5935355436827 21.6944413930341 0 0
22.60934231198437 22.91590450943758 0 0
23.46443454332682 23.58768379552547 0 0
24.52243173542184 24.54192260578576 0 0
28.45757569510987 28.46643774082227 0 0
29.62376797839655 29.9160673023839 0 0
