# Status file for ctqmc. Used to save all times t_s, t_e.
10
25
0.7559367314830134 0.6943265318301876 0 0
1.571701051050921 1.035625101501594 0 0
2.845829216290257 2.719522292422161 0 0
4.537967794181721 4.50399825154402 0 0
5.27602565493871 5.263393855260751 0 0
5.850581465708258 5.828457730980184 0 0
5.95864988065714 5.876602941126075 0 0
7.855024342647057 7.836455979865054 0 0
10.05652355092856 10.03385191382828 0 0
11.3179434859345 11.20548305218266 0 0
11.90424309540891 11.85143510917247 0 0
14.45790648768658 14.4406458388106 0 0
17.57305695682383 17.23630123438359 0 0
18.32642846356992 18.15627030130968 0 0
18.67591295489132 18.5652830091205 0 0
20.17725818849886 20.04517354064738 0 0
21.78213636185754 21.60036442907013 0 0
22.44556140746201 21.8533781482364 0 0
22.62640412234942 22.49504708812187 0 0
23.7484081653653 23.73229096282929 0 0
23.80430525593737 23.79613762590964 0 0
25.46885652793057 25.44595385017859 0 0
26.25168111493769 26.21713969907195 0 0
26.66492798684313 26.49884801945533 0 0
29.93826745216048 29.86155738155096 0 0
19
0.4087256490893162 0.2343539397340706 0 0
1.130146769904441 1.059169370658661 0 0
3.003409112842732 2.970585490225112 0 0
9.403665828282044 9.11126008975036 0 0
12.06364829208695 11.72504949963741 0 0
14.37741040985196 14.23237466464462 0 0
15.55561246083577 14.82604872440727 0 0
15.95771794035515 15.95399040555604 0 0
16.1797768660645 16.17170549093864 0 0
18.13000570056321 18.01369957351494 0 0
20.86441467371715 20.8055276135844 0 0
21.11174557634249 21.09495923590507 0 0
22.3954383674859 22.36001901767572 0 0
22.70285336060318 22.66468903337354 0 0
24.28612285205659 24.2624428264489 0 0
25.51898338795236 25.41652634380281 0 0
26.97824906631235 26.94314414619325 0 0
28.31566971857202 28.16995344795491 0 0
29.95891617969568 29.85097746337359 0 0
21
0.06454851496983949 0.5386700476597988 0 0
0.5527175779485489 3.527936500938231 0 0
3.55946049143396 4.967661080392335 0 0
5.118643504116632 5.194764040712568 0 0
5.270147990720125 6.523905307153967 0 0
6.528507085335828 12.06520776182668 0 0
12.72743732713574 13.30269904350508 0 0
13.34935522979635 14.3674381550231 0 0
14.55605182695129 14.57883277979588 0 0
15.04788245464111 15.67419027612927 0 0
15.9487341755781 17.90201416478575 0 0
17.95218089478596 18.14764369589387 0 0
18.28680520750269 19.4253331942018 0 0
19.65088296646139 20.17177201119619 0 0
20.23514553915552 20.38830162910122 0 0
20.41261088297814 23.68264651920419 0 0
23.7165453147131 23.86520183297759 0 0
23.8799788724326 23.90139591730509 0 0
23.92418097448803 28.76856585519637 0 0
29.13260558301182 29.16680265429163 0 0
29.2092294786081 29.86740816476969 0 0
26
0.9273294870266666 0.9201244730430804 0 0
1.01057358002755 0.9628135836871007 0 0
2.163950140956055 1.793529282892834 0 0
3.448394546474898 3.337510042121248 0 0
4.455570718673433 3.889606646753641 0 0
4.775244842085137 4.76619119333674 0 0
5.633665832380866 5.089004801804158 0 0
8.097430548182086 8.06360949830464 0 0
8.239432859366978 8.20396570689717 0 0
8.454853989380414 8.292536722365373 0 0
9.898475613475206 9.585737079228672 0 0
12.1600356949703 12.09844065717505 0 0
15.47552756089865 15.47478027537388 0 0
16.4170853680578 16.19288318017436 0 0
17.49093111712879 17.33162288193182 0 0
19.16138146046726 19.15946379746556 0 0
20.39105844077658 20.27463908842753 0 0
21.21247211017812 21.0986473833295 0 0
21.84642532450696 21.749052217257 0 0
22.58874219868818 22.52524630156781 0 0
23.00886669670134 22.66985304374116 0 0
24.22040088410936 24.04662866934397 0 0
25.03920034892061 24.87189031055447 0 0
25.48882124313853 25.44945109227731 0 0
26.02634904995191 25.79224225183825 0 0
28.20346543634248 28.08158719121867 0 0
11
2.788417805224486 2.363448993812399 0 0
2.888803888859872 2.80231136412833 0 0
8.797736495944045 8.783265130540933 0 0
10.50832580076518 10.44311992822158 0 0
11.70221701587249 11.49847630602347 0 0
14.75947129456004 14.65503846696549 0 0
21.3846248310551 21.19094949437101 0 0
26.59951217798372 26.59756294609313 0 0
26.92840072033872 26.90369782302365 0 0
27.72390151612698 27.49645685248932 0 0
28.6066654794191 28.38153667028164 0 0
26
3.357536381500577 0.2787313785308781 0 0
3.967150276295137 3.690945325986226 0 0
4.48064335734048 4.345748321677895 0 0
7.572415378588766 5.034946371979355 0 0
9.115324538742204 7.828636876237828 0 0
9.866294833971518 9.605696322425693 0 0
11.31043233983451 10.2722521891739 0 0
11.3783039454719 11.35567338807411 0 0
11.52246775621607 11.51583865086993 0 0
12.22822540820709 11.75451965244205 0 0
12.92083547958671 12.62567142497851 0 0
13.51601606166123 13.4580087788571 0 0
14.09720932426195 13.95314794719897 0 0
15.56101167547951 14.92388810292263 0 0
15.73164742026361 15.5758156911006 0 0
16.89567917385016 16.45802682303469 0 0
19.49564900555008 17.59900677369095 0 0
20.67171101059454 20.29983882106623 0 0
21.32429023713426 21.3030031907426 0 0
21.53438336106548 21.52575842699073 0 0
23.6251533818831 22.02795471898577 0 0
23.88600174008491 23.73122559791016 0 0
24.88984471502871 24.74093402226356 0 0
25.72523577637752 25.5059794897061 0 0
27.74142716095925 26.28808604920401 0 0
29.72424860774072 28.27814467523396 0 0
34
0.359971903912663 0.09338302502115425 0 0
1.274456566341303 0.9697280987451646 0 0
2.38763723878187 1.859070108125485 0 0
2.977186517864562 2.962957965308072 0 0
2.993917028391895 2.991287987689021 0 0
3.642856478625328 3.487900697010811 0 0
4.559735449958081 4.16482983311805 0 0
5.365035701986638 5.345377841255559 0 0
6.320148332466304 5.922315082863655 0 0
6.622899350645158 6.555665417401449 0 0
7.722710220998037 6.639678221902535 0 0
8.970827383147995 8.954971095306046 0 0
10.13839011921905 10.11782073209466 0 0
10.42615810911687 10.26487856525107 0 0
10.86682768715638 10.62898463705726 0 0
11.06223061368491 11.05698555277139 0 0
12.00286585937116 11.18334161912283 0 0
13.5572319162621 12.54534901503822 0 0
13.56771728111767 13.56681971258031 0 0
14.95014633852231 13.75878455089699 0 0
15.59961239211278 15.27055622811594 0 0
17.63981850609293 15.95926646854385 0 0
17.97881468356568 17.92516991062633 0 0
18.30343501390185 18.17735677697314 0 0
18.98104779603748 18.86009974007152 0 0
21.6483381305706 19.53489182075872 0 0
22.18729208531101 22.1299261125852 0 0
22.86288915869206 22.86177013049792 0 0
23.4266998392092 23.0666526284451 0 0
23.84026379489465 23.52944323671002 0 0
25.56711165133172 24.76321195344354 0 0
26.21130894474421 26.19079176641964 0 0
28.31737940835139 26.43409188517553 0 0
29.71659740625411 28.32130595698485 0 0
16
1.818213515688505 1.845848264190362 0 0
3.916140611429285 3.926219063503735 0 0
7.308837060053303 7.595750555912305 0 0
8.442133863190294 8.555096243594704 0 0
8.68402550548028 8.87759397463344 0 0
8.94166679314888 9.03807176599552 0 0
9.12932393817028 9.230306822826146 0 0
10.24119776258688 10.41347778494417 0 0
10.61257419094137 10.74536344815419 0 0
11.71110730997631 11.92417117965948 0 0
14.42108237335521 14.55092982355352 0 0
15.20564661024996 15.96068871087673 0 0
17.17129086558311 17.59535232165912 0 0
20.76405278511694 21.40307318222585 0 0
22.3650685969444 22.56058162732895 0 0
28.60511475130688 28.6491471335044 0 0
32
0.1498962888399475 0.04308193110130887 0 0
2.065200922331428 0.7801558170850146 0 0
3.492177210393257 3.05387788705513 0 0
3.846400654130181 3.822055673502914 0 0
4.188068425108402 4.039119979327091 0 0
4.659496666361153 4.608547026559675 0 0
5.249017581253881 5.238490967294628 0 0
6.615361354090919 6.299401837503441 0 0
9.364952869504078 8.277962250943462 0 0
11.32396026541454 9.48233286327677 0 0
11.57379843369888 11.50235578669495 0 0
11.94673683607222 11.94666040386461 0 0
12.65409774360102 12.51009659327032 0 0
13.61166215863986 12.74558772689302 0 0
14.30415577078074 14.0980757826456 0 0
15.63417611080535 15.29419562300335 0 0
17.65597765287787 15.64495474324153 0 0
18.77972328213793 18.6863166569491 0 0
19.22679771888423 19.19010321638875 0 0
20.05507086873899 19.64150397221298 0 0
20.70689102391285 20.4744208841357 0 0
21.07406683879815 20.72451321853005 0 0
21.30058430673728 21.17519803735311 0 0
21.77343303684244 21.6386894559489 0 0
22.85788729103953 22.56651885092998 0 0
26.35288903091254 23.80420011507726 0 0
26.40443185483303 26.36933803296295 0 0
26.75705823137157 26.74373694769995 0 0
26.81543682546878 26.75875126373966 0 0
28.27742914846342 28.25532206521947 0 0
28.6678694139204 28.50007017490512 0 0
30.04800307622074 29.56264810201054 0 0
22
0.6668914023982826 0.7798103933070594 0 0
0.8105242959756189 1.558957259646775 0 0
2.551212830695821 3.002865684864259 0 0
3.065548202816339 3.365764624835587 0 0
3.799954527051045 3.8157663206156 0 0
4.503973540217282 4.517067120090022 0 0
4.623563390798785 4.785878760762294 0 0
5.047055283713302 5.427910808693074 0 0
7.038481722587539 7.415664939707436 0 0
7.933926378700979 8.238285341406302 0 0
8.47737178481267 8.614940258118724 0 0
10.67691136338439 10.85839468841495 0 0
10.89543937147232 11.49701090999399 0 0
15.29511930362684 15.58473883542179 0 0
17.96613576329844 18.24155014664853 0 0
18.73803873128097 18.93256922832369 0 0
21.24753712745332 21.35186147688297 0 0
22.59927666983231 23.26005227943589 0 0
23.75137287872994 24.18095950532371 0 0
24.75109027292433 24.76440583281802 0 0
27.31677995795361 27.61808542928351 0 0
29.08853971726033 29.30757397458953 0 0
