# Status file for ctqmc. Used to save all times t_s, t_e.
10
28
3.849421733778596 3.63874704350081 0 0
7.306564923131836 7.278180643863014 0 0
7.551041267200191 7.376836859177442 0 0
7.789776696833427 7.744595736702857 0 0
7.85785199447883 7.845429150173881 0 0
8.528648201116653 8.507498749226444 0 0
10.22338489504495 10.22073078963743 0 0
10.41989595461505 10.37631802671368 0 0
10.79971935284626 10.69279694515915 0 0
12.06709866072001 12.06260945673092 0 0
12.08949204105908 12.07812879244823 0 0
13.39742423932203 13.23508556795596 0 0
13.87434994740765 13.80837455305138 0 0
14.42566827343902 14.13800918359183 0 0
14.89434007613275 14.49048842708092 0 0
17.65179096019068 17.60955284337735 0 0
19.5579370301058 19.52617528540958 0 0
20.14034542119305 19.7676753289944 0 0
23.18434496857863 23.15387801324696 0 0
23.94901608147531 23.72308278019537 0 0
24.09636488041932 24.03018898114115 0 0
24.77444439840787 24.12319936015396 0 0
25.18884873596647 24.96059553688752 0 0
27.18910195432421 27.15441824668167 0 0
27.58988129293397 27.44261751995284 0 0
28.01539201168933 27.97094744609391 0 0
28.54613001789021 28.40459203195989 0 0
29.00183685266888 28.62917101221116 0 0
21
0.07369601838067652 1.237952292388695 0 0
1.340191384612386 1.729451299363958 0 0
1.729647826666337 2.670772902737167 0 0
2.679215708359404 3.587826046511221 0 0
3.786691408046997 6.131983647670478 0 0
6.285036369699387 9.143382439035243 0 0
9.308218295901007 10.44408902728712 0 0
10.46122870097488 11.2645852607857 0 0
11.35663590244368 11.56382235282888 0 0
11.96545615609101 12.06376383975808 0 0
12.60960327589479 12.80456960640128 0 0
13.29060239288874 14.6726200614508 0 0
14.72975970738509 16.41762147817387 0 0
16.5640427890234 18.46916387838347 0 0
18.48620999556337 19.06007570733255 0 0
19.09366912347047 20.90367376835242 0 0
20.94773311740501 22.68710750025164 0 0
22.69966350326061 23.2556007687827 0 0
23.28322522297021 25.41075130064873 0 0
25.78088323994538 28.29259225970991 0 0
28.37201864628664 29.99883417452465 0 0
9
2.318625225136419 2.237538142679949 0 0
8.899651420977511 8.854522919243315 0 0
10.21039428811764 10.00710740419325 0 0
12.20737339473565 12.14586106480924 0 0
24.58732596369536 24.41102600813863 0 0
24.67087345243857 24.63661685761239 0 0
27.97623701477676 27.90518953877996 0 0
29.31450814341791 28.54696273106727 0 0
29.61171010746125 29.58911125117544 0 0
28
0.1374008167905068 0.3886418743502664 0 0
0.4329097726325148 1.36399155050643 0 0
2.148015193167278 3.128922180612961 0 0
3.27589465412318 3.883248540396542 0 0
3.912450822601254 4.382909465732556 0 0
4.414433134465097 6.109604239039503 0 0
6.553077875054882 11.04815194900937 0 0
11.55578178756116 12.04012660427423 0 0
12.13367289981439 13.22316370714471 0 0
13.67910651411778 14.42400774229438 0 0
14.69412716453661 16.47684882820394 0 0
16.49833159187319 17.97555887571032 0 0
18.01253300848222 18.17410776952983 0 0
18.2471500696951 18.47397327223559 0 0
18.67726746288526 19.64246326012481 0 0
19.78281727767935 19.81758448665004 0 0
19.8379591651984 19.99479947022882 0 0
20.00694709985256 22.15002262075436 0 0
22.21848201746118 22.94855042235152 0 0
22.95886539401601 24.14559417724407 0 0
24.35812718592881 24.41314844003644 0 0
24.42485950974223 24.85339741046264 0 0
25.41683334029018 25.44183635677754 0 0
25.80321877767901 26.2907300579788 0 0
26.9702182994028 27.70120386870809 0 0
27.90536403002979 28.86400489175421 0 0
28.87735067312905 29.00914975260769 0 0
29.2034524961718 29.48023708471041 0 0
14
0.5687281692708623 0.5397967960464207 0 0
2.293212847161524 2.050458616818526 0 0
8.754720404964431 8.514252441686281 0 0
9.274275845529578 8.765618130381172 0 0
9.897898738330277 9.420935818486614 0 0
16.79989493387517 16.79436744721249 0 0
19.04712861718507 18.85932424215725 0 0
21.22277034785612 21.20161347591392 0 0
22.18155370752688 21.49464430719007 0 0
22.88670402807588 22.87506853710411 0 0
24.47122840652945 24.45082760462864 0 0
25.61102995204362 25.58118733195064 0 0
25.92934392690226 25.88664930136528 0 0
25.97626548457703 25.97300963386749 0 0
36
2.208350465561374 0.1477256331176626 0 0
2.775174409356357 2.553817950179313 0 0
3.48288227648364 2.846610212332694 0 0
4.782109833441129 3.813158611762216 0 0
5.258861913944575 5.216593624351274 0 0
7.772413303376459 5.278578235282144 0 0
8.203573137095287 8.195787368499323 0 0
8.69791708169301 8.24778266934239 0 0
9.137473755302981 9.072339947709532 0 0
11.03272328200285 9.645890591738375 0 0
12.40135687641945 11.35446197324543 0 0
13.09821896204106 12.90205112623045 0 0
14.07086766891535 13.41164530989555 0 0
15.41077239352905 15.05502292619932 0 0
15.63242583433149 15.46277895234382 0 0
15.72067808241754 15.70842604970769 0 0
16.23196606448155 16.22217751406359 0 0
17.29883814054062 17.21235477004214 0 0
17.67209252952964 17.63019165429822 0 0
18.73505319731505 17.92098877446416 0 0
19.39148273244313 19.33947487846747 0 0
20.80690555496993 20.79471944184185 0 0
21.06504563583788 21.0343921970012 0 0
21.27141535387438 21.2228377000201 0 0
21.47497919083893 21.41126684055777 0 0
21.88771128452372 21.79821455774127 0 0
22.20304170586378 22.10428991039458 0 0
22.51244508541416 22.32159851707709 0 0
22.65838544761576 22.64524277635814 0 0
23.44010011273054 22.71955481115588 0 0
25.62328332212151 25.60486572589764 0 0
26.7509222056465 26.63915534311137 0 0
27.93804683632249 27.46301865697696 0 0
28.8318635261212 28.32941938656371 0 0
29.61170617845979 28.97446173032579 0 0
29.77709691367201 29.74467525678637 0 0
29
2.438188546187102 2.103900845745127 0 0
2.95545822389395 2.915217200954643 0 0
3.542867505385743 3.193382711257299 0 0
4.750454431536313 3.867455216321033 0 0
5.609797713452798 5.424715032597913 0 0
6.759776393241989 5.80132175159802 0 0
8.392261815920117 8.16186168816213 0 0
9.535133141595916 9.264548551366367 0 0
10.85787713984148 10.81451236392329 0 0
10.92887374707905 10.92334318192091 0 0
13.63496597768162 13.6140928705199 0 0
14.28250446688517 13.86883170156356 0 0
15.05181444672804 14.97689011890244 0 0
16.1311349105818 15.625722477864 0 0
17.76332557280881 16.77610721740621 0 0
18.76469177190576 18.37986383321422 0 0
19.87618226135203 19.62758279260066 0 0
20.34181576882794 19.97362066925904 0 0
20.71242022783759 20.3799120247827 0 0
21.92838997426175 20.74003929831152 0 0
22.1485881315112 21.96480723362271 0 0
24.81652353195874 22.18734663058849 0 0
25.3527121850945 25.2765500932441 0 0
25.83030130128839 25.73453678634398 0 0
26.18538142165335 25.97245508156192 0 0
27.54264061612619 26.22221527152056 0 0
28.37617505512094 28.22806605749458 0 0
29.52108835987831 29.49605167919235 0 0
29.77861845618814 29.67489533189021 0 0
21
0.1845400244061679 0.1497789790905841 0 0
2.181783419445669 0.2315917119533686 0 0
2.456427511466579 2.211266577655271 0 0
4.827990188384742 2.730338345135489 0 0
4.980445060564363 4.964930631263277 0 0
5.009310714383002 4.985918985119838 0 0
5.621924914065125 5.2624613186729 0 0
7.881956821513267 5.816902676100768 0 0
8.296282555272244 8.039465905298529 0 0
8.347086344300017 8.336112840180764 0 0
9.560401146939318 8.957304796412926 0 0
10.44767008667164 10.21885092557118 0 0
14.76288033009805 10.50017734270113 0 0
18.08041053662588 15.08898107810854 0 0
21.02042333837404 18.51653458140088 0 0
21.37010505157002 21.32832707119421 0 0
21.75070409651073 21.52594347586881 0 0
23.11130948230277 21.87667239368785 0 0
24.34265032202085 23.5818077460521 0 0
28.71192060871691 24.38860960724415 0 0
29.51676393476864 29.51610414433166 0 0
26
1.517279062546322 1.975822133932097 0 0
2.474790537597508 2.878805894169567 0 0
3.564787861920235 4.17692513150198 0 0
4.191221567769571 4.508525341292175 0 0
4.7542139701489 4.920197648994048 0 0
6.17755940392252 7.505093799225301 0 0
8.982207948463088 9.049396464849398 0 0
9.063342242357628 9.203695870857898 0 0
9.305748610465979 10.18520068233834 0 0
10.53668159339969 10.54537876838229 0 0
10.60946214989452 11.12498859966132 0 0
11.31735011620267 11.37785482129867 0 0
11.49808613341316 11.74434434280488 0 0
11.74850949361934 12.36625319416283 0 0
12.45944115278972 12.84433755194973 0 0
12.8913706266319 13.11122660117436 0 0
13.15754847694503 13.51549494084602 0 0
14.28947321318207 15.26671094386566 0 0
17.38436057794881 17.4561499721969 0 0
20.48293034780087 20.55079315638879 0 0
21.37279299209627 22.1315251369373 0 0
23.81024830603016 28.3079275726396 0 0
28.48002219549074 28.50544124981976 0 0
28.57005742668469 28.59823866744607 0 0
28.96089813026286 29.41474460227291 0 0
29.45107952766377 29.5257222817523 0 0
24
0.3828535993962277 0.4729625531806791 0 0
1.157723475969576 2.015174747765022 0 0
2.253945036976658 2.307707630592824 0 0
4.062966671575889 4.073806273894128 0 0
4.077020260873562 4.426024783056045 0 0
5.008051504705436 5.054080448851419 0 0
6.075210313502059 7.107040448448112 0 0
7.323335233385812 7.636196996376004 0 0
8.439657784881437 8.754253364594287 0 0
9.491550747881911 9.504057947287567 0 0
12.61693887520482 12.62870473895031 0 0
12.92175834274678 13.86679910905458 0 0
14.8665031616626 14.94134149325818 0 0
15.14448707589127 15.15639749474691 0 0
15.86016724959937 16.04880018844865 0 0
18.04309500996284 18.2658601120655 0 0
19.97622604401496 20.63144969913743 0 0
21.20753068754241 21.2432042504914 0 0
22.1387646296289 22.62364379377371 0 0
22.93395890667646 23.34027354491744 0 0
25.10505918986658 25.29807555248675 0 0
28.32184290902266 28.32885210096435 0 0
29.15928124288109 29.46041057762348 0 0
29.68056530141676 29.88566485795111 0 0
