# Status file for ctqmc. Used to save all times t_s, t_e.
10
26
0.0313440386964281 0.2134111591041901 0 0
0.3164210488014635 0.8656506108068275 0 0
1.045184715133654 5.859753722655714 0 0
5.884687384208537 6.439920412639614 0 0
6.499216648219299 6.628128266799235 0 0
6.690647261770311 6.834427861162687 0 0
6.867340573841397 7.561921028044709 0 0
7.924693914908142 8.78638869891064 0 0
8.82933673998096 9.384173587771372 0 0
9.397488364988403 10.71449965334912 0 0
11.10075424122753 11.43901668888354 0 0
11.82129002343006 12.59791789898276 0 0
12.79749327712769 12.80246812773134 0 0
13.51474851629013 16.07588818259253 0 0
16.6479513576543 17.45850011091196 0 0
17.54496972717081 19.18864605883687 0 0
19.29684556752509 20.78786183984995 0 0
20.82102956600755 21.5734090260137 0 0
21.64962390769333 22.24286959246524 0 0
22.47148003408647 25.47430217355609 0 0
25.49874594168795 27.23772344076258 0 0
27.32571210768932 27.66943731518741 0 0
27.67012430330936 28.32632441035731 0 0
28.37647613915737 28.67171868429573 0 0
28.72764266733354 28.91911973143848 0 0
29.93604041240224 30.05863630643725 0 0
23
0.9449325291081461 0.5232601819962817 0 0
1.789118497820925 1.25214433427126 0 0
2.644043788736627 2.54715840647632 0 0
4.70370341366303 4.484526017418423 0 0
5.053700487177155 5.035880344191039 0 0
9.185918816285422 8.516223642077769 0 0
9.995548990829217 9.987315243664156 0 0
11.54530726456479 11.44364968039339 0 0
11.60539682729041 11.58734037681673 0 0
11.80523847408441 11.75295887138819 0 0
12.11077262699128 12.09429719252001 0 0
13.51111533250944 12.92835649276794 0 0
14.19525853306257 14.17585377335168 0 0
14.58848781500694 14.43107215607809 0 0
15.99586394584441 15.90694859436766 0 0
16.77830226712269 16.69023619825853 0 0
16.86725134288464 16.86518336162084 0 0
19.99916099296641 19.92071769854347 0 0
25.00324828501855 24.99387152938832 0 0
25.62671807809498 25.60468778314249 0 0
27.5227421562135 27.35383657312189 0 0
29.13853427915798 27.62090565605824 0 0
29.28146088393343 29.26255578190941 0 0
8
10.71414335343164 10.67820103258329 0 0
14.94178005361676 14.91645158454366 0 0
20.71673349200981 20.70736226256523 0 0
22.33429855142715 22.16517607726104 0 0
23.69558476736079 23.56153624841541 0 0
23.76824538403641 23.75306691079251 0 0
27.25377080086542 27.22341213524994 0 0
28.38854583844622 28.3653553178911 0 0
20
1.106006667065888 1.087404898603953 0 0
3.762395025220628 3.762361091862128 0 0
4.259314938263194 4.232375009834003 0 0
4.434971861148083 4.406346062905187 0 0
6.38086914432334 6.341200185897407 0 0
7.581595234307945 7.462070327607931 0 0
8.199471801876207 8.137890260360839 0 0
8.837127971909363 8.650712405079018 0 0
13.5955126696242 13.57636190011816 0 0
16.44900523661804 16.37436368434147 0 0
17.51765916067044 16.79969986451588 0 0
17.88173799270468 17.84386144467268 0 0
20.2005226709726 20.05822524908516 0 0
21.13452367999879 21.13037562812283 0 0
21.44162452031091 21.1613031884185 0 0
21.93331138837459 21.77593942635444 0 0
23.40323734509139 23.3685863762249 0 0
23.81709999516299 23.8042952519592 0 0
23.97181130576828 23.91718560093759 0 0
28.84936672496355 28.38761444104333 0 0
9
4.23877531212125 4.180968835622459 0 0
4.906265871213954 4.818843597450796 0 0
5.421604401306953 5.326906881969893 0 0
6.079143430086038 6.035932495427589 0 0
6.430865750970718 6.201903993296743 0 0
6.872742543258331 6.852406743217856 0 0
7.122227085917889 7.043173300463693 0 0
9.481053122520848 9.469065387675865 0 0
11.07690532761652 10.91488557275193 0 0
28
1.369281586071825 0.2363350229411623 0 0
4.030037351372172 2.028938163171943 0 0
6.182014759078752 4.379231535901264 0 0
6.926942156954644 6.485775182267113 0 0
7.204768764600463 7.198234425474334 0 0
7.572636837555073 7.479936696750836 0 0
8.051946626173088 7.969287745603519 0 0
8.481721439619966 8.181066532294638 0 0
9.179980329218489 8.5551405300819 0 0
10.02924089656049 10.002979773346 0 0
10.24629988944938 10.18289569193834 0 0
10.74665327544953 10.72440908217191 0 0
10.86598815317338 10.81459571006631 0 0
11.13455352850546 10.90799773460576 0 0
12.10352178495088 12.04256331929309 0 0
12.25438348565308 12.17555027083216 0 0
13.52429633473659 13.47328728038453 0 0
17.26899353803734 15.07467020356718 0 0
18.28008872003048 17.52693634041595 0 0
22.76088493859402 19.36254149751978 0 0
23.43356796852482 22.81303485909923 0 0
23.47105356283465 23.44410048006974 0 0
24.34718850394914 23.89478202899273 0 0
25.0053801070991 24.36535886721083 0 0
25.86321031041541 25.8484620371505 0 0
27.98491178154993 26.89921748511562 0 0
28.27331358517194 28.06613016405229 0 0
30.01938692753079 28.48494711854869 0 0
27
0.8073036666929023 1.475087802234031 0 0
1.622354195426669 1.729085227995461 0 0
1.737340180682322 1.994834414286241 0 0
3.224297810242558 3.246467310272422 0 0
5.379523019752471 5.396854471511251 0 0
5.765825785405176 5.821505061302291 0 0
6.103383674866284 6.462950440035451 0 0
6.935187773382376 7.088419251652597 0 0
8.304903540591013 10.07245110149331 0 0
14.61925417943994 14.95870142497911 0 0
16.46364197258264 17.49172889590203 0 0
17.527114093615 17.65267716452913 0 0
18.0025122508311 18.16856979561187 0 0
18.85282290204541 18.88906564334208 0 0
18.94386116074545 18.9963488300439 0 0
19.50119341058079 20.00286788852447 0 0
21.25505872121002 21.29843720000425 0 0
21.5217199080913 21.61196938418593 0 0
22.22758411445539 22.43204387445776 0 0
22.78742595688608 23.44068794278224 0 0
24.5026633839154 24.68806309585445 0 0
24.75805657455918 24.79892451222944 0 0
25.43294702792756 25.59909779043174 0 0
25.91850838471613 26.12206569839192 0 0
27.3327009415919 27.4127254198523 0 0
27.90784365922345 27.92454213625271 0 0
28.77074205684074 29.71304077501444 0 0
22
0.6096642117449564 0.8982542394091733 0 0
4.140519345831501 4.225600639141535 0 0
4.792357803659765 4.886504741297875 0 0
5.54721505853354 5.64905445593338 0 0
6.800662468245628 6.95654345244392 0 0
7.437801906227572 7.593228493669368 0 0
11.32041281355671 11.40077451173039 0 0
13.78827708777259 13.84356709169264 0 0
13.89176095931177 14.28412234690715 0 0
15.08174542066641 15.2013002157593 0 0
15.98983010950676 16.43033210758315 0 0
17.18447211765722 17.2506927614904 0 0
17.5308848071599 17.71665269376749 0 0
17.88410687235478 17.92900775386612 0 0
17.94146235989654 17.99193522805416 0 0
18.13561841665137 18.61155230662367 0 0
19.58525204420376 19.61564354722558 0 0
23.25346511263303 23.33843468425583 0 0
25.9981574860951 26.19777650569076 0 0
26.87175881561334 27.03212083714783 0 0
28.20995274277463 28.24185264712936 0 0
28.30449613132642 29.02707540316676 0 0
24
3.566673092156392 0.8132956622262393 0 0
6.505475076564962 3.898413020622984 0 0
6.521312671298239 6.520814148900897 0 0
7.580233465586694 7.311217414739716 0 0
8.553780493550638 7.769484367538459 0 0
8.985885876184659 8.907884495021674 0 0
9.448531141225683 9.438215128904604 0 0
13.96513084395415 9.974646793878875 0 0
14.48242081127403 13.99287450139548 0 0
15.03079466660332 14.96725085334065 0 0
15.30541055553151 15.25626340333491 0 0
15.37401347334436 15.35578983364188 0 0
16.20253423486619 16.1013613489007 0 0
16.57731023095705 16.28289724112663 0 0
18.16738801512653 18.07912566526485 0 0
18.60040652691833 18.31979614448041 0 0
20.47471809673802 20.27390710057697 0 0
22.96723537718998 22.23233226129772 0 0
23.08597522806235 22.9886541230531 0 0
24.20560537745237 23.79021824121289 0 0
26.91927539945622 24.27804954597516 0 0
28.37015897056736 28.36373235583193 0 0
29.63573994257111 29.58600712824595 0 0
29.88228641365628 29.84342329065787 0 0
25
0.381634419328055 0.3093726493422082 0 0
4.379370235958667 2.31207494673223 0 0
5.159231041041655 4.712493741573386 0 0
5.35746312375469 5.188810072713981 0 0
6.395877300930379 5.389283403592052 0 0
6.901613475967514 6.69389142485406 0 0
8.371618875088103 7.069856414235034 0 0
10.63053235700825 8.774377025794255 0 0
11.43996941241425 11.21805506992819 0 0
12.34761482641066 11.82660995839729 0 0
12.65479299411854 12.38468668718906 0 0
13.63492181536087 13.06009216866306 0 0
15.37670019404462 14.04803918176974 0 0
16.41740764086305 15.55272065217996 0 0
16.61664710675364 16.49298971265379 0 0
18.22599145127021 16.70520761162151 0 0
20.01951677667215 18.43010274225199 0 0
21.04489854149107 20.11500071068788 0 0
22.16602459466969 21.38752404553427 0 0
22.47073557851758 22.25471735762235 0 0
25.63218760911239 23.09390096436227 0 0
26.2885012440291 26.03880016241045 0 0
26.39510818784549 26.32666682749963 0 0
28.57175700063693 26.43042618143551 0 0
29.62150985884037 29.1472275444872 0 0
