# Status file for ctqmc. Used to save all times t_s, t_e.
10
35
1.198392084398199 1.070760997861883 0 0
1.978460005160542 1.970593436949065 0 0
2.217806907837304 2.205392684097442 0 0
2.704150856102287 2.218113540184069 0 0
3.325855024717223 2.910624659630425 0 0
3.987951882634022 3.595535111980307 0 0
4.214827107112008 4.031045054940172 0 0
6.545167989926247 6.207640389010525 0 0
6.684815212080767 6.591441715239804 0 0
7.544958054190339 7.444376960500662 0 0
8.258053836477867 7.849436318721406 0 0
8.578442067617361 8.505815310661996 0 0
9.455701940568833 8.658591713924169 0 0
9.944655182343308 9.718146500292525 0 0
10.18239013878769 10.17233226463935 0 0
11.35874225783632 11.30490941426396 0 0
11.91415424034571 11.38911459338129 0 0
12.66190574522162 12.62131078679075 0 0
14.73083477478321 14.69928799028956 0 0
15.92574066173078 15.73179674580122 0 0
17.36336294824175 17.34719321100376 0 0
17.5983681778789 17.58837158322168 0 0
20.6091817878512 20.44508606988655 0 0
21.23203301919148 20.62680796170287 0 0
22.49812227604646 22.47124195337339 0 0
23.61295878652975 23.51708518335843 0 0
24.92721035988751 24.9002977234245 0 0
25.01243643352612 24.9910537610994 0 0
25.97107211686309 25.95008599417426 0 0
26.27188803388422 26.24665506070457 0 0
27.77136376273535 27.4729732110102 0 0
28.53024035352018 28.50478885224306 0 0
28.77843821081634 28.7397990616658 0 0
29.18429410428706 29.12965805844431 0 0
29.43041065788698 29.20364615149292 0 0
22
0.8760714700237671 1.012157822432376 0 0
1.173273937268574 1.496477367555709 0 0
1.504119232146984 2.607592921064851 0 0
2.639542034122047 2.899896116204404 0 0
2.991385274990082 3.687467409731192 0 0
3.860359966427532 4.365715157008278 0 0
4.577652681820704 4.855919962064705 0 0
7.123941935102391 7.937134233773376 0 0
9.079495779601652 9.635530477128182 0 0
9.689409188995043 10.71114663173558 0 0
10.78299925457364 12.89000939495772 0 0
12.94425346872455 15.31189470813204 0 0
15.31707233773845 18.73956577104715 0 0
18.77733466937154 19.30515838979276 0 0
19.39659438531299 20.2280719979187 0 0
20.3072667403171 25.20481779567085 0 0
25.23624419586281 26.03941235145162 0 0
26.42892430005187 26.72056462219328 0 0
26.90217276133113 27.47860172722619 0 0
27.53816235950694 27.84356232768503 0 0
27.97630730831428 28.33653693957235 0 0
28.50859983113398 28.80552961463384 0 0
17
0.3277038358436962 0.2711786404346726 0 0
5.30894965484717 5.249033473274436 0 0
6.141337155494072 6.13862538303085 0 0
9.734658944468139 9.721124691005171 0 0
11.0493251557576 10.52833463729752 0 0
12.05054853330254 11.83004884931406 0 0
12.87491094338641 12.23128903397622 0 0
13.14414231673879 13.13684566632932 0 0
13.27458096428148 13.16018916311074 0 0
14.23069904799309 14.20084624137725 0 0
18.38844653581471 18.38238682504263 0 0
20.19532182977819 20.08758564750356 0 0
21.06685884777595 20.945313113754 0 0
22.59985600569255 22.59577742870319 0 0
26.66242989124729 26.39964340567629 0 0
27.10916703942323 26.94969839669472 0 0
27.24286083612656 27.20131245959719 0 0
31
0.4991099216001267 0.3503074962907249 0 0
0.8402753133012497 0.7205801578979731 0 0
1.104674006004988 0.8403396248247823 0 0
2.074486110294406 1.339077554614967 0 0
2.953982669504235 2.855655954180013 0 0
4.913518547650751 3.611370426087825 0 0
4.969982488974624 4.941169693265123 0 0
5.597101303443267 5.575270425767255 0 0
6.692542538566224 6.653104371947491 0 0
7.667926213231954 6.889000863162805 0 0
9.986920348167461 7.672746813284703 0 0
11.30813342882098 10.41782594509381 0 0
11.92717704116365 11.89001019130849 0 0
12.46856771939193 12.32615448649329 0 0
12.98706848858177 12.97562563727138 0 0
14.41727066254948 13.18910504684799 0 0
15.5303153328171 15.49723879091722 0 0
15.7731488579202 15.69212684933176 0 0
17.11660325753337 16.42889027644126 0 0
18.56117357051725 18.52463397976945 0 0
19.45311900981635 19.38109358365544 0 0
19.80575950486356 19.77997613246958 0 0
20.60946014237362 20.20152203728575 0 0
20.70549126107911 20.66435791746717 0 0
23.19902019808593 23.17272549833584 0 0
25.07065943368265 24.99457306235177 0 0
25.09990059002997 25.07754358295532 0 0
25.98744455195694 25.96770662825021 0 0
26.94744081692149 26.75857155665331 0 0
28.47455292235619 28.39516307371958 0 0
29.00939141211341 28.92481717254191 0 0
14
3.136996110963739 2.57049980269149 0 0
5.379169669140989 5.274006245217761 0 0
5.500804282808332 5.40435698579789 0 0
8.108024550064998 7.960548065379601 0 0
9.501561010107391 9.35745007528404 0 0
12.90101843945353 12.81444405007064 0 0
17.56324098183797 17.47451691930898 0 0
19.98056326203825 19.96436417123425 0 0
22.92317175763035 22.50376872169893 0 0
23.20045064903516 23.07682070129809 0 0
24.90064697072539 24.76025744881461 0 0
26.24407596627071 25.35711602916717 0 0
26.84429690453111 26.44429220334167 0 0
27.39575329742278 27.0265859850502 0 0
29
0.3457016519868181 0.1113695409126249 0 0
1.18341913301888 1.104387366711353 0 0
2.388442524445723 1.983297763833806 0 0
2.597626737978564 2.549423753854215 0 0
2.811547442798084 2.689094646834039 0 0
4.614105541400862 4.5337952305472 0 0
5.20355524145415 5.153873844664451 0 0
5.648358878731253 5.554798966027412 0 0
6.245696145118864 6.220447940191515 0 0
6.290326820960241 6.280496226236369 0 0
7.294615233040513 7.249493661393609 0 0
7.710319993030992 7.618181229925136 0 0
8.774265241201606 8.710284568325184 0 0
10.02637633316551 9.598827559415632 0 0
11.30487440990893 10.07622757051025 0 0
11.59953976274261 11.58877784975232 0 0
12.16339071834829 11.66766473230472 0 0
12.24811202918108 12.19603782039141 0 0
15.51812213996891 12.7603366668958 0 0
16.5903890713961 16.39891445247662 0 0
17.87798431068948 17.25157880451251 0 0
18.5342376066478 18.48211441166226 0 0
21.6966205534984 18.90392249583716 0 0
24.30198310711647 21.99661617374231 0 0
26.08681691417539 25.83978375729303 0 0
26.30709267384111 26.1261131952471 0 0
27.80371131182357 26.89588803421993 0 0
28.38411210538318 28.17772804557713 0 0
28.95455147749334 28.91985487709684 0 0
27
1.524185146268097 1.275292863469321 0 0
3.80210834539422 3.586222165502442 0 0
5.235562132608025 4.370042498505731 0 0
5.62355720426427 5.601779116219989 0 0
5.889071809221345 5.743590017861632 0 0
5.973627479810949 5.926111177962563 0 0
6.719286455216549 6.380061131502553 0 0
7.601416199887301 7.585096717175814 0 0
9.429733563318294 9.360494066069505 0 0
9.547311619554504 9.532604315117499 0 0
10.20551581509037 9.923313502711004 0 0
11.16093729377992 11.01237833084279 0 0
11.54468698450253 11.24538820690663 0 0
11.77543833864989 11.68079403059768 0 0
12.96757921696363 12.77932702280694 0 0
13.94546143154543 13.71559566779331 0 0
15.00626344338937 14.63177458988368 0 0
15.54551400971537 15.16841237455952 0 0
15.63527260186005 15.57483089786601 0 0
16.03341994343197 15.93153766320702 0 0
18.59637258182359 16.20266300791049 0 0
20.55977035673205 19.82414039462042 0 0
21.44250985028722 21.41471337288964 0 0
24.83466577705051 21.82438784884597 0 0
25.45504250618589 24.89648381780507 0 0
28.32592919585658 27.52098108043628 0 0
29.67293184484576 28.43049848925011 0 0
28
0.0506526778212617 0.1677448372777626 0 0
2.222447693702578 2.355340670308074 0 0
2.923384377002221 3.26133945199234 0 0
3.56108692514011 5.011955806644953 0 0
5.912446653676815 6.166794431367188 0 0
6.780877408107735 7.643107014235091 0 0
7.926905125228681 8.546908012773736 0 0
8.754428965669206 8.784088815326289 0 0
10.39301543360846 11.1626932769132 0 0
14.30099003498494 14.38583986651223 0 0
14.84455195385816 14.98077257682131 0 0
14.98132219386379 15.04692135421219 0 0
16.44809013487875 16.87235854011424 0 0
17.91041475224147 17.92005168286112 0 0
17.97839765563965 18.40363480909615 0 0
18.51194868899703 18.76232021086955 0 0
19.12599525825863 19.12801896614624 0 0
19.49035127449018 19.60408436859753 0 0
19.92946309187431 20.10777364183546 0 0
20.72156836906332 20.96068929831893 0 0
22.77405202534306 23.60301791972278 0 0
24.01794838455415 24.79568995170746 0 0
25.30771427137079 25.57422202927681 0 0
25.88847698230417 26.11307493166908 0 0
28.14427677772191 28.21777489174064 0 0
28.7890829632619 28.79088124323286 0 0
29.01719238387722 29.55257449837179 0 0
29.99250332357059 30.03317107762513 0 0
35
1.466174172857161 0.9029498593263057 0 0
1.91123064163973 1.845225675265987 0 0
1.933493574133382 1.932648042182679 0 0
2.488778276711128 2.265431234789768 0 0
3.044260797137066 2.886578551689952 0 0
3.955252826638065 3.693085235233284 0 0
4.539388134457532 4.222402844001643 0 0
5.289720474208822 4.55207481382085 0 0
5.440908289098533 5.300878292378519 0 0
5.581032744874729 5.578865057300883 0 0
6.137419239386725 6.015874498023956 0 0
7.084510308131435 6.783552042227373 0 0
7.436693890713843 7.43167716042408 0 0
7.606580571646081 7.559229331654853 0 0
8.28572106179131 8.22550897430038 0 0
8.773260906836125 8.669944790938233 0 0
9.384908307433975 9.367110061465741 0 0
9.973388291658948 9.526761242148174 0 0
12.58118716261842 12.38929103101087 0 0
14.06933284771592 13.73877603230318 0 0
14.47157777792958 14.20285846524456 0 0
15.71370141882517 15.63594971594613 0 0
16.22328373677004 16.17321805075081 0 0
17.78551936185937 16.48310958685985 0 0
18.97711450844809 18.03401371700476 0 0
19.18086173822967 19.13228307664115 0 0
19.67478480788074 19.67007383472747 0 0
20.9505391399686 19.85925218473655 0 0
22.04634269800231 21.4776128379911 0 0
22.19170283861979 22.06209556265156 0 0
22.5638034464375 22.5352327780522 0 0
23.2670716206507 23.21713074484411 0 0
24.68800029405088 23.34377620563441 0 0
25.57724719256483 25.02509126005289 0 0
27.36291610074179 25.58977692409461 0 0
23
1.503243840497804 1.842614872235403 0 0
2.289384728763107 3.060267593221729 0 0
3.483150949409408 3.684984012587435 0 0
4.87735162671268 4.916852578197433 0 0
5.546439605009389 5.5953704253337 0 0
6.661012048519189 6.811091515217664 0 0
8.12044975752058 9.861363889679476 0 0
10.69429864215836 11.09886120342223 0 0
11.66239256381867 12.84585532552221 0 0
13.65034778523453 13.99374172132882 0 0
16.95925522131816 17.01655533474971 0 0
17.78299164819219 18.07188819301906 0 0
20.42933438340106 20.7076330910061 0 0
20.71308053556313 21.05521063649143 0 0
22.73860965474403 22.84633129240972 0 0
24.2315808003693 24.59737490965009 0 0
24.63142930337643 25.06655807280736 0 0
25.40242770635836 25.90650436661761 0 0
25.93227936798216 26.08411016365533 0 0
26.15999071165571 26.73415198742822 0 0
26.99049751520508 27.2396296266122 0 0
28.06495394873302 28.08536068829148 0 0
28.14467714800237 28.15851287671915 0 0
