# Status file for ctqmc. Used to save all times t_s, t_e.
10
26
0.4938634234352222 0.4753166549544758 0 0
0.5108701171645367 0.5050845985282626 0 0
0.756045729865231 0.6637292418647079 0 0
3.957909252585454 3.398802849228984 0 0
6.150303843053608 6.079272826544318 0 0
6.833165790694405 6.691014195052261 0 0
9.516891421552382 8.919571605577785 0 0
10.1593909646993 9.562201510293201 0 0
10.52342171402124 10.29015451543882 0 0
11.16646746482547 10.86987204146795 0 0
14.97127195589522 13.26618805512259 0 0
15.52422489236796 15.4189286629041 0 0
15.80008569601293 15.78398118655775 0 0
16.04498108670746 15.93051830855915 0 0
16.51658168316167 16.30541665409132 0 0
20.61003612820009 20.6078609040137 0 0
23.51193866076806 23.49705944728415 0 0
24.69012275621064 24.67237647624554 0 0
24.90362217591406 24.90284988281136 0 0
25.68338983316217 25.65425164967862 0 0
26.25019488429691 26.20522172491087 0 0
26.35456992298938 26.34535148155539 0 0
27.30551000628489 27.30144408985304 0 0
27.76938720227248 27.74328068929403 0 0
27.98746209467648 27.94829067925556 0 0
30.00339608602028 29.98850810834381 0 0
26
1.670525009781503 1.326121721617972 0 0
2.486663458482402 2.463621861189584 0 0
4.03605935550255 2.576343156118719 0 0
5.346599206451105 5.196438795380264 0 0
5.972984852596738 5.964596016142605 0 0
6.060432689090225 5.998906643366122 0 0
6.185038641532484 6.152732169706617 0 0
7.110581548738076 6.931192860493167 0 0
7.236489576694751 7.196403065186978 0 0
7.950114254218461 7.844829664123497 0 0
8.628807789868169 8.519635341664504 0 0
10.81216104357019 10.42101270854509 0 0
11.23500921078828 10.94403301479391 0 0
11.61825905031406 11.362492592889 0 0
12.38676650246069 12.35595817376136 0 0
15.04766567189867 14.88193635887973 0 0
16.45501870607339 16.43759665512371 0 0
18.03182122905541 18.00010153347618 0 0
18.93733646210527 18.46680504501699 0 0
19.6024937990635 19.58576424494751 0 0
23.30502467786452 23.25016576729717 0 0
24.05802174268006 23.62115857899494 0 0
26.17475847898288 25.94910570563004 0 0
26.59068550936887 26.44662837813429 0 0
28.11804395365875 26.81601322815996 0 0
28.41962968282802 28.20744404225502 0 0
10
0.3396015919936275 0.1095587927370936 0 0
1.615652041734851 0.7906394553076872 0 0
14.14031337213215 13.5198546898748 0 0
14.75961133185744 14.49907347351229 0 0
16.75197834026859 16.50287467272365 0 0
21.55905993465389 21.01617222100846 0 0
21.65834141653801 21.63339344343886 0 0
24.68639840593917 24.5897119187837 0 0
24.97718175745113 24.95183603598273 0 0
28.39161925074298 27.95600466719149 0 0
22
0.1662169844159394 5.503662008283248 0 0
5.521024577298808 5.962250893992 0 0
6.083901408223125 7.541218673623058 0 0
8.104478757202802 8.318056770773044 0 0
8.598473338948025 9.450126630643203 0 0
9.491146471290744 10.02582861125821 0 0
11.33063102394519 11.43502402294596 0 0
11.45503643839749 11.9132188941489 0 0
11.945712723327 12.07863279583992 0 0
12.20864739803281 14.86680075547453 0 0
15.61724132679624 16.73403534822082 0 0
16.73606384862632 19.20750338135248 0 0
19.40076055606782 19.54431735984853 0 0
19.90992414821362 21.78136646099396 0 0
22.08027684285733 22.42539095665411 0 0
22.4562843738667 22.64832025782567 0 0
22.78794237494967 25.46328878420362 0 0
25.50214928167798 25.68761615249129 0 0
25.70047185512443 26.1241573654907 0 0
26.14322765711206 26.72821535328631 0 0
26.77997380885646 26.98001701879077 0 0
27.06579759619898 29.81540775461494 0 0
9
3.491312963166902 3.451503116098862 0 0
7.201960131242496 6.641294119651589 0 0
8.5220867038114 8.491785698463781 0 0
10.30915619063577 9.709402906361843 0 0
19.30025543123579 19.29139814505196 0 0
22.77862822142862 21.9792372606558 0 0
25.35451823648607 25.31873500586337 0 0
26.71099210155316 25.93954552422257 0 0
27.61663928658837 27.37255950848492 0 0
27
2.815118599306242 0.5206386255534488 0 0
3.120968365406468 2.875606230106428 0 0
3.163264950922051 3.143607876178067 0 0
6.686500034996067 3.504052929636422 0 0
6.75583521645218 6.731490873045182 0 0
8.498797270155798 7.532914041895721 0 0
8.970441079694401 8.876789597396487 0 0
10.61800318123266 10.46591412449582 0 0
12.16967888246371 11.65765141284576 0 0
13.19207166111198 12.84148587931872 0 0
13.42116026485539 13.33420787699912 0 0
15.61298317880948 15.44774567656195 0 0
15.68236447877519 15.63135889318585 0 0
17.55437433011629 16.04183727906877 0 0
17.92429577058486 17.66584195725531 0 0
18.70362366550857 18.16923764518989 0 0
18.90922859076769 18.89214188391636 0 0
19.75496375774592 19.72899659841547 0 0
19.99468843900017 19.84768262842427 0 0
20.47397302983049 20.08692526186524 0 0
21.5770358552083 21.33006654386445 0 0
22.05183661045175 21.65848834607994 0 0
26.62258659517146 22.26934689360341 0 0
26.97895556454364 26.63168217106089 0 0
27.89583270537483 27.02545911439484 0 0
28.70454160969832 28.32360803326765 0 0
29.5902800897686 29.12467254158133 0 0
35
0.8254978865107141 0.8770190482291289 0 0
1.558186997996319 1.816401031492156 0 0
1.876269731968387 1.894076023793086 0 0
2.076898451371378 2.265764269022429 0 0
3.113401490669309 3.95185186008653 0 0
3.960385703081748 4.346479887834144 0 0
4.836363482154262 7.069702947634291 0 0
7.486457896766666 7.663858288597608 0 0
8.662015154478302 8.679510470766395 0 0
8.681810180322429 8.871536259644932 0 0
8.996785677997025 9.070896587754763 0 0
9.085084987804979 9.387277211698249 0 0
9.518602876991553 10.08111902535494 0 0
10.15139021111831 10.50848887696567 0 0
10.53155010279211 10.71951023396978 0 0
10.74417363757303 10.97914704355496 0 0
10.98443623379751 11.25253415685525 0 0
14.62643413844502 14.78468739388235 0 0
15.4429127978011 15.51372271161095 0 0
15.56871050378039 15.63268437396675 0 0
15.83915291785116 16.66185043854112 0 0
16.66951852006631 17.38054122623513 0 0
18.57331489275548 20.67627255874929 0 0
20.72963828773181 20.99539352320979 0 0
21.06095040422379 21.08017000051028 0 0
21.38603664845367 21.79638982553039 0 0
22.21474263231564 22.92555069981976 0 0
23.18758648277644 23.63603076355217 0 0
23.86593027732801 24.33898410435514 0 0
24.49404539039988 24.71530005308525 0 0
25.69941880037898 25.76079961100774 0 0
25.93696390369409 26.20617518641332 0 0
26.27400725660683 26.56307592770604 0 0
26.70671119291883 26.89091033786926 0 0
28.14298650674044 28.42532092395712 0 0
25
0.05565863023383955 0.515712331310427 0 0
2.725239427552864 2.80891131202963 0 0
5.136922501657734 5.230986146779386 0 0
5.715436528951027 5.812184234653487 0 0
7.28162843040532 7.446609791487186 0 0
7.766701707036057 7.952445070506154 0 0
9.218901257952234 9.663600754242918 0 0
9.712151007593425 10.41377437709414 0 0
10.61950010528998 10.71540480739561 0 0
12.95423837477288 13.06448129287426 0 0
13.30330813568 14.14751893122321 0 0
14.23749856476424 15.312105532857 0 0
16.61881780781535 16.67030155523523 0 0
18.18206527641635 18.24117050333622 0 0
20.98600981924102 21.28011037699675 0 0
22.02599354984957 22.02970563013344 0 0
23.58385197301651 23.78801413311013 0 0
23.86917884871479 24.15097901507713 0 0
24.16616948838742 24.38625187823109 0 0
24.76210653368008 24.81093117492629 0 0
25.11276903207989 25.59201937351293 0 0
26.06126459553645 26.60233503442214 0 0
26.80594659156359 26.9753889922804 0 0
27.25694154241277 28.42718511380462 0 0
29.31692296684021 29.46181849737036 0 0
40
0.7955317322903581 0.7150277707732575 0 0
2.13179483621339 1.972753080025146 0 0
3.011902868701574 2.732629990103224 0 0
3.917639986066414 3.747528727754334 0 0
5.378303402249593 4.208440918295363 0 0
5.957828091424436 5.497914226573353 0 0
6.99490064075302 6.153732128421826 0 0
7.615149583100512 7.313707034582124 0 0
7.693232170770425 7.631368091369292 0 0
8.413653267449856 8.058715313200421 0 0
9.009323579935094 8.638644605953369 0 0
10.00057353719758 9.38062704159238 0 0
11.59924911428297 11.3166721514093 0 0
12.50477707563068 12.38558537478438 0 0
12.78601795120024 12.77911223450345 0 0
12.85973112724207 12.82502479236827 0 0
13.44994575413748 13.4182190153112 0 0
14.39544170434207 13.98719390103641 0 0
16.58362502039965 16.35503624954457 0 0
16.66186223325056 16.64985963540612 0 0
16.81335799205281 16.72410666899344 0 0
17.33711275896434 16.97131813633122 0 0
18.24675360501865 18.24549186990874 0 0
18.49792618459708 18.439413293148 0 0
18.72812881125633 18.70113906046975 0 0
19.20094899480696 19.13787546312148 0 0
19.70671258250243 19.69796809193319 0 0
21.42347138485451 20.79119985010811 0 0
21.85579927793416 21.60807941536492 0 0
22.50101552909078 22.39838474375771 0 0
24.59902232739448 22.51311514644063 0 0
25.51846781623104 24.79016084184778 0 0
26.06576581206814 26.03707140593796 0 0
26.14095347315096 26.12557940552925 0 0
26.66140324835965 26.42663011403922 0 0
27.20280665460345 27.19366352076593 0 0
27.78624815042335 27.56866294821382 0 0
28.85015634170648 28.58404675480906 0 0
29.42390261685139 29.09952699630062 0 0
29.72668603185808 29.46958879811123 0 0
23
0.2701038126905679 0.6724913877268472 0 0
1.511954866153629 1.535074221336275 0 0
2.198926098679756 2.390519370889634 0 0
2.519868829240953 3.507878374241302 0 0
6.02546410821382 6.619799971651473 0 0
6.653244612351049 8.057179709110192 0 0
8.317968253326836 8.912433493477732 0 0
9.137736100370271 9.484588470395265 0 0
9.604869253016778 10.21075579919989 0 0
10.63643032601581 10.78402689510113 0 0
12.90740928283765 13.30794472914955 0 0
15.58608261692165 15.91252430782423 0 0
17.53596157370401 17.54599833491402 0 0
19.75947426917691 19.77681961901209 0 0
20.36558053305979 20.40122044538755 0 0
21.08553906038607 22.03909164126839 0 0
22.41985987037812 22.78438987115778 0 0
24.72117320022642 25.11740785716906 0 0
25.78107910327017 26.25070162371949 0 0
26.78375296680893 27.196882721889 0 0
27.29500175145434 27.81048503920174 0 0
27.9848535427306 28.06296023651122 0 0
29.6166304724944 29.65353243737067 0 0
