# Status file for ctqmc. Used to save all times t_s, t_e.
10
33
0.4213280762429909 0.3764820483296273 0 0
1.065834734620478 0.5535758690343628 0 0
1.4291662923379 1.412341490266979 0 0
3.395086156865045 3.385894983649139 0 0
4.316040404691532 3.417435305946092 0 0
4.799667302895068 4.697680991891025 0 0
5.333537829926636 5.181631276500536 0 0
6.761885540033748 6.685383693863254 0 0
7.602723702771689 7.572595525212207 0 0
8.147906268561112 8.143122412260803 0 0
8.272890153046795 8.270930992458595 0 0
8.598510273101724 8.58015813875676 0 0
9.464960560854987 8.605920308356103 0 0
10.9739805588645 10.92992351554499 0 0
11.05370975855837 11.00624052772825 0 0
12.50035521503085 11.44048998610761 0 0
14.4113341561217 14.41072396327403 0 0
14.95311733236891 14.78920222336969 0 0
16.05928013907761 15.74743742170874 0 0
16.79106223527333 16.73275002239828 0 0
16.97304335976627 16.93267889136336 0 0
17.88882132077125 17.79193031648451 0 0
19.04471076666903 18.8436399400091 0 0
20.30340841052898 20.03316146056657 0 0
21.12037057925314 21.03485674453692 0 0
21.63027324880922 21.50549034507952 0 0
22.80725500447416 22.74878981274916 0 0
24.36955119985549 24.25229308200441 0 0
24.75076573217527 24.47371623327703 0 0
25.87785865285863 25.24405655836008 0 0
26.47415648236661 26.06428481659168 0 0
27.14456717860005 27.06594441243951 0 0
29.36899816381731 29.29847999847518 0 0
22
0.8936056200538006 0.7749642725049126 0 0
1.76499055604708 1.617450824237746 0 0
4.436046690271905 3.773471845566239 0 0
8.276195927029351 8.092683888317437 0 0
9.287561466642718 9.220314473635792 0 0
9.860215140700562 9.462089172027504 0 0
13.49414919543578 13.15798792079379 0 0
16.41100489480283 16.34855918335 0 0
17.25529330815801 17.20391838120809 0 0
18.58856521337412 18.55561131411993 0 0
19.90656410789186 19.81379750122228 0 0
20.10680100816815 20.0700355023155 0 0
20.54440942069454 20.41465331101633 0 0
24.59874197682857 24.59821824336522 0 0
25.60285664801822 25.24558293143488 0 0
26.27893941720835 25.64906913350184 0 0
26.375907186623 26.34824252882987 0 0
27.60105709015104 27.50080521604437 0 0
27.87333106255556 27.61428648885926 0 0
28.18449113272735 28.08753376648821 0 0
28.91879534750034 28.83467971605466 0 0
29.13366525979078 29.08562592116135 0 0
13
0.4819315410369803 0.4514109202820542 0 0
1.628986473901794 1.614824671234777 0 0
2.894690525571642 2.889328366517053 0 0
2.97938867759582 2.959854118379736 0 0
4.206570568663733 4.088135553421911 0 0
8.295350144037899 7.783218483938117 0 0
9.184014871406729 9.143228487989933 0 0
12.80273220204908 12.73032645408471 0 0
19.70858520661927 19.65635312912048 0 0
22.28617942478311 22.25590232594309 0 0
23.79090144479971 23.57933614305705 0 0
26.41890686329979 26.38388290879542 0 0
29.62278001053822 29.52213557650885 0 0
32
2.093604749234668 1.633713538800222 0 0
2.54123681129565 2.516394258386009 0 0
3.126802869861464 2.910885488621992 0 0
3.381649708909297 3.309746780517297 0 0
5.49206708053684 5.433884629162577 0 0
6.01840773255778 5.738773661430939 0 0
7.478378532554 7.423995278221189 0 0
10.27654677111501 10.20281520989597 0 0
11.1828201871359 11.17690887503189 0 0
13.34007204181872 13.15667958307282 0 0
14.17617186517205 14.15103345123778 0 0
14.76402820431992 14.43545267292628 0 0
15.81167835223722 15.61971815522954 0 0
15.97231565004518 15.96733182863346 0 0
16.73356193932937 16.47586756216598 0 0
16.75478169509393 16.73635263992833 0 0
17.5104975049461 17.48239019762966 0 0
17.9738730987006 17.90059369507051 0 0
19.0899629997378 19.07696774294544 0 0
19.50731062975434 19.48326521124689 0 0
19.78374126332904 19.64531460379531 0 0
20.41814651452414 20.07094385414658 0 0
20.64034315616021 20.64030569978796 0 0
21.36975102339162 21.18626948359061 0 0
22.34672079099497 22.31572573973139 0 0
22.70077713289056 22.69106639594179 0 0
24.05854203227615 24.02783650352001 0 0
25.77052258965742 25.730788950304 0 0
26.66864191060297 26.6077210757395 0 0
27.43146784993892 27.41169449662617 0 0
29.8436334942876 29.81597901465644 0 0
29.93446503229266 29.92081459052066 0 0
15
2.001838519774844 1.971947075593869 0 0
3.013662845315098 2.972366807777093 0 0
6.022859263809847 5.764562380124683 0 0
7.287791677720163 7.266998583043275 0 0
9.501677047229588 9.453312107230101 0 0
10.4867577536014 10.48070046916945 0 0
13.32340797394639 13.22710203576817 0 0
13.43374638153076 13.42046237700453 0 0
17.65657817958357 17.64426178376183 0 0
18.10712689878024 18.08604845179544 0 0
19.93760324547283 19.90227652084845 0 0
22.42621649118482 22.17374898594207 0 0
27.24196901871664 27.23847066723094 0 0
28.24041777075646 28.11724720236493 0 0
29.47947519531455 29.45733759331769 0 0
31
1.598970641162448 1.362721935314824 0 0
3.141473558916031 3.110208665514277 0 0
4.577270282024218 4.499001918227096 0 0
6.12802006583232 5.584146079958568 0 0
6.538653016281007 6.13034984132614 0 0
8.139600935363083 7.013183346088203 0 0
9.122369124214998 8.667933182091426 0 0
11.13367221490195 9.1337467886843 0 0
13.03106666526604 13.00611107024927 0 0
13.28564688562286 13.27214848730711 0 0
14.69482529291175 14.63647456657387 0 0
16.4685737279444 16.41020338363099 0 0
16.48839683717652 16.48836154111802 0 0
16.82411041384799 16.78139443442602 0 0
17.72954086045613 17.52499335431256 0 0
18.22809370234926 18.12680873799568 0 0
19.12814673020741 18.95415905504564 0 0
19.42248867039001 19.39325819425409 0 0
20.42544360419262 20.40560658976415 0 0
21.04638491675642 20.92670402889388 0 0
22.01453775793753 21.91836397842348 0 0
22.53894437628935 22.1942541143368 0 0
22.97311134682022 22.83938140171363 0 0
23.08562669441467 23.07287475343124 0 0
25.06530974369827 25.04959213577507 0 0
25.64056301733974 25.60445189006846 0 0
26.93026835326432 25.99186449657298 0 0
27.09803754338539 26.98148205731901 0 0
27.17060130560352 27.13023093944255 0 0
28.00784947279418 27.74491329405049 0 0
29.97686189871911 29.23903523460231 0 0
31
0.09465923162054679 0.0864903678418365 0 0
3.38654431730002 0.1074537852874764 0 0
3.693910649520342 3.588374703846291 0 0
4.472601689304819 4.392005441778526 0 0
4.584668457114438 4.484819067770357 0 0
5.434154570118697 5.015276078538267 0 0
6.091424044838242 5.972767503308256 0 0
6.64098625322483 6.58567484690241 0 0
6.796012395370046 6.789430836424149 0 0
7.657575503037343 7.424343701702686 0 0
8.159764688000813 8.144588961240077 0 0
8.373359441629608 8.17467086259888 0 0
9.176652274190213 9.147201495553791 0 0
10.91149538269524 9.969787724949596 0 0
12.30100727168431 12.0235511183545 0 0
14.54408824814422 12.31159193472578 0 0
14.79620726209008 14.58932495627622 0 0
14.90808818457129 14.79959908817254 0 0
16.75610348502597 14.9383360920731 0 0
17.38317182778439 16.89336300396282 0 0
21.85755649579749 17.53149358115023 0 0
23.60986141813509 21.91097283493908 0 0
24.99880258904034 23.70966710192086 0 0
25.3963465770407 25.01134195801581 0 0
26.79965103989645 26.16801664690769 0 0
27.35448279209385 27.01534710182305 0 0
27.56110591473221 27.54971045785963 0 0
28.06763906463243 28.06425165835153 0 0
28.12828477372518 28.08083377369418 0 0
29.06980745858797 29.04696718081605 0 0
29.62259143583052 29.41154287360338 0 0
18
1.960638154157349 2.215855398608398 0 0
2.717470988823775 2.71869392936479 0 0
4.998269823928219 5.146557835150347 0 0
5.917141861462399 6.66330761317655 0 0
7.24478325044634 7.919122064927137 0 0
8.186277081672257 8.263290649417046 0 0
9.665363943381934 9.843228840169829 0 0
10.38923408369602 10.46462587881266 0 0
11.38253267326426 12.78796252514012 0 0
13.3233499163998 13.50478256236178 0 0
15.0177275756284 16.33339247529038 0 0
17.89561908180109 18.23525638674409 0 0
18.77305043419184 20.46239234716067 0 0
21.92798142289897 21.94968682176618 0 0
22.36505721880428 22.57032278528069 0 0
22.73473390540529 23.21168497936378 0 0
23.6467756211686 23.73913193198974 0 0
26.79225532370545 26.792592837808 0 0
22
0.9626597259338453 1.910906987654636 0 0
2.340579875266168 2.54272094629426 0 0
3.128611358541676 4.181888294417211 0 0
4.260514850507384 4.536346081389194 0 0
5.413863179793093 5.419217864925983 0 0
10.68184637073334 10.86539144398182 0 0
11.23550982027909 12.1989056863055 0 0
14.78320855931694 14.87570897143696 0 0
15.47831874357578 15.64810840882424 0 0
15.69100921069252 16.00118844985769 0 0
18.27558633815634 18.32588001280545 0 0
18.34989280842568 18.78981792162595 0 0
19.8934522495914 20.20895426059514 0 0
20.22660933351159 21.08251563395461 0 0
21.08522841445416 21.16289619632673 0 0
21.38640879503788 21.71526595284775 0 0
21.93530013136641 22.02530652288998 0 0
22.21518121545979 22.56678031637538 0 0
22.79830675464559 22.81470001032909 0 0
23.80865460504564 23.87015484261446 0 0
24.6281101970059 25.34765622839466 0 0
25.3697548421464 28.13908300586664 0 0
23
3.124235812872155 0.627336118873945 0 0
3.587271978549262 3.212112491817701 0 0
5.537173800863137 4.220195589464664 0 0
7.631863529779163 5.673244479570867 0 0
8.710307872647645 8.204751829720621 0 0
9.067338249954851 8.719163262043377 0 0
12.00943592178929 9.878191253589055 0 0
13.28694692526705 12.09504697331849 0 0
14.55211611288216 14.21147549470661 0 0
15.87944494004487 15.28222494417901 0 0
16.95729637426592 15.91586219572061 0 0
17.10274572999642 16.99715196966115 0 0
17.50694320174143 17.39381111974168 0 0
18.84082273011827 17.59998842964739 0 0
19.38950540742484 18.97020210909354 0 0
19.45681621727954 19.40648515861041 0 0
25.61271789819953 19.62540999426828 0 0
26.31660043038044 25.63137747221564 0 0
26.41966736021065 26.34264274594222 0 0
28.20583829427968 27.21937589355132 0 0
28.64785342150792 28.31958741273649 0 0
29.11606508172195 28.75352208263142 0 0
29.58950639791918 29.29620744145184 0 0
