# Status file for ctqmc. Used to save all times t_s, t_e.
10
23
0.6993809586550476 0.6499089978610539 0 0
1.417029857668722 1.22001492236344 0 0
3.654083842809208 2.749722847852791 0 0
5.130984682398154 5.026485943608635 0 0
6.679400659626822 6.223547255733038 0 0
7.270745640455306 7.237430169141172 0 0
7.543761512623691 7.508865751447527 0 0
7.883960396003268 7.815661385470936 0 0
9.588758032797438 9.562744280263642 0 0
11.408365647343 10.52037542229845 0 0
13.36848062179473 12.743525150622 0 0
14.14773545618805 13.37753661964807 0 0
14.92114377105597 14.49203487407407 0 0
15.00166346307664 14.92467017166293 0 0
15.13396865174781 15.08135138938678 0 0
16.74739934780187 15.34550266994536 0 0
17.86421219460451 17.84700672945729 0 0
19.36315085061866 19.24548659472507 0 0
22.6192914348862 22.49907227446374 0 0
23.4604253627262 23.41563248226227 0 0
25.61425049843679 25.41483959305238 0 0
26.74582633848748 26.26035544010186 0 0
28.18531105417216 28.18195084085913 0 0
18
2.039077372646111 1.669408324952214 0 0
3.794534364425195 3.75232317655614 0 0
5.57299532968926 5.504710242021931 0 0
6.988983743952633 6.822758233369246 0 0
7.491722043778441 7.141716749974667 0 0
8.154815596318649 7.700799234154036 0 0
8.324243989910316 8.218199140670125 0 0
12.54127113380705 12.49894579830875 0 0
14.1592363683327 14.09854198547175 0 0
15.39353820318514 15.35678781169174 0 0
16.22535303642526 16.05453337655017 0 0
17.95772050019148 17.43836319498253 0 0
21.56142450891418 19.54688297426824 0 0
23.41452150217212 23.29185545405368 0 0
24.91570195430618 24.88242455905011 0 0
25.96453523894432 25.76411876209263 0 0
26.33011739536566 26.30741826935664 0 0
29.21983930421164 29.20947790743471 0 0
13
11.768179938304 11.70132655256163 0 0
12.28161126856609 12.19236852128899 0 0
12.5293676123787 12.52902263706073 0 0
16.23911726488781 14.53967525948212 0 0
16.40371663644185 16.37726264732857 0 0
18.20813683401814 18.10248157374777 0 0
19.10571297739745 19.02289273048501 0 0
20.3999498135613 20.31432624439332 0 0
21.88472405348064 21.81066240376056 0 0
25.06313705274617 24.85302098265024 0 0
26.42938196492257 26.33758176322668 0 0
27.04278776282588 27.04268898538191 0 0
27.76926331130125 27.7051406357593 0 0
25
0.04407439897747878 5.292353407303745 0 0
5.294532288111694 6.483098115661006 0 0
6.559755590484221 7.139442508713353 0 0
7.182748713034997 7.330185338717955 0 0
7.434243202723621 7.575294325815974 0 0
7.762583787859526 10.7943282440843 0 0
10.90779403753809 11.54490054440213 0 0
11.59341275384064 11.97043582994431 0 0
12.59445442427893 13.72613144055289 0 0
13.79413118321544 13.97427828477467 0 0
14.97793568479393 15.73562108741206 0 0
16.58068231374765 16.80557850984214 0 0
16.82235545048742 17.25613044278233 0 0
19.44981615564746 19.90719074427122 0 0
20.24757073391965 22.87604825793026 0 0
23.5479668980599 25.12372988813681 0 0
25.18228159670869 25.2609712121791 0 0
26.77463936961249 26.82367155032082 0 0
27.19848873290994 27.22626435972876 0 0
27.43758976530476 27.68452649052549 0 0
27.88494384028397 28.10125566247027 0 0
28.18435854989795 28.33703708644791 0 0
29.07730920348457 29.4687531375149 0 0
29.68099609022991 29.88598410560136 0 0
29.92747324042024 30.00422430132579 0 0
11
0.2622937208443901 5.204444514574989 0 0
5.242924414352641 7.78416171690608 0 0
7.805652958561806 8.714172200496812 0 0
8.924898607344728 14.78496325290894 0 0
14.86606621133007 19.37161101633251 0 0
19.53773521075139 19.59471400068834 0 0
19.65146695759297 21.32072324053215 0 0
21.40060887465449 21.79874309866079 0 0
22.10539470013824 22.2161849890867 0 0
22.63002100593578 23.29796958127769 0 0
23.72480264689874 29.60844681612895 0 0
35
0.1259056368210025 0.03032867040270659 0 0
1.220740320347033 0.2181135226974312 0 0
1.658255130281316 1.447329253147829 0 0
2.179400129417172 1.766259551578288 0 0
2.815716130066097 2.344477040485809 0 0
3.21198434562467 3.047519273843204 0 0
3.910283470640334 3.86335102852409 0 0
4.332517897555119 4.315113784186273 0 0
4.520976378695807 4.390885639929532 0 0
5.50430066864176 5.102650920981764 0 0
5.813291224053369 5.585850682365876 0 0
7.50586370048972 7.067424381728932 0 0
8.711774485312015 7.517507219158892 0 0
8.852664398632015 8.773286040047726 0 0
8.987309905402743 8.977564300421887 0 0
10.45947922899716 9.848305879925286 0 0
11.80377301177519 10.95089544252139 0 0
11.83581469384836 11.80898184624361 0 0
13.0059643626793 12.32615259074967 0 0
13.76960137000162 13.24636319618304 0 0
14.72752769796156 13.84266041122129 0 0
15.42472301558391 15.14047849995334 0 0
15.57945822273272 15.43259697071064 0 0
15.74693334159382 15.70404888281183 0 0
19.2417364707849 19.14781909408472 0 0
19.88914056376203 19.69280272524231 0 0
20.01527305834486 19.90870678876762 0 0
20.98949448382714 20.81357757571879 0 0
22.97180802549165 21.07387879348429 0 0
23.27726642459152 23.11142735893984 0 0
23.880279404434 23.50532286675219 0 0
24.61204223871836 24.54808382542047 0 0
25.70472520328566 24.83020269846055 0 0
26.21028675379956 26.1358090420773 0 0
29.76689959397472 26.94795701266141 0 0
33
1.198868123578626 1.88352662017599 0 0
2.849478117477969 2.982207002665273 0 0
3.305303781081289 3.401948333345534 0 0
3.474116754314841 3.575986845654973 0 0
3.611379305700803 4.688219771965716 0 0
6.469459805659424 6.632699856336033 0 0
6.763825784797038 6.973237677345231 0 0
7.555454580354717 7.857835780387747 0 0
8.628023008816502 9.53207688039884 0 0
9.621112367570454 10.0429892941827 0 0
10.42328890250208 10.62000610235714 0 0
10.66202271526203 10.95204217312709 0 0
11.18422128144764 11.36620686425474 0 0
11.38002118343233 11.50658270186788 0 0
11.80599437027546 12.40079237107417 0 0
12.41467236381319 14.7837097240285 0 0
14.80125066265327 15.02558624887351 0 0
15.16776349653435 15.37520531469664 0 0
15.40076858860943 17.08351525899316 0 0
17.28467278055116 17.63941239906613 0 0
17.97334418057032 18.11958807535702 0 0
18.44969029082729 18.4562383626256 0 0
18.48313051411536 19.05237154426679 0 0
19.18562313035311 19.65394661387352 0 0
19.76414061360903 20.18157927403788 0 0
20.77438871079102 22.08919332941625 0 0
22.13888996126533 22.52162072112641 0 0
23.16500344326462 23.18805933386746 0 0
23.69404578581176 23.95169010714887 0 0
25.01301121648124 25.57087950260261 0 0
25.72071021288551 26.72814690175359 0 0
28.68618540643887 29.21405784993654 0 0
29.7387215507636 29.84902737367691 0 0
18
0.08258517395904974 0.09019474674128727 0 0
0.2122837797190644 0.5198170785280051 0 0
0.5602648626227206 0.8538871533655342 0 0
1.87992414035687 2.103572417518556 0 0
3.041776960106354 3.296713368413474 0 0
5.14594329897175 5.185736215278617 0 0
5.421220670767878 6.054842070428075 0 0
7.032736308598103 9.208621020428479 0 0
12.27747028986184 12.37976045786021 0 0
14.88266152425923 15.22269194981166 0 0
15.54884889814146 15.61614796246275 0 0
15.92314503193866 16.41674890893693 0 0
19.2536448457847 20.06186800785817 0 0
23.52781398378605 24.22075156484989 0 0
25.20222429818722 25.55312901965028 0 0
26.50562230304088 26.90748722832625 0 0
27.33676254103693 27.57475482451006 0 0
28.89527426672536 29.67582636389565 0 0
33
1.150037891009539 1.338218404473595 0 0
1.348867064062934 1.389854663418416 0 0
1.430961411454889 1.505837188552453 0 0
1.602054924728621 2.089918984824382 0 0
3.304414415934948 3.404486043133442 0 0
4.904210789337798 5.06248458296353 0 0
6.024246047649986 6.883974629942713 0 0
9.926299969941589 10.08787817332906 0 0
10.81959490492902 10.84036103968486 0 0
11.49845320990476 11.85565267571442 0 0
12.1328148331542 12.3713423235405 0 0
12.69052015716688 13.12861334258087 0 0
13.41256328059496 14.82221722522757 0 0
14.82821004970805 15.7920250086477 0 0
15.91368356110412 16.28143763199921 0 0
16.32547830472167 16.52867777559803 0 0
17.41414979728449 17.49093974574465 0 0
17.60670370376261 18.00375874018626 0 0
18.87576223882989 19.01964210095418 0 0
19.21631036757448 19.66065243373198 0 0
20.35228527973861 20.542615478696 0 0
20.60654719990722 20.67782615717175 0 0
20.68337398621135 20.71538304724611 0 0
20.86918892748501 21.3093481964495 0 0
21.36881128052088 21.39654807123443 0 0
21.98287850150989 22.13021030795348 0 0
22.14979013997381 23.10018282420885 0 0
23.24045548565727 23.29489629289834 0 0
23.30845263722809 23.63416361277556 0 0
24.35927754279247 26.13055266287991 0 0
26.15847694724695 27.53003454848815 0 0
27.70443534156102 27.80860442012196 0 0
28.33659032429786 29.0496553367692 0 0
23
1.446359957870023 1.530528407137353 0 0
1.571694300608601 1.644147488522166 0 0
1.831076046474585 2.273357493185537 0 0
2.337840144123482 3.306705716620839 0 0
3.406164948632702 3.521229968885735 0 0
3.897845406788973 3.936112079661122 0 0
4.625038388833312 4.640252121880914 0 0
6.968345756646404 7.317346795020127 0 0
8.209239222977923 8.305326214331979 0 0
11.06824256944011 11.59834460321239 0 0
14.37706420873091 14.86768517762808 0 0
15.63901061202287 15.99591328748921 0 0
16.94822346367696 17.0327529245372 0 0
17.4989003813742 17.53147254067934 0 0
20.15219108255975 20.65677584688286 0 0
21.00019067096576 21.1848739658999 0 0
21.21411344369901 21.45919119401108 0 0
21.79141245148595 22.21951130659028 0 0
24.26217132560012 24.62379963563842 0 0
25.16848859684301 25.37421175416767 0 0
25.49093312834902 25.65296206752544 0 0
27.87885725207114 28.04214361578152 0 0
28.34490402126458 29.99100590237591 0 0
