# Status file for ctqmc. Used to save all times t_s, t_e.
10
23
0.690977081066138 0.6411723481842125 0 0
3.360204385168939 3.278370128407841 0 0
4.77389477322492 4.484074967352651 0 0
5.86421873833044 5.296659279490142 0 0
6.94430596472283 6.883062974275109 0 0
7.943078945574829 7.914664798496869 0 0
8.265824156544896 8.217047424705651 0 0
8.912640062844556 8.887452853116438 0 0
10.43350674791753 10.43173051368569 0 0
14.80098023953953 14.38088984717683 0 0
15.47414203339646 14.98604376042437 0 0
15.89996780131582 15.8839712185775 0 0
19.97922728743362 19.96311733741021 0 0
20.10867623747756 20.05723109425454 0 0
20.64305193500979 20.52524986483949 0 0
21.74265600139449 21.62413203915635 0 0
23.73952657099217 23.62641375083532 0 0
24.45667649497054 24.43930886469127 0 0
25.78736472619128 25.77437623334625 0 0
26.39523594010531 25.95278278358232 0 0
27.16494387700187 27.15237393183713 0 0
28.98394209336774 28.89215515384973 0 0
29.25441219178557 29.14590723071343 0 0
33
1.450330958226656 1.302472166611837 0 0
1.60155554885532 1.48378711380246 0 0
1.932992418857235 1.902018351145944 0 0
2.262183216789798 2.257727513808506 0 0
2.882909553674263 2.444055994585837 0 0
3.096087663486558 3.015315966684206 0 0
4.95725521801821 3.983257334764758 0 0
5.678661854886725 5.039910673450978 0 0
6.083153369924832 5.784983548504008 0 0
7.013822519956855 6.980763289114364 0 0
7.318590745497582 7.294456824068134 0 0
8.833328289980946 8.787096796189479 0 0
9.414610845487795 9.38633319868271 0 0
10.7332257570895 10.72822689240753 0 0
11.07620121983146 10.910078606081 0 0
11.28766509932802 11.27150791116642 0 0
11.63408565453744 11.63271528640726 0 0
12.28218103089588 11.69573315135823 0 0
12.34546280778392 12.33438130475306 0 0
12.74606947665835 12.69134686115556 0 0
13.00780048633022 12.8279390518335 0 0
14.04606131569968 13.54128982215665 0 0
15.27343580334365 14.87792222817602 0 0
16.0093580052918 15.98496557770672 0 0
17.18621159691505 16.89088994914979 0 0
18.84042392464717 18.78354654454602 0 0
22.23911781854823 22.22885153068141 0 0
23.15479912734438 23.14318853947033 0 0
25.38023733845539 24.37681513712801 0 0
26.40138761816069 26.27191824831923 0 0
27.99693910295227 27.859699930846 0 0
28.16099205294755 28.13578103960382 0 0
28.63023959215398 28.49698357388089 0 0
14
2.584608714068367 1.903960692544207 0 0
3.42265829689897 2.965070470565887 0 0
7.655749152257652 7.512249379139594 0 0
8.271811966522471 8.163311996080136 0 0
11.71636342878405 11.35396723084247 0 0
14.60052212541874 14.52306906410068 0 0
16.73422150863313 16.66428147350813 0 0
18.59740580883271 17.52715480931538 0 0
18.67145497106812 18.63309850984285 0 0
19.18558600151341 19.15125535295002 0 0
21.37546047454953 21.1722633339615 0 0
26.3118894826694 26.05324461337063 0 0
26.58902699340286 26.5449510307459 0 0
27.37230930871181 27.31328830627405 0 0
27
0.3879684953521725 0.1682017184775937 0 0
0.8683372934032227 0.781695885598456 0 0
1.591826587530019 1.550495286256923 0 0
3.23069307573068 2.830806718323584 0 0
4.0369516690322 3.972760816936677 0 0
6.145282013747085 5.840585951214589 0 0
7.912843790730254 6.642338687086524 0 0
8.517324270412033 8.365012657713349 0 0
8.886508472786515 8.771563941209701 0 0
9.34892868122723 9.018160417275299 0 0
12.08267514809964 12.00312375952925 0 0
13.46591131762256 13.42323279959446 0 0
14.25497866901468 13.72148036163889 0 0
14.44459331135066 14.43071980719812 0 0
15.04287830996185 14.5877666829135 0 0
16.18328510996016 16.05407167555787 0 0
18.06701672183212 18.06036819074207 0 0
19.5268690901948 19.46557358124662 0 0
19.91390976950034 19.84463033413933 0 0
22.56380061127724 22.40428459238313 0 0
23.42166376271964 22.87588941935697 0 0
24.59375210689514 24.57468701707209 0 0
25.95561434271287 25.72905907564411 0 0
26.42972861412426 26.40922468018525 0 0
28.66568570537626 28.66388067393193 0 0
28.96908306879818 28.81957316780912 0 0
29.91828451906786 29.79494675530184 0 0
14
1.975498746020293 1.885441974785778 0 0
2.675076615439135 2.672306944878624 0 0
8.749470996238049 8.747775745561141 0 0
13.17651311112136 13.10981429929851 0 0
15.63446723741001 15.35572104398567 0 0
17.0916749088862 17.03572168965449 0 0
17.7295076064799 17.63381937905312 0 0
22.09149745251332 22.07763112083983 0 0
23.47405049836138 22.2562518782307 0 0
25.15430922971091 24.80542111213138 0 0
27.31202443417111 27.09426355814465 0 0
28.23430853401116 28.13288302831129 0 0
28.88227705827656 28.87343919831315 0 0
30.00266974405449 29.97074553704397 0 0
36
0.7071208918095273 0.4450536271254677 0 0
1.69100321902547 0.8384026390218224 0 0
2.782927291699612 2.438683854148924 0 0
5.473885870843378 3.754598456269623 0 0
6.037142928086359 5.968937160788369 0 0
7.144480691208937 6.306245971065565 0 0
7.415576822272247 7.145061273844966 0 0
10.15242063004539 8.267959386770681 0 0
10.37002323144908 10.24376372512427 0 0
10.81707310386587 10.37435894794583 0 0
12.02711821898189 11.5462172288448 0 0
12.7716182146333 12.62885247472408 0 0
13.03458613803176 12.9355966267413 0 0
13.65036671821248 13.0631852225801 0 0
14.36842844184329 14.27693998756152 0 0
15.37826237418192 15.22622594828273 0 0
16.00886049818631 15.92845278100879 0 0
16.12137196617366 16.01394325306211 0 0
16.17939963637684 16.12877049109315 0 0
16.63114410122369 16.34249639572167 0 0
17.41452596169216 16.72913886754223 0 0
19.70993310657137 17.8375360699711 0 0
20.09931565474661 19.89364227523265 0 0
20.68747431145511 20.20655995532258 0 0
22.5106538371113 20.78944908497033 0 0
22.89335042916008 22.83975108960066 0 0
23.61743175767106 23.53587099131059 0 0
24.71760063643274 23.95305789989127 0 0
25.57041723450478 25.13178726364995 0 0
25.66723944372519 25.59667403338244 0 0
26.16210261376856 25.84934999248795 0 0
26.29791085596177 26.19148263249241 0 0
28.52328980822599 27.17506112968065 0 0
29.41828106091093 28.6828233497225 0 0
29.44909053514545 29.44053757399607 0 0
29.93063435548696 29.89772907460858 0 0
31
0.07730622652385286 0.05347101437849844 0 0
0.5641601677242974 0.4410230828236349 0 0
5.454996014317121 3.293668676094762 0 0
5.996672921049274 5.82647667434237 0 0
6.740012018081081 6.678848502119398 0 0
6.907168731046151 6.813076512211031 0 0
7.341714563934511 6.917165879290848 0 0
8.384119033433866 7.760601201939093 0 0
9.872228535178522 8.591117298017103 0 0
10.51629858593585 10.41925075500478 0 0
11.03423738932052 10.52203632850483 0 0
11.41271130003897 11.08195565410674 0 0
12.85441830475826 12.7733189843342 0 0
13.885626517804 13.68062004204426 0 0
15.6994135217256 13.91432971278827 0 0
15.85471302448202 15.78336150184715 0 0
16.82316296493576 16.26519940947035 0 0
18.52352756842154 18.28049672481289 0 0
20.14594710341018 19.38337041633332 0 0
21.27505548582678 21.20426153399881 0 0
21.67752711530911 21.40222776016049 0 0
22.45582054632773 22.41886506619617 0 0
23.34298548856883 23.24844884710387 0 0
23.56396559087726 23.54210229409782 0 0
24.75222640482535 23.56619615068163 0 0
25.27248196964275 25.18579376830005 0 0
25.64799786982001 25.62443697677901 0 0
28.17005760969781 26.21284464326303 0 0
28.5739184814184 28.50895888181606 0 0
28.73059264066048 28.60365535932675 0 0
29.03101609717275 28.92879888855721 0 0
23
0.1305005802144628 0.09555294454521501 0 0
3.521932644911919 0.3825672591865228 0 0
4.767145410465098 4.484785508054188 0 0
5.320787251011494 5.209191499282689 0 0
6.42654953929296 5.390449062180187 0 0
7.749096471160321 7.59206473109852 0 0
7.918512150547689 7.885138510765581 0 0
9.389343858073513 8.302353130821935 0 0
9.862727721626145 9.771602657515299 0 0
9.917960634920314 9.871556098578754 0 0
10.4071694888553 10.13898066556576 0 0
13.5880747618934 11.32187209339823 0 0
15.42250717535531 15.21553183137405 0 0
16.19927173896485 15.46045241467979 0 0
16.68711210337723 16.48913073046491 0 0
17.49144954740461 16.92736550464167 0 0
18.26652194166064 18.2461795022147 0 0
21.93690974768663 18.36449689907925 0 0
24.9357866047264 22.0752476137217 0 0
25.08967033858337 24.93731131597797 0 0
25.97753239866778 25.37507785836469 0 0
26.70118829690239 26.16512514730142 0 0
29.78255181376583 28.23460081440203 0 0
28
0.571387998604699 0.5955563916697884 0 0
0.9700320950623786 1.772609776832336 0 0
1.864002916729309 3.943193122599866 0 0
4.36546516191096 4.840142970061711 0 0
4.848572567023031 5.397419569820425 0 0
6.562682608752091 6.649343900815984 0 0
7.059104414364053 7.131349612365789 0 0
7.136496545946299 7.306919446085598 0 0
8.520071527585618 8.664483984116451 0 0
9.971009251197584 10.34986644730396 0 0
11.66265229979971 12.42967462826715 0 0
12.43550070826405 13.72336418373372 0 0
13.81743510309101 15.20720141162314 0 0
15.42019143333341 15.57772847227013 0 0
15.76721027292114 16.21911558197044 0 0
18.3765610830359 18.48917405260169 0 0
19.3017228273222 19.77875128784048 0 0
21.77181195570604 22.01272449817726 0 0
22.83616881273969 23.12136770959213 0 0
23.12555420545332 23.34411676443309 0 0
23.54929535980358 23.68812777625634 0 0
26.27316058865819 26.3736603877652 0 0
26.50895113238876 26.58102791493504 0 0
26.9752432656645 27.069976087054 0 0
27.34832125363406 27.36210344795627 0 0
28.23462558453435 28.60128624195342 0 0
28.73078793401737 29.36145652029898 0 0
29.37069035498376 29.48163100697017 0 0
18
0.2407681692417469 1.041515127971774 0 0
5.452147303881382 5.509590039396469 0 0
5.6620652682031 5.686379592779478 0 0
5.765025996278569 5.963649888845707 0 0
6.563225509383891 7.334402663053496 0 0
7.757561042625065 8.104658802276763 0 0
10.42566533982109 11.05128109512487 0 0
12.60729703598605 12.68092417756275 0 0
13.89131736245456 14.34381298999099 0 0
14.47927314568777 15.13567062830741 0 0
16.52290008700417 17.11256976647883 0 0
19.03273149036388 20.54481417185455 0 0
21.56186890573944 21.93765078853855 0 0
22.10478289736031 22.15918252749406 0 0
23.71614073470211 25.29403290813633 0 0
25.31165674096602 25.40524025725629 0 0
26.84417168804302 28.21613928313844 0 0
29.46048544627528 29.48900272196289 0 0
