  R1   R2   R3      I1   I2   I3      A1   A2           dist.               Jij
   0    0    0       0    0    0       1    1      0.00000000000000 3025.12822128858397
   0    1   -1       0    1    5       1    1      2.96578967417759  -0.18205977183939
   0   -1    1       0    5    1       1    1      2.96578967417759  -0.18205977183939
   1    0   -1       1    0    5       1    1      2.96578967417759  -0.18205993709980
  -1    0    1       5    0    1       1    1      2.96578967417759  -0.18205993709980
   1   -1    0       1    5    0       1    1      2.96578968000000  -0.18206149265967
  -1    1    0       5    1    0       1    1      2.96578968000000  -0.18206149265967
   1    1   -2       1    1    4       1    1      5.13689839687716  -0.00293676902609
  -1   -1    2       5    5    2       1    1      5.13689839687716  -0.00293676902609
   0    0    1       0    0    1       1    1      5.13689839734348  -0.00238763217144
   0    0   -1       0    0    5       1    1      5.13689839734348  -0.00238763217144
   0    1    0       0    1    0       1    1      5.13689840282286  -0.00238755458279
   0   -1    0       0    5    0       1    1      5.13689840282286  -0.00238755458279
   1    0    0       1    0    0       1    1      5.13689840282286  -0.00238752978290
  -1    0    0       5    0    0       1    1      5.13689840282286  -0.00238752978290
   1   -2    1       1    4    1       1    1      5.13689840696187  -0.00293647074298
   2   -1   -1       2    5    5       1    1      5.13689840696187  -0.00293652561781
  -2    1    1       4    1    1       1    1      5.13689840696187  -0.00293652561781
  -1    2   -1       5    2    5       1    1      5.13689840696187  -0.00293647074298
   0    2   -2       0    2    4       1    1      5.93157934835518  -0.19648935305467
   0   -2    2       0    4    2       1    1      5.93157934835518  -0.19648935305467
   2    0   -2       2    0    4       1    1      5.93157934835518  -0.19648941001272
  -2    0    2       4    0    2       1    1      5.93157934835518  -0.19648941001272
   1   -1    1       1    5    1       1    1      5.93157934875902  -0.16380626891789
   1   -1   -1       1    5    5       1    1      5.93157934875902  -0.16380632169525
  -1    1    1       5    1    1       1    1      5.93157934875902  -0.16380632169525
  -1    1   -1       5    1    5       1    1      5.93157934875902  -0.16380626891789
  -1   -1    1       5    5    1       1    1      5.93157935242718  -0.16380640576704
   1    1   -1       1    1    5       1    1      5.93157935242718  -0.16380640576704
   2   -2    0       2    4    0       1    1      5.93157936000000  -0.19648821201673
  -2    2    0       4    2    0       1    1      5.93157936000000  -0.19648821201673
   0    1   -2       0    1    4       1    1      6.63170731194108  -0.00531636878336
   0   -1    2       0    5    2       1    1      6.63170731194108  -0.00531636878336
   1    0   -2       1    0    4       1    1      6.63170731194108  -0.00531638441374
  -1    0    2       5    0    2       1    1      6.63170731194108  -0.00531638441374
   0   -2    1       0    4    1       1    1      6.63170732467401  -0.00531731991998
  -2    0    1       4    0    1       1    1      6.63170732467401  -0.00531765498017
   0    2   -1       0    2    5       1    1      6.63170732467401  -0.00531731991998
   2    0   -1       2    0    5       1    1      6.63170732467401  -0.00531765498017
   1   -2    0       1    4    0       1    1      6.63170732563742  -0.00531659438525
   2   -1    0       2    5    0       1    1      6.63170732563742  -0.00531656511889
  -2    1    0       4    1    0       1    1      6.63170732563742  -0.00531656511889
  -1    2    0       5    2    0       1    1      6.63170732563742  -0.00531659438525
   1    2   -3       1    2    3       1    1      7.84674191439586  -0.00145356321818
   2    1   -3       2    1    3       1    1      7.84674191439586  -0.00145355830848
   1   -2    2       1    4    2       1    1      7.84674191771603  -0.00089535278544
   2   -1   -2       2    5    4       1    1      7.84674191771603  -0.00089535704259
  -2    1    2       4    1    2       1    1      7.84674191771603  -0.00089535704259
  -1    2   -2       5    2    4       1    1      7.84674191771603  -0.00089535278544
  -2   -1    2       4    5    2       1    1      7.84674192326176  -0.00089493667457
  -1   -2    2       5    4    2       1    1      7.84674192326176  -0.00089493616139
   1    2   -2       1    2    4       1    1      7.84674192326176  -0.00089493616139
   2    1   -2       2    1    4       1    1      7.84674192326176  -0.00089493667457
   1   -3    2       1    3    2       1    1      7.84674192539918  -0.00145376590468
  -3    1    2       3    1    2       1    1      7.84674192539918  -0.00145377933921
   2   -2    1       2    4    1       1    1      7.84674192570445  -0.00089496457414
  -2    2    1       4    2    1       1    1      7.84674192570445  -0.00089495777915
   2   -2   -1       2    4    5       1    1      7.84674192570445  -0.00089495777915
  -2    2   -1       4    2    5       1    1      7.84674192570445  -0.00089496457414
   2   -3    1       2    3    1       1    1      7.84674193200117  -0.00145296588286
  -3    2    1       3    2    1       1    1      7.84674193200117  -0.00145295782309
   1    1   -3       1    1    3       1    1      8.38851995019371   0.03543416816090
   1   -3    1       1    3    1       1    1      8.38851997184953   0.03543426504346
  -3    1    1       3    1    1       1    1      8.38851997184953   0.03543427198590
   0    2   -3       0    2    3       1    1      8.89736901453415  -0.00014043102959
   2    0   -3       2    0    3       1    1      8.89736901453415  -0.00014043196963
   0   -3    2       0    3    2       1    1      8.89736903035176  -0.00014016388716
  -3    0    2       3    0    2       1    1      8.89736903035176  -0.00014016406671
   2   -3    0       2    3    0       1    1      8.89736903566953  -0.00014030201476
  -3    2    0       3    2    0       1    1      8.89736903566953  -0.00014030739260
   0    1    1       0    1    1       1    1      9.83641155603250  -0.00002635745859
   0   -1   -1       0    5    5       1    1      9.83641155603250  -0.00002635745859
   1    0    1       1    0    1       1    1      9.83641155603250  -0.00002635663933
  -1    0   -1       5    0    5       1    1      9.83641155603250  -0.00002635663933
   2    2   -3       2    2    3       1    1      9.83641155926942  -0.00021421770222
   1    1    0       1    1    0       1    1      9.83641156000000  -0.00002645852156
  -1   -1    0       5    5    0       1    1      9.83641156000000  -0.00002645852156
   2   -3    2       2    3    2       1    1      9.83641156251708  -0.00021429217132
  -3    2    2       3    2    2       1    1      9.83641156251708  -0.00021429401308
   0    0    2       0    0    2       1    1     10.27379679468696   0.00001329270772
   0    0   -2       0    0    4       1    1     10.27379679468696   0.00001329270772
   0    2    0       0    2    0       1    1     10.27379680564571   0.00001318994881
   2    0    0       2    0    0       1    1     10.27379680564571   0.00001318930594
   0   -2    0       0    4    0       1    1     10.27379680564572   0.00001318994881
  -2    0    0       4    0    0       1    1     10.27379680564572   0.00001318930594
   1   -1    2       1    5    2       1    1     10.69330673854044  -0.00007645591592
   1   -1   -2       1    5    4       1    1     10.69330673854044  -0.00007645532448
  -1    1    2       5    1    2       1    1     10.69330673854044  -0.00007645532448
  -1    1   -2       5    1    4       1    1     10.69330673854044  -0.00007645591592
   1   -2   -1       1    4    5       1    1     10.69330674541971  -0.00007637407067
   2   -1    1       2    5    1       1    1     10.69330674541971  -0.00007637492835
  -2    1   -1       4    1    5       1    1     10.69330674541971  -0.00007637492835
  -1    2    1       5    2    1       1    1     10.69330674541971  -0.00007637407067
   1    2   -1       1    2    5       1    1     10.69330674948916  -0.00007647736775
   2    1   -1       2    1    5       1    1     10.69330674948916  -0.00007647736756
  -2   -1    1       4    5    1       1    1     10.69330674948916  -0.00007647736756
  -1   -2    1       5    4    1       1    1     10.69330674948916  -0.00007647736775
   0    1   -3       0    1    3       1    1     11.48645400636363  -0.00002014425408
   1    0   -3       1    0    3       1    1     11.48645400636363  -0.00002014409233
   1   -3    0       1    3    0       1    1     11.48645402557637  -0.00002007395323
  -3    1    0       3    1    0       1    1     11.48645402557637  -0.00002007419566
   0   -3    1       0    3    1       1    1     11.48645402596726  -0.00002007229479
  -3    0    1       3    0    1       1    1     11.48645402596726  -0.00002007254963
   2   -2    2       2    4    2       1    1     11.86315869751804  -0.00012662959831
   2   -2   -2       2    4    4       1    1     11.86315869751804  -0.00012662895529
  -2    2    2       4    2    2       1    1     11.86315869751804  -0.00012662895529
  -2    2   -2       4    2    4       1    1     11.86315869751804  -0.00012662959831
   2    2   -2       2    2    4       1    1     11.86315870485435  -0.00012671274149
  -2   -2    2       4    4    2       1    1     11.86315870485435  -0.00012671274149
   2   -1   -3       2    5    3       1    1     12.22826408335607   0.00004680238274
  -1    2   -3       5    2    3       1    1     12.22826408335607   0.00004680240977
   2   -3   -1       2    3    5       1    1     12.22826409821184   0.00004687181997
  -3    2   -1       3    2    5       1    1     12.22826409821184   0.00004687189530
  -3   -1    2       3    5    2       1    1     12.22826409931337   0.00004689278331
  -1   -3    2       5    3    2       1    1     12.22826409931337   0.00004689305529
   1    1    1       1    1    1       1    1     14.52934277352293  -0.00000321691002
  -1   -1   -1       5    5    5       1    1     14.52934277352293  -0.00000321691002
   0    1    2       0    1    2       1    1     14.82894836755578  -0.00000473161907
   0   -1   -2       0    5    4       1    1     14.82894836755578  -0.00000473161907
   1    0    2       1    0    2       1    1     14.82894836755578  -0.00000473162661
  -1    0   -2       5    0    4       1    1     14.82894836755578  -0.00000473162661
   0    2    1       0    2    1       1    1     14.82894837325012  -0.00000475767440
   0   -2   -1       0    4    5       1    1     14.82894837325012  -0.00000475767440
   2    0    1       2    0    1       1    1     14.82894837325012  -0.00000475760965
  -2    0   -1       4    0    5       1    1     14.82894837325012  -0.00000475760965
   1    2    0       1    2    0       1    1     14.82894837661549  -0.00000477785140
   2    1    0       2    1    0       1    1     14.82894837661549  -0.00000477791419
  -2   -1    0       4    5    0       1    1     14.82894837661549  -0.00000477791419
  -1   -2    0       5    4    0       1    1     14.82894837661549  -0.00000477785140
   0    0   -3       0    0    3       1    1     15.41069519203044  -0.00011888078318
   1   -2   -2       1    4    4       1    1     15.41069519975086  -0.00005369162657
   2   -1    2       2    5    2       1    1     15.41069519975086  -0.00005369180657
  -2    1   -2       4    1    4       1    1     15.41069519975086  -0.00005369180657
  -1    2    2       5    2    2       1    1     15.41069519975086  -0.00005369162657
   0   -3    0       0    3    0       1    1     15.41069520846857  -0.00011884149823
  -3    0    0       3    0    0       1    1     15.41069520846857  -0.00011884284332
   2    2   -1       2    2    5       1    1     15.41069520946586  -0.00005367805893
  -2   -2    1       4    4    1       1    1     15.41069520946586  -0.00005367805893
   1   -1   -3       1    5    3       1    1     15.69348383016545  -0.00001866348274
  -1    1   -3       5    1    3       1    1     15.69348383016545  -0.00001866348274
   1   -3   -1       1    3    5       1    1     15.69348384312740  -0.00001850497322
  -3    1   -1       3    1    5       1    1     15.69348384312740  -0.00001850494032
  -3   -1    1       3    5    1       1    1     15.69348384728670  -0.00001850494032
  -1   -3    1       5    3    1       1    1     15.69348384728670  -0.00001850497322
   2   -2   -3       2    4    3       1    1     16.51281805161215  -0.00022656530277
  -2    2   -3       4    2    3       1    1     16.51281805161215  -0.00022656530277
   2   -3   -2       2    3    4       1    1     16.51281805881728  -0.00022639518358
  -3    2   -2       3    2    4       1    1     16.51281805881728  -0.00022639532511
  -3   -2    2       3    4    2       1    1     16.51281806672312  -0.00022639532511
  -2   -3    2       4    3    2       1    1     16.51281806672312  -0.00022639518358
   1    1    2       1    1    2       1    1     19.44798346288386  -0.00003629132363
  -1   -1   -2       5    5    4       1    1     19.44798346288386  -0.00003629132363
   1    2    1       1    2    1       1    1     19.44798346778514  -0.00003629998081
   2    1    1       2    1    1       1    1     19.44798346778514  -0.00003629988892
  -2   -1   -1       4    5    5       1    1     19.44798346778514  -0.00003629988892
  -1   -2   -1       5    4    5       1    1     19.44798346778514  -0.00003629998081
   0    2    2       0    2    2       1    1     19.67282311206499  -0.00028882638646
   0   -2   -2       0    4    4       1    1     19.67282311206499  -0.00028882638646
   2    0    2       2    0    2       1    1     19.67282311206499  -0.00028882689056
  -2    0   -2       4    0    4       1    1     19.67282311206499  -0.00028882689056
   2    2    0       2    2    0       1    1     19.67282312000000  -0.00028926791593
  -2   -2    0       4    4    0       1    1     19.67282312000000  -0.00028926791593
   0   -1   -3       0    5    3       1    1     19.89512194898239  -0.00002014425408
  -1    0   -3       5    0    3       1    1     19.89512194898239  -0.00002014409233
   0   -3   -1       0    3    5       1    1     19.89512196030055  -0.00002007229479
  -3    0   -1       3    0    5       1    1     19.89512196030055  -0.00002007254963
  -3   -1    0       3    5    0       1    1     19.89512196335577  -0.00002007419566
  -1   -3    0       5    3    0       1    1     19.89512196335577  -0.00002007395323
   1   -2   -3       1    4    3       1    1     20.33242961912987   0.00004680240977
  -2    1   -3       4    1    3       1    1     20.33242961912987   0.00004680238274
   1   -3   -2       1    3    4       1    1     20.33242962551652   0.00004689305529
  -3    1   -2       3    1    4       1    1     20.33242962551652   0.00004689278331
  -3   -2    1       3    4    1       1    1     20.33242963448505   0.00004687189530
  -2   -3    1       4    3    1       1    1     20.33242963448505   0.00004687181997
   2   -3   -3       2    3    3       1    1     21.17997469122302  -0.00001885510739
  -3    2   -3       3    2    3       1    1     21.17997469122302  -0.00001885542954
  -3   -3    2       3    3    2       1    1     21.17997470557242  -0.00001878629547
   1    2    2       1    2    2       1    1     24.27603473097328   0.00101621527944
   2    1    2       2    1    2       1    1     24.27603473097328   0.00101621662523
  -2   -1   -2       4    5    4       1    1     24.27603473097328   0.00101621662523
  -1   -2   -2       5    4    4       1    1     24.27603473097328   0.00101621527944
   2    2    1       2    2    1       1    1     24.27603473534792   0.00101619289901
  -2   -2   -1       4    4    5       1    1     24.27603473534792   0.00101619289901
  -1   -1   -3       5    5    3       1    1     24.45652817560059   0.03543416816090
  -3   -1   -1       3    5    5       1    1     24.45652818569744   0.03543427198590
  -1   -3   -1       5    3    5       1    1     24.45652818569744   0.03543426504346
   0   -2   -3       0    4    3       1    1     24.63569927625233  -0.00014043102959
  -2    0   -3       4    0    3       1    1     24.63569927625233  -0.00014043196963
   0   -3   -2       0    3    4       1    1     24.63569928196498  -0.00014016388716
  -3    0   -2       3    0    4       1    1     24.63569928196498  -0.00014016406671
  -3   -2    0       3    4    0       1    1     24.63569928918466  -0.00014030739260
  -2   -3    0       4    3    0       1    1     24.63569928918466  -0.00014030201476
   1   -3   -3       1    3    3       1    1     25.16555988067667   0.00006863261328
  -3    1   -3       3    1    3       1    1     25.16555988067667   0.00006863222974
  -3   -3    1       3    3    1       1    1     25.16555989481201   0.00006862451420
   2    2    2       2    2    2       1    1     29.05868554704585   0.00008084252521
  -2   -2   -2       4    4    4       1    1     29.05868554704585   0.00008084252521
  -2   -1   -3       4    5    3       1    1     29.20964076884304  -0.00145355830848
  -1   -2   -3       5    4    3       1    1     29.20964076884304  -0.00145356321818
  -3   -1   -2       3    5    4       1    1     29.20964077403359  -0.00145377933921
  -1   -3   -2       5    3    4       1    1     29.20964077403359  -0.00145376590468
  -3   -2   -1       3    4    5       1    1     29.20964077804179  -0.00145295782309
  -2   -3   -1       4    3    5       1    1     29.20964077804179  -0.00145296588286
   0   -3   -3       0    3    3       1    1     29.50923466809749  -0.00011646321498
  -3    0   -3       3    0    3       1    1     29.50923466809749  -0.00011646625432
  -3   -3    0       3    3    0       1    1     29.50923468000000  -0.00011618230509
  -2   -2   -3       4    4    3       1    1     33.94501435058798  -0.00021421770222
  -3   -2   -2       3    4    4       1    1     33.94501435537493  -0.00021429401308
  -2   -3   -2       4    3    4       1    1     33.94501435537493  -0.00021429217132
  -3   -1   -3       3    5    3       1    1     34.07432915975923   0.00006863222974
  -1   -3   -3       5    3    3       1    1     34.07432915975923   0.00006863261328
  -3   -3   -1       3    3    5       1    1     34.07432916828324   0.00006862451420
  -3   -2   -3       3    4    3       1    1     38.78273243442548  -0.00001885542954
  -2   -3   -3       4    3    3       1    1     38.78273243442548  -0.00001885510739
  -3   -3   -2       3    3    4       1    1     38.78273243889581  -0.00001878629547
  -3   -3   -3       3    3    3       1    1     43.58802832056877  -0.00076306875373
