# Status file for ctqmc. Used to save all times t_s, t_e.
10
1
14.88793384288469 14.65771945179868 0 0
1
29.47421522110515 29.45335471849153 0 0
22
0.08583944781123917 0.06977650052407114 0 0
2.355703847384485 2.34556492452146 0 0
3.39499917708685 3.319168128435464 0 0
5.32612433714891 5.26519656980039 0 0
6.071806730120372 6.026789032089169 0 0
6.851124299647887 6.805387133443006 0 0
10.03090477701931 10.00488696178516 0 0
13.28976996192222 13.26729768511808 0 0
16.52761530847095 16.51797059725703 0 0
17.16878201105511 17.16459056696001 0 0
17.53403020630531 17.49623420040347 0 0
20.0160973039261 19.67131473971239 0 0
20.26664711163217 20.22851181087954 0 0
20.8709932664516 20.79446656610921 0 0
24.46203234114844 24.46124338651877 0 0
26.33331416952132 26.32666569799575 0 0
30.57820729800251 30.57466777442801 0 0
34.28464274376531 34.23076956662844 0 0
34.66463303094746 34.63252295671357 0 0
35.869121002759 35.86550763133906 0 0
37.34458036991179 37.34213698264345 0 0
37.87085434559775 37.84937490220866 0 0
6
12.5470063959674 12.50500538066586 0 0
15.81255050885412 15.77088979190139 0 0
20.3699412442027 20.32855990485115 0 0
20.66967053144838 20.65336354427674 0 0
27.03203082807592 26.97973192545625 0 0
27.98151022056891 27.96547273140956 0 0
29
0.3294921073438088 0.304917489656008 0 0
1.424057579067358 1.423379123108105 0 0
1.784180877659443 1.56944272483946 0 0
2.099216474653351 1.999407494723785 0 0
2.720677065079739 2.699773164598074 0 0
6.159893087603129 6.145919720829895 0 0
6.287674411607812 6.258043542528974 0 0
6.800720908858664 6.75210708470735 0 0
8.446070725204516 8.421911240265851 0 0
9.634928290823584 9.581572970155587 0 0
10.69579845985625 10.69352924750012 0 0
13.32089339842914 13.08477765204153 0 0
18.88208959391093 18.87119249789313 0 0
19.34800169533632 19.33597452800288 0 0
21.04530716463907 20.9502709568912 0 0
22.16954627183787 22.03408152366209 0 0
22.67017110835411 22.59966064698967 0 0
23.67239105736677 23.54125329200189 0 0
23.98201158388986 23.96810586804587 0 0
25.26046978020335 25.2483457155665 0 0
25.63183961062304 25.60919225658697 0 0
25.69174259012032 25.63752714673835 0 0
26.51940957871002 26.517501847704 0 0
26.92084216358938 26.88409974492297 0 0
30.7358838687637 30.71182148914356 0 0
30.86817263008201 30.86764069896323 0 0
36.59165585447361 36.56322836914224 0 0
37.51251583422246 37.51153035463372 0 0
38.20418364521547 38.18323691208442 0 0
2
8.644887556933895 8.547929198924464 0 0
20.25216281341634 20.24889401162363 0 0
2
0.3190994488801735 0.2777199807087842 0 0
25.16441139519409 25.15447177787409 0 0
24
0.9167660581829153 1.122062473655831 0 0
1.447866696445424 1.458259106322389 0 0
1.924646251239679 2.049983299429737 0 0
9.082237009079712 9.619420070802311 0 0
10.29254911579312 10.32525458597036 0 0
11.99362659985259 12.25574662407795 0 0
12.29812600604955 12.72900042873185 0 0
12.7335572715975 12.74688316365023 0 0
13.2477966006171 13.84576479085864 0 0
14.57600202345028 14.62581666460073 0 0
15.4185932819878 15.49301517942232 0 0
18.22780256941306 18.24878564237996 0 0
19.03038849180349 19.03390021664837 0 0
19.56957186474407 20.13037945378871 0 0
23.68575558494311 23.89263054626353 0 0
24.1385219503194 24.73281839957667 0 0
25.80242651905964 26.14079188751471 0 0
26.94783791508948 27.06732561448297 0 0
27.51063463603304 27.53589109642241 0 0
28.21599909579068 28.4669676754763 0 0
30.78670151435034 30.82374164367521 0 0
32.44788885623593 32.46422276688999 0 0
35.02459052614084 35.11275971320115 0 0
37.4697790153247 37.58968455528738 0 0
3
3.030777505441229 2.878139507133368 0 0
6.990647565115364 6.91032710401378 0 0
30.7238636545404 30.72296539010855 0 0
26
1.458345403876528 1.873577910310686 0 0
2.296284210076158 2.669696074416892 0 0
4.903402804110709 4.925998256661032 0 0
8.853036359996924 8.862177844502369 0 0
8.883572490268554 8.964968763611383 0 0
9.485626498513026 9.538014731934144 0 0
11.24506354458888 11.34267388203532 0 0
11.34800739972807 11.41192794152367 0 0
14.92189436139875 14.96909629007347 0 0
16.98691504515667 17.18574673387111 0 0
18.96174271696043 19.02506980404622 0 0
19.06937538150462 19.15840779703572 0 0
20.95166437451991 21.22833785400095 0 0
21.4534984960492 21.54586634136056 0 0
21.7872601746578 21.82012071506617 0 0
22.7881119244827 22.80212440976398 0 0
23.5243126490397 23.60387372164863 0 0
25.24212527365128 25.44235082900522 0 0
25.98745140141458 26.05461854102579 0 0
26.51763980823449 26.56026772233003 0 0
27.13765457550513 27.23512509901799 0 0
27.62415561755424 27.68822325314967 0 0
31.43887332997466 31.53706990169344 0 0
32.83966501845403 32.85281576221443 0 0
34.70134050897144 34.70322866428568 0 0
34.81110542081462 34.93660222117753 0 0
