# Status file for ctqmc. Used to save all times t_s, t_e.
10
1
2.771339331691852 2.664190690211821 0 0
1
19.57500290379593 19.40496642755143 0 0
26
1.315714789072203 1.309412277976267 0 0
2.628088488559261 2.566748906632217 0 0
5.174268747653679 5.16076108300523 0 0
8.378675300514315 8.156072503535317 0 0
8.490712610536921 8.486049450610048 0 0
12.44322198162459 12.43373412625393 0 0
12.91380187870588 12.9124701484712 0 0
13.72403745006318 13.70888468961767 0 0
14.33123871095173 14.05410988122831 0 0
15.78065537068735 15.77557415057521 0 0
16.18749057758154 16.17723047130912 0 0
18.38340779033942 18.38128016354066 0 0
19.02111721571559 19.0182791165359 0 0
19.49069015250465 19.48580815270827 0 0
20.55686700295703 20.55263242994642 0 0
22.48562093715372 22.35191381409349 0 0
22.90473308232699 22.90224635098398 0 0
25.02172951223035 24.94035190968438 0 0
25.56782577194808 25.54726401163562 0 0
26.63900618827242 26.60905846514232 0 0
27.4328766045754 27.42495922094674 0 0
28.9486472458763 28.9302267158164 0 0
30.25205016836815 30.18546342788313 0 0
33.93910404787263 33.91547358335788 0 0
37.54491514707033 37.53223975748089 0 0
38.37593610734761 38.24361832578629 0 0
1
4.759507691003068 4.753270310643856 0 0
21
1.867452130373637 1.82567958765919 0 0
3.826377958771638 3.703717518031655 0 0
4.222998075586212 4.222484800611878 0 0
6.234104507744079 6.225982851613568 0 0
6.759314786077352 6.74692739413271 0 0
10.18658828241515 10.17834451708031 0 0
11.08427608938615 11.07139032730951 0 0
13.24822388168648 13.23498458371932 0 0
16.36940384869208 16.30850549605412 0 0
17.97708500534877 17.89276071221512 0 0
21.6693253402185 21.64738292512567 0 0
22.60158249959291 22.4889587519092 0 0
25.59757767492773 25.58885452585584 0 0
25.69706539307819 25.68881730044121 0 0
25.87853747378126 25.86235345699711 0 0
26.04047868755453 26.01349286495427 0 0
30.10308935331202 30.10201031394853 0 0
31.63495597938713 31.61865855889571 0 0
33.07679871725549 33.06435328455538 0 0
34.50666721134758 34.42379721798344 0 0
37.80281099853524 37.78605595656786 0 0
0
3
21.65460364407349 21.62791649392015 0 0
22.18552954181063 22.18443745044512 0 0
29.68986002519755 29.68253116246613 0 0
20
6.739091942154152 6.853027671252337 0 0
7.102725075067248 7.164548340696573 0 0
10.23652999986026 10.29702691350482 0 0
11.15083913828249 11.27762844626711 0 0
13.92850190278797 14.12010895200859 0 0
19.3563110108158 19.63112823389829 0 0
20.01861245512794 20.02744453423109 0 0
20.9837439478033 21.04168261339034 0 0
21.24605232901649 21.3319336744688 0 0
22.14773149880062 22.68311036570352 0 0
22.72824270682493 23.02958136050074 0 0
23.78839121620736 24.17764239990849 0 0
25.86215326931504 25.86645527608791 0 0
25.92017192114039 25.92416414365519 0 0
26.9396812238442 27.02704004536788 0 0
27.19642077058722 27.23871445456604 0 0
29.00665115602069 29.03453125477268 0 0
29.74131435888756 29.87926815637674 0 0
31.26141882683081 31.32485150673157 0 0
35.02312955340469 35.13981170254711 0 0
2
4.715809870148145 4.632179057134266 0 0
13.79466748844682 13.79141244028461 0 0
30
0.1892525218819827 0.2060959974101735 0 0
0.9346437802784894 0.9573368892321396 0 0
1.001521888885298 1.263555813717585 0 0
2.417963086006827 2.791685968894419 0 0
3.548376306874939 3.830844220329229 0 0
6.094874539762638 6.168803964503563 0 0
7.395757866443386 7.729568489038454 0 0
9.771833965476262 9.844610698124793 0 0
14.11666295728171 14.35189172214956 0 0
15.12115729217289 15.44832653882033 0 0
16.32804289623607 16.40664753038256 0 0
16.54651540599379 16.57396785324318 0 0
17.48750051564804 17.90746905823535 0 0
18.39357629407446 18.44577357787803 0 0
18.95722979706938 18.97224138346362 0 0
19.26958877890119 19.29165225338784 0 0
20.04761709645086 20.32027306291599 0 0
25.30791013699967 25.42510604797418 0 0
25.72601988791066 25.82597899770733 0 0
26.45268752434301 26.46710958704819 0 0
27.68164909375641 27.75233873836808 0 0
30.3322258348168 30.88575585542399 0 0
30.93601566415592 31.07839220186476 0 0
31.9318186875425 32.07255800485822 0 0
33.1694868817891 33.24053978048569 0 0
36.43055685715338 36.46087913252107 0 0
36.96888309884988 36.96919998377884 0 0
36.97011734136581 37.05494393216885 0 0
37.67932346825835 37.73976880923213 0 0
37.78082073986671 37.82350782744781 0 0
