# Status file for ctqmc. Used to save all times t_s, t_e.
10
5
5.612259198098378 5.583660808026409 0 0
7.087635990834029 7.076060805271609 0 0
8.811506350357604 8.70022825558967 0 0
12.39621935430265 12.27996644785889 0 0
37.82812998680223 37.63737654119839 0 0
6
5.080125611968668 5.060181141160799 0 0
7.325017764524175 7.229356237900435 0 0
12.5615917255165 12.53706221869665 0 0
19.26572260002813 19.12172854510791 0 0
24.60298558693529 24.48627497756708 0 0
34.14468095923924 34.0912316128023 0 0
25
3.10928722469306 2.995738923909987 0 0
4.540383900205978 4.491256331932442 0 0
5.065369551987432 5.063781279759426 0 0
6.505433684808221 6.502581205234267 0 0
7.753048848128733 7.67941788664386 0 0
8.895633542969856 8.876701679864004 0 0
8.941246769022387 8.928273546254447 0 0
10.04229713531378 10.04051590040894 0 0
14.20300544138647 14.18859423104151 0 0
16.23256041906571 16.22124241954692 0 0
16.8150528180543 16.80584679072558 0 0
17.41340320288042 17.39824086025344 0 0
17.49938810819499 17.49388062880952 0 0
20.77577197732886 20.75532083121297 0 0
24.34506229968483 24.29873777622809 0 0
28.09370127302408 27.97950544187419 0 0
28.65256474757554 28.58381032452233 0 0
30.69205501242996 30.68925261724053 0 0
30.7559429096827 30.74876108929472 0 0
31.12398673354313 31.10819816058946 0 0
31.56518337928154 31.4977515627537 0 0
32.60721672070586 32.59454407571907 0 0
32.88558685131279 32.86870196372777 0 0
35.16950799894124 35.15882713054543 0 0
36.08549027920154 36.05253160334919 0 0
3
12.9655987164907 12.58830157891072 0 0
28.09221542453113 28.07218427717808 0 0
35.56306277340784 35.48734255396027 0 0
22
2.34977072891791 1.993935425239862 0 0
2.829261029928121 2.818911361818051 0 0
3.356296851277559 3.324607022955418 0 0
4.439243127751485 4.434613627769409 0 0
6.653853870577614 6.643390225249797 0 0
12.59178805453606 12.40599440557421 0 0
15.75002632833099 15.7212538993794 0 0
18.48883132512466 18.48691104282755 0 0
21.08790329084367 21.05273856948211 0 0
21.14814366888342 21.11154435614591 0 0
21.72191895051374 21.71190821679933 0 0
22.60972473843834 22.60836407233376 0 0
24.9747636710845 24.88578022053321 0 0
25.19655955000924 25.11175232017197 0 0
25.9315740746605 25.92965841403933 0 0
27.77654288381567 27.73860889739306 0 0
29.17643053524932 29.15594892953425 0 0
30.23011913715317 30.2116166067145 0 0
32.68606833322387 32.67349335821446 0 0
35.63417807854954 35.60229544811582 0 0
35.90829564338237 35.88595421943943 0 0
38.60248960681486 38.59527591071565 0 0
6
6.782269052751773 6.747183730972921 0 0
12.62253435652585 12.6217765986011 0 0
12.66606173993897 12.66566650733406 0 0
14.96067195653936 14.8632425477361 0 0
25.81965007650014 25.79259143048182 0 0
28.86441725211925 28.65643309909753 0 0
6
1.377212314396336 1.36187959924051 0 0
14.29828293667367 14.27749309704533 0 0
27.4318076831068 27.31757254123544 0 0
29.42061386644513 29.27278341487033 0 0
31.822195059806 31.75892837011675 0 0
33.44104262231634 33.42964431085032 0 0
25
1.358031133976198 1.393965095032399 0 0
5.240918011891719 5.245118340296433 0 0
5.41193502541003 5.532024211251177 0 0
6.921977180536588 6.930100201416127 0 0
9.417269041445408 9.4991347257232 0 0
12.40092412064575 12.56090398854595 0 0
13.52137748481735 13.62259025098478 0 0
16.28374062822293 16.36937772678059 0 0
16.64369961946453 16.76133330655986 0 0
17.86280360196965 17.91574506274448 0 0
19.0317564460915 19.09772923710039 0 0
19.85780430303683 19.98779679033751 0 0
22.02250747776252 22.02284549868054 0 0
22.04922987533783 22.12090853887471 0 0
22.99738016140944 23.05323065306278 0 0
26.31766846925255 26.3872496329808 0 0
27.88117470287008 27.90834787986008 0 0
30.85473977481083 30.981217277778 0 0
31.4567812547137 31.54775012722834 0 0
32.43988258039101 32.4477951834195 0 0
34.79783395392784 34.90909990851729 0 0
34.94241611401148 34.97461135636519 0 0
36.17401513620951 36.20720239981189 0 0
36.24440489914701 36.37746251001946 0 0
37.98658102325346 38.18834405246009 0 0
5
1.274351052672692 1.230506541373131 0 0
10.59844412771287 10.57046824649414 0 0
11.66130380444547 11.64999224292952 0 0
23.50500919416513 23.4538996969988 0 0
26.87756107292605 26.83925156684887 0 0
27
0.3921689958305498 0.543703039501376 0 0
10.61102884666082 11.22398762810621 0 0
11.22686424355348 11.24844233182306 0 0
11.8607673108495 11.95073338170612 0 0
12.29468189972918 12.58481671379963 0 0
12.60623011117989 12.86483401230331 0 0
12.87007323160583 12.99293063184796 0 0
15.511860218563 15.54915272491627 0 0
16.72248437475871 16.76739154069534 0 0
17.21777170459386 17.23712626300778 0 0
18.04640096657118 18.06207714590256 0 0
19.01265961691448 19.26039639641897 0 0
19.27370672988529 19.28385457993687 0 0
20.47314077385622 20.53198730697396 0 0
20.77145983195872 21.09355637608352 0 0
23.59596773884832 23.66390925163195 0 0
23.87627527471136 23.9611733544115 0 0
24.14177051472273 24.33518731808472 0 0
24.33533410238759 24.54727552950007 0 0
24.9626557314845 25.1104966464847 0 0
27.0930119687633 27.11438887767846 0 0
32.31234077713334 32.32785124097212 0 0
33.30678920250807 33.57249894514094 0 0
36.92660778997557 36.99494012669846 0 0
37.28674034182703 37.40755747259104 0 0
37.62359735460177 37.73459940625593 0 0
38.34446041026688 38.40809067754491 0 0
