# Status file for ctqmc. Used to save all times t_s, t_e.
10
7
2.955621935336214 2.913363643672071 0 0
6.794330827573566 6.639003134367334 0 0
9.471383282307718 9.441141965058197 0 0
9.666717273498179 9.646670989931664 0 0
18.07724557439575 17.97912534716762 0 0
24.15913208223933 24.14225819216126 0 0
35.24309844668246 35.23684704923865 0 0
5
0.6035701959593069 0.5058054637454106 0 0
19.01101965624387 18.98288493910665 0 0
26.09938781055732 25.99741274398234 0 0
32.09310639046787 32.07479173167631 0 0
37.11488052283836 37.11119518004585 0 0
18
1.83814602474434 1.773403001186284 0 0
5.666642704408694 5.598319149762495 0 0
6.393643281015283 6.379174880697895 0 0
7.090121689349545 6.953767805139073 0 0
8.657743685928637 8.626969586431954 0 0
9.002918984328407 8.848332176320746 0 0
18.31041015945643 18.20187337670366 0 0
21.24118296493217 21.11774845337361 0 0
21.79693802626349 21.78340384764996 0 0
22.03896568346739 22.03590510178515 0 0
22.25058483406418 22.23776948962392 0 0
22.33658670329671 22.31561220838333 0 0
23.26439553341804 23.25315808952285 0 0
27.66510787419493 27.63412778197718 0 0
27.83886195768391 27.81482600013109 0 0
34.39880977214915 34.38476907874215 0 0
36.25329562749937 36.24654050147913 0 0
36.89633440337825 36.76322329752017 0 0
2
22.37034164236044 22.29534430199945 0 0
29.84819980993958 29.80127578522741 0 0
13
2.702137012917525 2.695646704154729 0 0
6.737640883563612 6.71072811792861 0 0
9.491985808872546 9.448530408455682 0 0
14.94358590820307 14.92655731934677 0 0
19.94752210359823 19.92690384628155 0 0
21.88250881487658 21.74348433144462 0 0
22.98044339868931 22.97530148100483 0 0
24.75955672151794 24.73709442241766 0 0
27.72046709139241 27.71203921935732 0 0
28.44600720987876 28.41325482950446 0 0
32.96911232176457 32.967754396122 0 0
33.19234497304362 33.18059609195076 0 0
38.66990894743945 38.60350802888243 0 0
3
17.76959983275973 17.67498651398318 0 0
18.80457287493628 18.80052744221772 0 0
26.21613599611167 26.17945571990072 0 0
3
4.874185314385288 4.840855407531086 0 0
9.223992301952752 9.150315072764597 0 0
22.89854197218031 22.808872626808 0 0
20
0.1702012743409043 0.6749598928857523 0 0
2.679850438347461 2.834481956181889 0 0
3.343893677009974 3.463256590466656 0 0
4.390230783548038 4.53791328389639 0 0
7.216316266099598 7.295601772015343 0 0
8.293557265072412 8.301269234462158 0 0
10.33487762693007 10.33678803202866 0 0
11.84768479742362 11.91460806046488 0 0
16.99223932485654 17.06228870547213 0 0
18.81817369017863 18.93256111853457 0 0
22.85405457118243 22.86338101195601 0 0
25.700905242369 25.8233781144262 0 0
29.63719800919068 29.84127803214827 0 0
29.85707878805651 29.90475058238442 0 0
31.87187736293854 32.00769253938027 0 0
33.4480422422971 33.65501396886049 0 0
34.11875182290466 34.17725434693643 0 0
34.38128107432215 34.4807705779182 0 0
36.01419630781781 36.14460984459123 0 0
37.00866937299044 37.04139847355069 0 0
3
0.6346906876820864 0.6300410882530798 0 0
11.97699012710365 11.89911154423024 0 0
30.82459644587731 30.80090786399456 0 0
29
2.423439180249443 2.428123390225734 0 0
2.721560935889557 2.745726024275834 0 0
3.016623333637225 3.020617145933409 0 0
3.907782008867843 3.929501299264101 0 0
4.115247135132713 4.124195145070333 0 0
4.726115249275539 4.930306460143246 0 0
8.477794971843235 8.685437398647128 0 0
9.837728606857869 9.85789815544163 0 0
10.13083331730995 10.13306551718307 0 0
11.28776984359964 11.3007403520055 0 0
17.14782436516128 17.19274090512621 0 0
17.71568293763755 17.7239156311166 0 0
17.75804520461727 17.78721777251424 0 0
18.68316670949963 18.92668414219929 0 0
19.57303008065132 19.58298006436537 0 0
19.6639117664534 19.79249341026905 0 0
22.1271762646138 22.49095925477772 0 0
24.29570750155484 24.38441336538629 0 0
24.99786846770016 25.13855514701384 0 0
25.58601961661839 25.70722294498712 0 0
26.10964785177211 26.22429853327625 0 0
26.85671193883266 27.11852751927902 0 0
29.52052633236506 29.61089340389696 0 0
31.17107620498987 31.22604028757494 0 0
31.6206508498904 31.77592987200383 0 0
32.79327793086252 32.85417356606044 0 0
34.27328624344519 34.32824612795442 0 0
38.3178982633225 38.42827569120391 0 0
38.55613249484792 38.67079183363207 0 0
