# Status file for ctqmc. Used to save all times t_s, t_e.
10
1
3.215101756867859 3.211814591131386 0 0
1
33.85862025487869 33.75908935082576 0 0
23
0.9112585728038844 0.8658060460558307 0 0
3.075171668984421 3.060324210236045 0 0
4.260243617205595 4.179931439761916 0 0
4.43453265693176 4.418211222932681 0 0
4.910570768964597 4.874414524893039 0 0
5.415307222092856 5.361643360619473 0 0
12.18233061756683 12.1387887886534 0 0
13.42527857019345 13.31535368972317 0 0
15.88444769840596 15.84223696870044 0 0
18.75565812414051 18.73698380782328 0 0
18.9047166592299 18.88999906211669 0 0
19.15601293386766 19.10520460609768 0 0
19.79080070550847 19.6935699918684 0 0
20.9909093599692 20.97174237518854 0 0
22.18645829262199 22.10841325205493 0 0
22.5433155123449 22.5223864158946 0 0
25.58009485825149 25.38399224032015 0 0
28.5830326532157 28.54467354182021 0 0
28.76404069877429 28.76122696221352 0 0
36.09338475692796 36.08038690660135 0 0
37.52833646687019 37.45741418789758 0 0
38.22314241207735 38.20501587270859 0 0
38.34126550872205 38.32701909008332 0 0
3
9.245128339015437 9.154391152845207 0 0
11.40620495399816 11.38938723404676 0 0
38.55202041995602 38.48773949030929 0 0
21
0.6040790106597715 0.594858768128212 0 0
3.103498258101291 3.096655849847393 0 0
4.580964061472728 4.572563278452092 0 0
6.832296443684314 6.807228517899227 0 0
8.28449944917883 8.268810262193727 0 0
11.0858209585649 11.0381358465339 0 0
11.34743708379084 11.30917522321649 0 0
18.83102819596254 18.81493911304012 0 0
19.01177554152316 19.00776004344773 0 0
20.08501538958273 19.99874692871016 0 0
22.8800363784706 22.87994332189587 0 0
23.21614506054674 23.2136030049983 0 0
23.95162048550873 23.93629529825147 0 0
25.99487774828181 25.93660254922545 0 0
26.15457952164199 26.05626689740514 0 0
26.70271591900816 26.67004035020524 0 0
31.90607810704778 31.8946687694609 0 0
33.16847232582485 33.14115958030278 0 0
34.98565641365877 34.83398791318047 0 0
35.45072290697223 35.34999719333542 0 0
36.84204739564476 36.78548320213627 0 0
4
1.168230891896769 1.070906849049564 0 0
3.757136836545596 3.74194303480233 0 0
5.274640158089518 5.271074827321648 0 0
16.13538923039355 16.06975280010528 0 0
5
1.272317569778366 1.246213671739027 0 0
10.15598738436951 10.11191768203748 0 0
11.52136766646803 11.44844470590075 0 0
25.29177133580576 25.27946861107351 0 0
25.9453203814583 25.94225661736971 0 0
24
0.0241593690529198 0.06059187954263133 0 0
1.659677488617739 1.999627233962098 0 0
3.92441083649179 4.003485660110665 0 0
6.247175529266441 6.432788127292115 0 0
7.482493436523113 7.960834219215608 0 0
10.83879870737083 10.95996850840841 0 0
11.24405890678429 11.35382019828257 0 0
12.29575893939808 12.40379830555489 0 0
14.23247882965756 14.31497600803062 0 0
14.64562640645166 14.76250686114423 0 0
16.09710937304304 16.14973353312796 0 0
21.23153799826589 21.31401619111331 0 0
22.57019254181365 22.64782554042834 0 0
25.24000570776207 25.67272369859383 0 0
26.21039363806152 26.38632511488335 0 0
26.60616265362168 26.81155804312308 0 0
27.75904912196495 27.7675514293377 0 0
28.48336415873281 28.5962242177513 0 0
31.59177564413545 31.70519940202376 0 0
33.71754225939826 33.86684444421044 0 0
34.2091697262891 34.46051396711808 0 0
34.72762156673993 34.78724727394288 0 0
35.48575400047573 35.54419033811489 0 0
38.38775510204659 38.42215887004866 0 0
2
10.73495852179626 10.63514358836748 0 0
27.24681304765462 27.21286039516978 0 0
21
10.92770444239564 10.95592019064966 0 0
10.97016429319509 10.99638858715784 0 0
11.01649570362492 11.05378364569894 0 0
11.12923294495293 11.31466046353544 0 0
13.28397450645007 13.34040172746225 0 0
13.71485608148222 13.75036121924447 0 0
15.68824107880411 15.73664156716708 0 0
16.38543880126098 16.39993363167666 0 0
17.25403100439057 17.39334182501683 0 0
22.20131949858108 22.21471684455059 0 0
24.08408564295931 24.1369911699272 0 0
24.30723980115812 24.34381280693693 0 0
26.91465817514945 27.01105267140912 0 0
28.00986686530358 28.20443014654014 0 0
28.71282218481976 28.76852904618206 0 0
30.81230330153796 31.00607516393611 0 0
31.4375134167667 32.10510488901784 0 0
35.3395241428225 35.43184994015395 0 0
36.0446883646884 36.60514856293525 0 0
37.77736684612237 38.0770805091563 0 0
38.11023253905771 38.21093447681612 0 0
