# Status file for ctqmc. Used to save all times t_s, t_e.
10
3
16.94728957036367 16.88254235021353 0 0
25.42774529412721 25.38982947603754 0 0
34.48363405668194 34.41069125891412 0 0
0
13
0.9250947304733188 0.5015712741000442 0 0
2.707550761601231 2.704428128333504 0 0
4.654503599068109 4.592495071867577 0 0
7.076874378992133 6.990141946009308 0 0
7.484337063569725 7.454588964977771 0 0
14.31525130882093 14.30639474909222 0 0
17.31112898285297 17.25916027680853 0 0
17.89485875675481 17.89277982206433 0 0
20.51554361579734 20.50412894110431 0 0
30.96598311035165 30.95737833210402 0 0
36.23991965529177 36.18101936584953 0 0
36.45220499498327 36.44736210544824 0 0
37.03373710825494 37.01346590413306 0 0
2
25.42297239446009 25.40338923476289 0 0
26.96317218795068 26.93576757458963 0 0
24
2.199293520242225 2.154510697559771 0 0
4.549613883938989 4.285675984063291 0 0
6.391025365738943 6.217051512198227 0 0
7.602132930096287 7.596117174584512 0 0
8.16630853387769 8.117968029589241 0 0
14.03288913138366 14.02240802095005 0 0
14.64853018836517 14.60066010020662 0 0
15.14424706849298 15.12008941535821 0 0
16.2311768861323 16.2173109059314 0 0
22.18299667652744 22.14796267241718 0 0
22.41512869109939 22.39232031198918 0 0
22.73891161521734 22.71528501026763 0 0
23.17128647924814 23.15168544800062 0 0
25.02047459257408 24.98376835694836 0 0
25.96600412378644 25.93403188802923 0 0
27.02086912618475 27.01870338709373 0 0
29.68616853481683 29.68154362753931 0 0
32.8301576084006 32.82042078619254 0 0
33.83782793647623 33.51478744639154 0 0
34.92092476218744 34.92049657278731 0 0
35.2010275169258 34.95873918834915 0 0
36.53211913926487 36.44412567365554 0 0
36.7227483354042 36.60353109701996 0 0
37.76310551536417 37.74438435993446 0 0
3
19.76299736209335 19.69336314346002 0 0
34.68439383690133 34.56703847875475 0 0
38.23933721547589 38.11313336327233 0 0
3
14.19541852313584 14.14270304234485 0 0
20.74896970539727 20.68639208845986 0 0
22.45035987994159 22.34550776628626 0 0
25
0.8249210145874664 0.846977066014417 0 0
7.526748855265745 7.638717378449806 0 0
8.262682346405223 8.440750015697049 0 0
8.858357722068419 8.890782774098522 0 0
12.97136561890958 13.01360678123958 0 0
13.98944677146266 14.00796447563759 0 0
14.04402920859816 14.08492716071861 0 0
14.17875770191918 14.43675076657014 0 0
15.05160780188214 15.31054947255428 0 0
17.30007326543554 17.39534912819385 0 0
17.47560485384171 17.52019293959353 0 0
19.10185717364196 19.20546760611883 0 0
19.57416989802661 19.70766645256455 0 0
19.95903369169616 20.01822247003058 0 0
21.18664360053183 21.19015677913096 0 0
24.4883929990891 24.61873173337183 0 0
27.82023851634546 28.08136118324856 0 0
30.18542718301046 30.30656679114148 0 0
32.00546764070089 32.01921995422056 0 0
32.75334159554213 32.77944761722431 0 0
33.18020529741764 33.63903863996204 0 0
33.6448636110937 33.90531064903679 0 0
34.34173523484978 34.54427552196959 0 0
35.60543863757646 35.61291776303467 0 0
36.62491830904562 36.77139225993493 0 0
0
20
1.877116903334835 2.313203408345703 0 0
3.083410331896558 3.275096971150777 0 0
4.031317979924487 4.387582852461163 0 0
7.031888674691738 7.138764541682999 0 0
8.958738270122781 9.035546021129498 0 0
10.85938890453389 11.00151584902375 0 0
12.31573452255784 12.33425245075233 0 0
13.4645613235205 13.56536880134087 0 0
19.05875058295594 19.22527591178107 0 0
19.71204132578056 19.78625673980771 0 0
19.8018073677663 19.8483798160109 0 0
20.21113238340938 20.39663898308141 0 0
22.88784970696558 23.28563808573769 0 0
25.82838213102395 25.95326029966752 0 0
26.30981101924992 26.32934385740749 0 0
26.36353329446097 26.5751198193346 0 0
26.99793871005716 27.12042246658548 0 0
30.79309141449888 31.04192282567782 0 0
32.16933924449189 32.24155112607444 0 0
35.54995392740164 35.64735549959603 0 0
