# Status file for ctqmc. Used to save all times t_s, t_e.
10
3
8.106852892932453 8.042364859138953 0 0
13.37236701341294 13.32002820135888 0 0
17.84597208482631 17.825611456916 0 0
0
15
1.847809003123856 1.817588419688214 0 0
5.16851447118075 5.156469073438297 0 0
6.351680831509929 6.337017936594826 0 0
10.32976273899975 10.28471510647307 0 0
10.72732458359389 10.71475487773509 0 0
10.97811473243231 10.92548532314076 0 0
12.90684506681113 12.89687962186328 0 0
14.49430997570451 14.46550882183206 0 0
15.32753168374908 15.31117591671713 0 0
21.42038696979537 21.40549996551143 0 0
23.57368286950492 23.45507230766115 0 0
27.68849505617641 27.62708402820034 0 0
27.88120898624016 27.85331341291057 0 0
29.41121915272317 29.40896608360152 0 0
38.43593491996891 37.9968960393498 0 0
2
2.081442677158321 1.898939296012635 0 0
23.13531392698075 23.10959912351017 0 0
25
1.085453670270494 1.055492518421266 0 0
1.664182220903883 1.642569309999497 0 0
2.784727960445274 2.756207269270382 0 0
3.33228812195193 3.293834341366189 0 0
9.871947053398966 9.839338513990647 0 0
10.442731479271 10.43698016110274 0 0
10.67737681489597 10.5577092358458 0 0
10.95872958779641 10.95293570235372 0 0
11.00749384884185 10.98799357707945 0 0
12.31918984933667 12.31074530778662 0 0
12.60668217539624 12.58869188385142 0 0
12.8835197256044 12.85195962814663 0 0
13.08344078219299 13.07189097458145 0 0
13.1870677775656 13.16597122149028 0 0
13.52373391151449 13.50555748471578 0 0
13.96046627288231 13.80746191934723 0 0
14.68598314347683 14.66545044641542 0 0
20.3327373240617 20.30536304561788 0 0
23.45907258308384 23.44995342757037 0 0
23.69767025991736 23.59487035505195 0 0
25.53371984344166 25.52725203519738 0 0
25.83939514658411 25.64100233284751 0 0
28.1410354441037 28.08529133994886 0 0
28.49017432352847 28.33181629957864 0 0
34.15337020104269 34.13698844148453 0 0
3
4.161376479276193 4.159234738958659 0 0
30.93572915833037 30.89916650432537 0 0
34.58044010527904 34.53200818944436 0 0
4
2.010073440285552 1.980012715362619 0 0
13.24740264944836 13.20966082804338 0 0
21.528170083869 21.5048180282877 0 0
36.38435364279004 36.33076780076405 0 0
30
0.07132103975155957 0.2140475776621926 0 0
1.371438776002257 1.483179455943425 0 0
1.748901897230895 1.849978429445957 0 0
3.066713985014987 3.208799901148121 0 0
4.377805957090824 4.677013351260617 0 0
4.69553496727442 4.705900877619619 0 0
4.838112867991145 4.977585368772688 0 0
5.377876617306573 5.379101876916759 0 0
6.723508411661544 7.08293546646919 0 0
7.758706853496678 7.807837870324295 0 0
7.885307610105758 8.03520353670943 0 0
9.647521658729985 9.662789898085299 0 0
11.28394641173874 11.44906323568731 0 0
13.89069922005996 13.96903018810611 0 0
14.46235854028012 14.60835833430888 0 0
15.85332443339734 15.90844032157822 0 0
17.0402848852024 17.27155789492265 0 0
18.99327051268431 19.18045984389151 0 0
22.96334577738558 23.01490145626731 0 0
23.43532786168313 23.50090685385847 0 0
26.11515637688729 26.15940965104045 0 0
26.20532636670188 26.3988045435146 0 0
27.13833224148609 27.17829240122265 0 0
28.44847336853293 28.62164407227752 0 0
29.97275356774876 30.04034161485406 0 0
32.70032656105779 32.79175260532559 0 0
34.14833556451737 34.23848079874229 0 0
34.47530174524494 34.69787760059021 0 0
35.19127262953692 35.36522318137651 0 0
36.67388913174651 36.67803042212908 0 0
2
9.790437379394893 9.781457271285415 0 0
21.97199471070057 21.91153705181649 0 0
23
3.127008257669026 3.242875308574908 0 0
4.351493862491872 4.394479157388363 0 0
5.331090812962073 5.667995693039771 0 0
7.537667062668792 7.551363568176669 0 0
13.61256748112574 13.6431726356232 0 0
13.65970669410974 14.07779928592732 0 0
14.10126820454091 14.15249109903058 0 0
15.76281495416533 15.8056359318052 0 0
19.85891673287528 19.97910550803941 0 0
20.88739463941434 21.14904960509942 0 0
21.30514542260528 21.42457535772491 0 0
21.98886288947395 22.40011587132006 0 0
24.20345269846427 24.40417512016892 0 0
24.4109758183141 24.45147300525405 0 0
25.46890770462537 25.50863160263403 0 0
27.1403598951088 27.16353065294361 0 0
32.36489255131783 32.38519163391817 0 0
33.06750507854432 33.12089238031656 0 0
35.90483079510692 36.01933352608405 0 0
36.03676529171995 36.35262073965235 0 0
36.93183999206769 36.94691138619439 0 0
37.76764758904976 37.77289203818963 0 0
38.19742311884001 38.34025288514666 0 0
