# Status file for ctqmc. Used to save all times t_s, t_e.
10
2
22.8644760535073 22.85025682246827 0 0
24.17379029959218 24.12221387847941 0 0
0
28
0.4937223029854489 0.458308024162256 0 0
0.9804424947668838 0.9486245931779045 0 0
3.930227548494365 3.907215106343333 0 0
5.925578475717559 5.914372562780209 0 0
10.11560022556425 10.06292242935773 0 0
10.98948355466281 10.49297101186171 0 0
11.34432060247095 11.28363787303124 0 0
11.65999418591787 11.49386408433097 0 0
11.87899330729304 11.87324070727789 0 0
13.70806555353073 13.67642166441125 0 0
15.07053286033182 15.05394140826915 0 0
15.30278064726214 15.22902490117473 0 0
18.13035364839365 18.0511953276655 0 0
19.21696957858709 19.21375791197821 0 0
23.66938302795888 23.18877721958157 0 0
25.67370374244256 25.6467802975662 0 0
25.88032558074705 25.86543637583905 0 0
26.07745553008345 26.0034220074365 0 0
26.79403894433007 26.79175465375795 0 0
28.5813188581991 28.5115235923842 0 0
28.79831101415955 28.76110345343813 0 0
30.85466963877705 30.85228966565469 0 0
33.78442500045352 33.76366348064279 0 0
33.95920494615803 33.930902776278 0 0
34.62250026346099 34.56820962481476 0 0
36.18947481530726 36.18008118187561 0 0
36.26643832189545 36.25962758661255 0 0
37.39332809247319 37.38401149615449 0 0
3
4.244447778571526 4.244176983336622 0 0
13.49448433781778 13.48436329003234 0 0
32.91528465147601 32.88302469064728 0 0
22
0.03474277445524621 0.02645229319207232 0 0
0.4901358437216752 0.4872744404391245 0 0
3.008684521414846 2.996792392720601 0 0
5.941112481230353 5.86377356948303 0 0
7.132037985644626 7.089890135886105 0 0
9.400528809196313 9.39734541854555 0 0
13.24401912003325 13.22036629345686 0 0
14.64267005499752 14.62565947244914 0 0
16.38324629538015 16.37640624464129 0 0
16.62877557935513 16.62425752583414 0 0
16.99789286374293 16.82490126905094 0 0
17.75487071343564 17.57989823101253 0 0
18.42589724350001 18.38402392399728 0 0
20.02833821902208 20.01507877754083 0 0
22.43425830194358 22.35906667732387 0 0
23.95258141642436 23.93714387193218 0 0
25.78204290541149 25.71114158084677 0 0
28.90295085704764 28.8675367729315 0 0
31.82931395514774 31.80041184791904 0 0
32.16413633622133 32.08863894673232 0 0
33.35874834298295 33.23807728039888 0 0
35.50579158252862 35.44310166450795 0 0
1
17.22616014342275 17.14339399198651 0 0
3
8.886142723764703 8.880305213491793 0 0
24.70933664283005 24.68131988758912 0 0
35.87806724237916 35.87398604376453 0 0
21
0.7299541626449727 0.8248154731938617 0 0
1.11066129730906 1.190854466701273 0 0
1.199825786150089 1.226099151717402 0 0
1.23826871828784 1.349095804886175 0 0
3.14978513408924 3.18942223619139 0 0
9.678609830814183 9.719702259928175 0 0
12.46658287530157 12.75736564697285 0 0
14.98033938722463 15.08868305871627 0 0
17.97943731638446 17.99641003655725 0 0
24.49014458875961 24.6392361234221 0 0
24.83361379050796 24.8389735878953 0 0
24.90942532421546 25.2365962575438 0 0
25.79421485468957 26.14618666150741 0 0
27.56403434518079 27.70351780614227 0 0
31.1860910474086 31.22161744670749 0 0
31.28354233310542 31.29467775815741 0 0
31.41549289691146 31.60691609739708 0 0
34.67901116985539 34.69315098356283 0 0
35.64748267300097 35.65664590779684 0 0
36.12032319528494 36.21267546924439 0 0
36.23035224162946 36.48682503669215 0 0
1
4.432727746919809 4.414312835046227 0 0
19
4.09001179349614 4.090621450400375 0 0
4.478423732110468 4.565475945124117 0 0
5.389212743136259 5.462477432114493 0 0
5.520279924288553 5.536555250023897 0 0
6.746271643645478 6.830210055141141 0 0
6.884661800290945 6.922699463967918 0 0
10.06186997731159 10.12678698274625 0 0
11.42539611670815 11.93137741733205 0 0
12.05934691020705 12.3633586376343 0 0
20.10263672639176 20.16381676703445 0 0
23.4789962450499 23.54334119854892 0 0
25.32192623669265 25.33624329305866 0 0
25.81818111839705 25.84953182640688 0 0
25.87159163484517 25.87963356801048 0 0
29.34957511775992 29.44393259409977 0 0
32.57282442336522 32.85770814839421 0 0
36.26946761145115 36.31932718440481 0 0
36.52164077893647 36.89868435129012 0 0
38.28171365165019 38.28558915426966 0 0
