# Status file for ctqmc. Used to save all times t_s, t_e.
10
1
16.45444385542655 16.41830248622259 0 0
1
21.07881436246948 20.91251066978868 0 0
21
0.02744718327017637 2.022132650264263 0 0
2.034116334552756 3.730697106310139 0 0
3.760178822884187 8.409248846352352 0 0
8.489330785676959 9.511801606079921 0 0
9.527978575124381 9.892272417064952 0 0
9.99324618207328 14.22816828008213 0 0
14.26104782617877 17.93598951875843 0 0
17.95533901638957 18.29941677924575 0 0
18.30276232442966 19.38334647094172 0 0
19.40759309643062 22.94341475922666 0 0
23.0003943809192 24.33333750036761 0 0
24.34280360986077 26.11465790511904 0 0
26.13695488110111 27.02678829491945 0 0
27.07435012682391 27.78309660683505 0 0
27.9146483016096 29.77066947921583 0 0
29.83790685699908 30.76539913167305 0 0
30.82320879120342 33.25521314107781 0 0
33.26037637993026 34.82265268926 0 0
34.84605852829282 36.21303565014552 0 0
36.22075462433405 37.43947114921126 0 0
37.54566420223606 38.62059377731161 0 0
2
5.409205463654893 5.388248723159752 0 0
19.37273627765734 19.33382543955712 0 0
27
0.2529682649950757 0.2527950858881797 0 0
0.6587530826155827 0.6496405588063254 0 0
1.782527578454667 1.771894489762921 0 0
4.39832901143141 4.173230954716315 0 0
5.348739869253905 5.330183468050361 0 0
7.898518275427278 7.87984746106654 0 0
8.304059257597286 8.281910631091547 0 0
8.409067646821212 8.35190851268135 0 0
8.814437630268165 8.809868810300292 0 0
9.476042108366242 9.442253783309736 0 0
10.99270853225842 10.98890844048224 0 0
11.69385414344302 11.66180436569435 0 0
13.08017142470558 13.03881162858565 0 0
13.84058382717023 13.82383849657742 0 0
16.52264053861502 16.49954070207588 0 0
18.56881147389193 18.53212605586714 0 0
18.70437994252145 18.6804708560557 0 0
27.46270600964809 27.45127631684 0 0
29.47761251855529 29.46904739711143 0 0
30.10421351730723 30.04942873599158 0 0
32.85619806752945 32.83059422268836 0 0
36.07862328366722 35.85880020859518 0 0
36.32091588766492 36.29031433498959 0 0
36.50119338639624 36.4966960772145 0 0
37.52687667294722 37.52550099624755 0 0
38.26206817673297 38.24282279174219 0 0
38.5645822099679 38.53574014105118 0 0
4
2.599327845682941 2.560984265937527 0 0
2.685247703409004 2.664712540384435 0 0
5.156595891100623 5.074435545431232 0 0
38.02342910895094 38.00745804603943 0 0
6
0.9330404516684752 0.9060326930579095 0 0
1.94786232973158 1.924750150282811 0 0
13.95021865219143 13.88204786000939 0 0
18.86757706512506 18.86373678435974 0 0
23.97035028931915 23.96213157211091 0 0
29.92028467162523 29.88621170197817 0 0
32
0.05639492699157911 0.07882874653510896 0 0
2.944546052379934 3.075855736862574 0 0
5.243830731579747 5.394825822286657 0 0
6.195706751592128 6.241443737235686 0 0
8.902733705466883 9.026344568324996 0 0
9.165920529233073 9.594623464010448 0 0
9.94269383200735 10.09788283247666 0 0
11.96696219206186 12.47615804010768 0 0
14.83115498219989 14.83791445726887 0 0
14.8588502172167 14.91076366791334 0 0
15.2724817155788 15.5525830565188 0 0
16.42134499958765 16.44836615977453 0 0
17.62169187247128 17.62633574188096 0 0
17.6422977611693 17.70003489939783 0 0
18.96096206019866 19.1012806087199 0 0
20.42184010300714 20.4368188213848 0 0
20.90165065303491 21.12973075782533 0 0
21.59206414435831 22.03788259239341 0 0
22.11338387947442 22.31105123363806 0 0
22.6122865255782 22.6142855375477 0 0
26.56142302399089 26.61835071332149 0 0
26.67059931350656 26.76002701380928 0 0
27.50460132726922 27.54910329620559 0 0
27.6236064115752 28.1119811704147 0 0
28.41175748169867 28.48748429112657 0 0
29.88269633743813 29.88712054912833 0 0
29.91998915975523 29.96714592905461 0 0
32.78970449711863 32.8195773047237 0 0
33.38508647292783 33.40113551975188 0 0
37.0582899991694 37.11786125618726 0 0
37.13795043820234 37.15281161094367 0 0
37.28433358654433 37.39187170534456 0 0
3
2.428390731866244 2.428299571266855 0 0
24.75258799537323 24.58136222758434 0 0
31.5618455165118 31.55728730806216 0 0
27
1.406753847845588 1.568257647221751 0 0
1.94147068779914 1.998993636798609 0 0
2.868971353821154 2.932099854871031 0 0
2.934459590638983 2.934679251227124 0 0
3.582788473259088 3.585532391304703 0 0
4.692233197936313 4.766252392792632 0 0
4.800480166847188 4.801405460955115 0 0
8.334906294460893 8.417691370551722 0 0
11.7520876321317 11.87508891568006 0 0
11.93462873565808 11.94455011366118 0 0
14.46775932628779 14.49205892702025 0 0
18.54722228957916 18.56995348793211 0 0
18.5949464229755 18.80087812694455 0 0
18.90521173911132 18.99726030276421 0 0
21.86108089805886 21.9106611086631 0 0
24.31968929189791 24.47673828297438 0 0
24.48109544169193 24.61396559904553 0 0
25.22906927273128 25.32725953933101 0 0
26.51663089601898 26.65676904205784 0 0
28.99521621564506 29.12248533977688 0 0
29.26342846739037 29.31507008093179 0 0
29.39621045654437 29.46321131081975 0 0
30.285567594715 30.3463511175449 0 0
31.48523693219865 31.49475331138299 0 0
34.40663367639058 34.54507260894901 0 0
35.2712120845725 35.41739182712202 0 0
37.54504405024959 37.62138986942289 0 0
