# Status file for ctqmc. Used to save all times t_s, t_e.
10
5
6.154238949159947 6.033993329201207 0 0
21.4822901288819 21.46942022324808 0 0
22.05432615951693 21.99938050275259 0 0
29.93001188234258 29.90601487091877 0 0
35.21407952130326 34.7284241177024 0 0
2
16.87622558746333 16.76915861429865 0 0
30.49907625161475 30.36682504816104 0 0
17
2.643314957264459 2.63016285665082 0 0
4.192761731569121 4.152526148136242 0 0
5.296108533717894 5.2774774975206 0 0
7.10625588390736 7.0680676643074 0 0
7.317670781848227 7.281996566704772 0 0
7.603568915051611 7.59771610086099 0 0
10.63940776817828 10.59490079584379 0 0
10.95786796935102 10.86172649296517 0 0
11.4208307116816 11.39544530576473 0 0
20.5299402400007 20.51782280517448 0 0
22.0675863261877 22.05921575762886 0 0
25.71667866591945 25.69101383117889 0 0
27.0615629716691 27.01239073410497 0 0
27.75073302213277 27.7016760901463 0 0
29.24598242002579 29.23490515532016 0 0
33.80417072584084 33.7958697440523 0 0
35.82506904489866 35.6000489012218 0 0
4
26.6321318265376 26.59099945238095 0 0
29.95277004118679 29.95149114085714 0 0
30.33158021911695 30.25305789287344 0 0
31.58943660014437 31.54318402911908 0 0
20
1.891767107312824 1.86956099433699 0 0
3.577005890461851 3.533023637906097 0 0
4.135873986045799 4.120282073299675 0 0
4.219366371254144 4.213222615566479 0 0
6.083917009078178 6.051704648943295 0 0
8.981196041338793 8.94226121041484 0 0
9.830638439746524 9.764914511250426 0 0
12.2017088526298 12.19067473259045 0 0
13.14644792136443 13.13523513553822 0 0
18.51866731424837 18.51818035744468 0 0
18.7070137796122 18.69331322369398 0 0
21.78750949469202 21.77483834461678 0 0
24.290286406938 24.29001601012172 0 0
26.23484602669246 26.12870109169668 0 0
26.80283690376216 26.78843616136206 0 0
33.85869609377657 33.83744820881568 0 0
34.24374744429733 34.009220990621 0 0
35.16675640977844 35.15541486833943 0 0
35.91594517168762 35.89166154564338 0 0
36.00347376559797 35.98285005155266 0 0
4
18.21194144217525 18.20798882043458 0 0
19.7415456280733 19.62549343384347 0 0
24.82764873979363 24.68610252493392 0 0
36.91097947905548 36.86846240890171 0 0
0
27
1.367697720654013 1.440468288034059 0 0
2.285618010042518 2.440921445951652 0 0
4.253992002812074 4.298448290934591 0 0
6.069104021349555 6.097320680679582 0 0
8.970581744362608 9.057138050484951 0 0
12.24090559540822 12.4425761718613 0 0
12.4501372608042 12.48179449643188 0 0
13.99758353306244 14.07961263508272 0 0
14.44820531439992 14.61725518247789 0 0
14.89749049999515 15.10172849800211 0 0
15.19515287610193 15.41834126276652 0 0
16.76528101670379 17.02025280528343 0 0
17.8901921009336 18.01197967417594 0 0
18.52726783469633 18.53602010226702 0 0
20.3973469230166 20.9225386586463 0 0
21.92490827168851 21.95400374663122 0 0
23.22647228721558 23.4452964445912 0 0
24.31752210351896 24.34845597476717 0 0
24.63306261546766 24.86986735320393 0 0
26.77945107096845 27.026155567343 0 0
29.04789156424007 29.48066288042819 0 0
30.27670392167265 30.46174154153253 0 0
31.42728909815995 31.61393768588097 0 0
33.76546221204624 33.87413950709297 0 0
34.25709834218443 34.36223630503722 0 0
34.38609039214386 34.52085321142142 0 0
35.46298036787977 35.46620774698487 0 0
2
3.748093249627871 3.716258739504696 0 0
10.89572672148557 10.85369737616908 0 0
31
1.732121289027901 1.834541823983656 0 0
3.144588697549579 3.146593414457117 0 0
3.615219145252018 3.70991486003376 0 0
4.681565982963442 4.748829323843241 0 0
5.224491813895527 5.402262229707118 0 0
8.880654185590609 9.086891086787988 0 0
10.96418792952915 11.05037235262354 0 0
13.76121029238266 13.87941303251542 0 0
14.19493763961181 14.28386841135898 0 0
14.77645142430858 14.79137644172505 0 0
14.80738035883254 14.82794035378812 0 0
15.17483992182946 15.33632861597036 0 0
15.76805376542798 16.04477710688611 0 0
17.39679638836643 17.44439611012446 0 0
18.03716875363425 18.24453619278242 0 0
23.96761923434865 23.98259536220058 0 0
24.7980020064044 25.02074953179952 0 0
25.9230895914851 26.00728522663633 0 0
26.06059673801944 26.11004725615202 0 0
28.42410041384392 28.45918205319274 0 0
28.563842525888 28.70676154053739 0 0
28.7213238689908 28.88252453293154 0 0
28.99623505767081 29.39842525192825 0 0
30.46670621245746 30.51445864240653 0 0
32.1281766346725 32.15887284205706 0 0
32.33626758421408 32.39255862550061 0 0
32.51327949047521 32.54504634326052 0 0
34.65357312112778 34.83192362871527 0 0
35.0538774998613 35.19225192158912 0 0
37.13635678997395 37.2828273778588 0 0
37.37532318936204 37.87785317209031 0 0
