# Status file for ctqmc. Used to save all times t_s, t_e.
10
2
7.326734617908501 7.287768785106715 0 0
23.72154993794505 23.71087569199111 0 0
2
19.8149707261739 19.7463300485755 0 0
34.05425605499376 33.9753359579875 0 0
23
0.3377376708699273 0.3177198799268695 0 0
3.815724655910038 3.811216128530776 0 0
7.317851256716701 7.27287902068826 0 0
8.002928575165795 7.951667117718964 0 0
9.088229169799968 9.08091033275606 0 0
9.764093222743362 9.762404512207054 0 0
15.29777036920948 15.29461565504485 0 0
16.40123237484812 16.3879903478392 0 0
19.08113965994673 19.07738799290219 0 0
19.29276976787457 19.26728998465745 0 0
21.02391206642406 21.01706685055494 0 0
23.45685465172842 23.41743820290648 0 0
24.88389850938722 24.80031881545579 0 0
28.18431844278724 28.16700254411051 0 0
28.40533268731104 28.39924366150409 0 0
28.7559837535271 28.75589997548758 0 0
30.03777507596266 30.0151075149134 0 0
30.4638410448112 30.21912637840868 0 0
31.70362455108619 31.67600214429482 0 0
33.27681216912312 33.17439887131961 0 0
35.96870351562266 35.8552201582147 0 0
36.90504861466982 36.85868468646795 0 0
37.74633447873789 37.74340623006758 0 0
2
9.00768351727918 9.000649649242732 0 0
15.63210436974843 15.62522286120943 0 0
14
3.331367500529911 3.324916293986688 0 0
5.010565799936071 4.964454472221688 0 0
6.095983786704515 6.047787634791342 0 0
7.894358603394508 7.809481452825835 0 0
12.99662688406888 12.97495090239346 0 0
14.83636502149207 14.83397548606677 0 0
14.88606079785295 14.86963326414058 0 0
19.86590389920572 19.83473609982987 0 0
23.88165247607722 23.83684952411706 0 0
29.41705224896893 29.36780618397792 0 0
30.12598718072552 30.11357944510634 0 0
32.85675831273568 32.84367820818322 0 0
34.53625596091489 34.50501503482168 0 0
34.87315156499116 34.85673452187709 0 0
4
9.905093565998918 9.765683164577659 0 0
12.99991806948513 12.87341433535634 0 0
30.77346338185872 30.72243381717504 0 0
32.70065077615479 32.5780530409432 0 0
1
11.69379284433725 11.67927006974786 0 0
26
0.5844111800157066 0.6377474284951351 0 0
0.6868473022501589 0.6932073072192372 0 0
1.05968951983451 1.071149985183953 0 0
3.609551530274645 3.845724834721365 0 0
4.344515343232136 4.414046677045214 0 0
5.903719590691554 6.041865385494865 0 0
8.839937924678296 8.939898393664683 0 0
9.436022884345522 9.594042438447101 0 0
9.612452366338394 9.612511244125368 0 0
10.36866168544198 10.44962430755171 0 0
11.44406533298679 11.49770356417612 0 0
13.77371923623931 13.79062930721913 0 0
14.88178107929552 14.98935073498126 0 0
15.11311368521526 15.12922407109122 0 0
16.09125859507289 16.13593046660023 0 0
17.99057416977566 18.23413247574744 0 0
19.25812892353164 19.27373741231499 0 0
21.0497741835881 21.10165877630523 0 0
21.20951775694798 21.31994367123246 0 0
21.96617749887751 22.00418509925541 0 0
22.71847546991048 22.82101740229066 0 0
27.93310923170336 27.98255295800643 0 0
29.93656240856157 30.02976083412366 0 0
30.75613737160909 30.79842319701885 0 0
35.85376587259855 35.8821955145876 0 0
36.90311520325602 37.02731856236483 0 0
1
11.34895563773007 11.25335376135305 0 0
21
1.994414967580076 2.223757570319424 0 0
2.508732738024872 2.706341407341375 0 0
4.756389088059694 4.92027722948654 0 0
5.182298539328201 5.221626605749521 0 0
5.975759175632618 6.127609162926748 0 0
6.133194169534192 6.196379802293388 0 0
6.765982871204083 6.83792576923187 0 0
7.766168599821105 7.798818543771365 0 0
8.614817305413991 8.734037913316739 0 0
15.26989019375968 15.30054735292913 0 0
16.02071468804923 16.03561521398869 0 0
17.63852597530313 17.6553866993425 0 0
23.47319302723465 23.51245376153411 0 0
24.21432903737579 24.57573947316643 0 0
25.10575419576642 25.11017472026487 0 0
25.15277392292355 25.37319372076453 0 0
28.82277320209249 28.8248313035876 0 0
30.31258706278264 30.47168372864855 0 0
35.67613200399544 35.70630222637728 0 0
36.18398795329069 36.19184754668885 0 0
36.596300175305 36.68377391593086 0 0
