# Status file for ctqmc. Used to save all times t_s, t_e.
10
3
6.82612238124565 6.775197083476584 0 0
20.56555470597522 20.53932298214492 0 0
27.28970509035823 27.25479122902085 0 0
6
1.454749604962714 1.356510109306967 0 0
9.076681763650811 9.017718484080802 0 0
20.38032874587238 20.32966688860431 0 0
20.80606563755624 20.67572959285881 0 0
24.26408833007858 24.25278154965365 0 0
26.66960706748329 26.4609616823358 0 0
23
0.8394980479705509 0.6631792428419416 0 0
1.553518675175862 1.545014623159005 0 0
1.782572174356925 1.751159750993799 0 0
2.923102739282104 2.888550129581017 0 0
9.334696800301662 9.332681551698554 0 0
9.635633540252844 9.593482635196349 0 0
12.18083311001125 12.14990645649383 0 0
12.30988518757454 12.30955072761547 0 0
13.75537257889428 13.62667360901093 0 0
19.34807911320645 19.34564693632944 0 0
19.46504375726199 19.4603224468042 0 0
22.27282884346261 22.24237084506233 0 0
23.03573357959795 22.9990209131635 0 0
25.26394466034609 25.25714377303266 0 0
25.90011011622634 25.89633372433026 0 0
26.78231393742701 26.75870591723133 0 0
27.88813304963456 27.88747794617112 0 0
31.61941040556621 31.59614721995168 0 0
35.93051533455516 35.91622536823019 0 0
35.96520860406187 35.96505704031384 0 0
36.65071967838195 36.6403952713787 0 0
37.58083497037522 37.5728392735429 0 0
38.23455244639934 38.176916569575 0 0
2
0.1718613911772096 0.1691874712172563 0 0
15.31955056077748 15.17814370774905 0 0
20
0.9679937592455445 0.957111079573906 0 0
5.553286757924099 5.509868188267145 0 0
6.772918160157039 6.735483543476854 0 0
7.197615118350599 7.184364245281845 0 0
10.63688448209817 10.61939543154685 0 0
10.77069892990038 10.76636620614448 0 0
13.2410785719236 13.22630322944301 0 0
19.60036092215157 19.58970653013724 0 0
19.74365255174126 19.69018834743205 0 0
20.42337883281569 20.4194911923025 0 0
23.11003333038984 23.09845939261798 0 0
25.78165240532383 25.46993032614746 0 0
27.15016713439231 27.13839814914285 0 0
27.93141618856091 27.92779882792468 0 0
28.63610004963521 28.61821021654561 0 0
31.19869339462861 31.1891215014728 0 0
32.40295397349394 32.38836275907724 0 0
34.18142885490281 34.17588501284525 0 0
36.1948005574646 36.19324262215787 0 0
37.30922602892092 37.28485873494079 0 0
3
0.5461233439689792 0.5450231695513139 0 0
2.842715016619763 2.826431149725805 0 0
22.76206063231552 22.65490857311986 0 0
0
32
0.1455476078897036 0.2994239570183093 0 0
0.5882428445690522 0.7494334784697472 0 0
0.9037169230190593 1.336666465201461 0 0
1.366652569561216 1.396499769750836 0 0
1.895789609555992 1.9308267209121 0 0
5.250723769380269 5.270494201472086 0 0
5.724423015831815 6.003922551717833 0 0
6.60381251549021 7.124437969348843 0 0
8.493435043420781 8.719695019893415 0 0
11.76787411471194 11.83613266626904 0 0
12.90909634003408 13.0928140325382 0 0
15.03126660218469 15.27315125165595 0 0
16.51212959518609 16.76258314773496 0 0
16.97406496456236 16.97478639322451 0 0
18.46839290681572 18.7029033806858 0 0
18.92325510111819 19.00404357172151 0 0
20.54239614340011 20.76167977242254 0 0
24.1918036328786 24.38991238253712 0 0
24.50616606991951 24.9297106747034 0 0
27.23805392116232 27.25088266051025 0 0
27.71657009528669 27.77319191089405 0 0
27.77929021690639 27.90201495063597 0 0
29.95082934737471 29.9826926384418 0 0
30.34414477473756 30.4684356608203 0 0
30.47663785370353 30.6300330369956 0 0
32.57498260912047 32.59495239579022 0 0
36.25713753095744 36.36689887141559 0 0
36.72072011145638 36.73519456200258 0 0
36.91684301092941 36.92965440229657 0 0
37.22399964461725 37.46579751012073 0 0
38.17945761909223 38.29273717388357 0 0
38.33010161960827 38.57498919273283 0 0
1
16.06594121792462 16.06289000650975 0 0
16
4.556432873496486 4.636317714278653 0 0
7.020698750165595 7.084921309096209 0 0
9.724667633329737 10.00998545048656 0 0
13.29181172484851 13.31763165959702 0 0
13.57748025674188 13.61699468147868 0 0
14.24769936662403 14.32636310245499 0 0
17.0578237424646 17.38578265433115 0 0
17.80306559131674 17.90434125204199 0 0
20.30813632030291 20.31296219365588 0 0
25.37828342440737 25.53625930936784 0 0
26.42072996184807 26.58777706050253 0 0
30.61960279107165 30.88965948928643 0 0
32.92931359445833 33.00329504461533 0 0
33.84820347947653 33.98342627622119 0 0
36.6446625662733 36.75853348065296 0 0
37.5744630925693 37.62168454391004 0 0
