# Status file for ctqmc. Used to save all times t_s, t_e.
10
5
3.066788876266301 3.03427751626959 0 0
14.50840184696769 14.44471675885996 0 0
20.18761728479998 20.15174804929583 0 0
22.21624670442741 22.16424524746051 0 0
27.92671073025971 27.86418169276254 0 0
3
5.583934473647105 5.523616961643199 0 0
29.7581499563512 29.68748370473403 0 0
35.43976158203109 35.35808871445632 0 0
19
3.534562505311632 3.517636462557765 0 0
4.734646342728885 4.73207638379913 0 0
7.388860315098949 7.314669577960851 0 0
8.270304331465418 8.231824049908063 0 0
8.463038969293494 8.456898986367808 0 0
12.96570885867697 12.08433122771331 0 0
13.99075164543868 13.96076075888597 0 0
15.05242353549655 15.04730696108432 0 0
16.32927039422017 16.3215561986613 0 0
17.24504758672955 17.23982559428016 0 0
20.57157916814314 20.54420830145849 0 0
23.2464731409389 23.22712136150363 0 0
24.52197445867412 24.49100380422107 0 0
25.10678977490983 25.10327187669635 0 0
27.02411497299717 26.97841278983016 0 0
29.5924589513528 29.59109225598703 0 0
33.63977783258358 33.59839932469149 0 0
34.87809878331765 34.87409911545409 0 0
37.939647141713 37.93042422972822 0 0
2
3.216694571318314 3.205130364472211 0 0
8.030011404980101 7.950455972805536 0 0
27
1.916499455538337 1.80631703959039 0 0
4.875367584600501 4.854488343145174 0 0
7.278425088492801 7.265553853437972 0 0
8.495254002975564 8.476111138685017 0 0
11.94139098590853 11.94022322758585 0 0
12.61288188912098 12.59084526508595 0 0
14.45498848795149 14.42002452472049 0 0
14.65050247672961 14.6002379116043 0 0
14.74182760274691 14.73724020807111 0 0
15.01185702410025 14.99092601274795 0 0
15.31226346971811 15.28980096102842 0 0
15.4079351831984 15.40318472606932 0 0
19.25034345149383 19.2185325546065 0 0
19.48882210260749 19.44978636931055 0 0
20.01202913265704 20.01059833896216 0 0
20.37900008459289 20.34608791804845 0 0
22.33548908090906 22.32739313678102 0 0
22.73015216243796 22.69530417695629 0 0
24.27224249882999 24.24993216781336 0 0
24.7589824872238 24.68565497362808 0 0
25.98755159008895 25.97042666511098 0 0
30.39489197052961 30.36458757930947 0 0
30.8108050063824 30.79282721192376 0 0
32.34910162710121 32.32474881693263 0 0
34.34046666788369 34.32267750835168 0 0
36.12049094334493 36.10135042278674 0 0
37.92408890784181 37.92388291479266 0 0
3
9.581923555803755 9.549744988640171 0 0
16.02889834422381 16.0185588682377 0 0
32.18707610396282 32.16706930849288 0 0
1
12.68734625841665 12.67278792591213 0 0
22
3.029669086138838 3.191964400547853 0 0
4.893523210310528 4.996455545622326 0 0
6.203390190036089 6.231211833349512 0 0
7.047797831675818 7.127020198929815 0 0
7.466137529031718 7.552531105336898 0 0
7.569167318512703 7.671248537881278 0 0
8.282881750547833 8.351745797233384 0 0
13.28941594080167 13.36799312790022 0 0
14.63901249390861 15.08943793068963 0 0
19.89760620404269 20.17307000242478 0 0
20.17798329695992 20.24485160101871 0 0
20.59242925346555 20.70393302958824 0 0
20.99402299998856 21.00520541099564 0 0
22.88065704314269 22.93845348486393 0 0
22.9453619367243 23.2185540167728 0 0
24.23041062945356 24.32952857290666 0 0
24.45841371496315 24.45871346380184 0 0
24.73469703990353 24.77458331026058 0 0
25.72693542156183 26.30124830988337 0 0
26.73849827407463 26.89559097312224 0 0
32.12001193825899 32.24037279339286 0 0
37.39691445488662 37.65806965846499 0 0
2
23.22279332122446 23.19452210094916 0 0
33.6577419359085 33.61988843985505 0 0
26
2.67846618947088 2.684166979561438 0 0
2.712248017948351 2.882670726594925 0 0
5.402443475480576 5.620509221509242 0 0
5.732889912274243 5.747399395001993 0 0
8.287097253565371 8.330106586655415 0 0
8.961917201538833 9.14540279993172 0 0
10.00680215199768 10.02487646605209 0 0
11.48650079903853 11.63789300361571 0 0
12.2682547790321 12.36661641018262 0 0
12.378199480525 12.4819154442793 0 0
12.48720688374087 12.86878365614741 0 0
12.94859889688887 13.05217548032796 0 0
13.59032453928554 13.70548660495403 0 0
15.96245602812073 16.19518374140262 0 0
17.45368213759482 17.71044487331438 0 0
17.95753235895281 18.02263430586887 0 0
18.93957701531426 19.21613005625392 0 0
19.28864580534887 19.4837830494223 0 0
25.63936634666913 25.67750045667925 0 0
26.31471496073297 26.35509010352564 0 0
27.25160108266807 27.36439126993674 0 0
28.49110118811374 28.55530728510707 0 0
29.17413282797727 29.3228476935197 0 0
29.61866741529032 29.65733561025167 0 0
32.60816845802208 32.78894605172823 0 0
33.0608308354143 33.12013961099721 0 0
