# Status file for ctqmc. Used to save all times t_s, t_e.
10
2
12.92334812416991 12.88008415191537 0 0
17.6025039975831 17.58053944965653 0 0
1
27.86578779048165 27.86426271582746 0 0
22
5.370966724403496 5.306537446826646 0 0
7.328101537340222 7.31788671026624 0 0
8.058994332920616 8.056424037163275 0 0
9.012651797530106 9.008961297111052 0 0
10.19263212877395 10.1407476809421 0 0
11.72027542856631 11.64715304023265 0 0
13.37006334117114 13.35407611946847 0 0
14.24073434908902 14.23780445392459 0 0
15.6119105180877 15.59093295647878 0 0
19.87258370908207 19.87130556728125 0 0
23.05604447035578 23.05103876947216 0 0
23.25595171121239 23.20771115765237 0 0
24.56754931644249 24.5658021726837 0 0
26.69508514538504 26.6612024282702 0 0
28.70905632896793 28.66698650226974 0 0
30.0751883287104 30.03682155864652 0 0
30.95869120142204 30.95595064235747 0 0
33.73441538389817 33.72204233096585 0 0
34.25714172062978 34.25203771455359 0 0
35.92672388185093 35.89561438438488 0 0
36.35950956082392 36.31638319309157 0 0
38.65661513646316 38.60833790613501 0 0
4
2.972337755867856 2.95844787708657 0 0
10.41525994917645 10.35730515419746 0 0
11.04620563917438 11.02886110767626 0 0
11.29998864390121 11.28894194979426 0 0
15
0.2458155648222647 0.2190839639928868 0 0
3.76031274994223 3.511152884724967 0 0
3.961067281169167 3.938339133194504 0 0
5.282510423774612 5.280926713665112 0 0
7.65083647248442 7.612746603581449 0 0
12.28069572077273 12.21041864924891 0 0
15.264606797124 15.24843664725964 0 0
15.83818111095983 15.80815160961534 0 0
20.86868571912154 20.8603240530704 0 0
23.48472741272233 23.47113736051387 0 0
25.57020266703661 25.56982734324431 0 0
26.45870600313727 26.37864240414658 0 0
27.55041919559932 27.54361966682598 0 0
28.80875080280844 28.80493830168159 0 0
30.78134027839757 30.7685379977303 0 0
1
38.55358815160459 38.42015093804712 0 0
4
2.206032369367656 2.187471998722495 0 0
11.62624580178902 11.56585569986584 0 0
19.56907876146744 19.38470131332005 0 0
30.36163599090109 30.24607318530631 0 0
28
0.1251430076900846 0.2950591858549814 0 0
5.828304557722519 6.080817958896985 0 0
6.985302106220351 7.162743893981455 0 0
7.924437548030273 7.97706375871102 0 0
8.323630390469059 8.716774449922539 0 0
9.852976437814599 10.17339244551217 0 0
12.55388846037519 12.70960608572753 0 0
12.98569345644061 13.05465259165077 0 0
13.53568410547237 13.54695061552552 0 0
13.58485295946237 13.75237369100806 0 0
16.15586498284791 16.19386628945161 0 0
20.02713449329296 20.08703530113866 0 0
21.22325547835837 21.32444004527576 0 0
22.05218437133418 22.11101090106577 0 0
22.90308403626768 23.067759206752 0 0
23.58837067448321 23.67699001116224 0 0
25.26307728321793 25.47761299156121 0 0
29.27110235351074 29.3179707031952 0 0
29.81511066251792 30.12014259019548 0 0
30.15948887009613 30.15971740019474 0 0
30.18204156977417 30.21856225273619 0 0
33.28777448383919 33.3552746557648 0 0
33.9795041882956 33.99341314275021 0 0
33.99769759089298 34.44655568394166 0 0
34.8505488172155 35.17807725369398 0 0
35.58790851464721 35.63117632364271 0 0
37.94456421537213 37.97154972240831 0 0
38.02399405491524 38.10260081854918 0 0
4
5.19608141146122 5.164366581938555 0 0
12.11620679848529 11.9478233046972 0 0
18.14288383538778 18.02710113826528 0 0
34.4471851054723 34.28157016757109 0 0
25
0.4720378340159996 0.874100782014736 0 0
2.981183265451395 3.006743090152213 0 0
6.02311964139129 6.083829562004191 0 0
6.491631392521725 6.633698633493671 0 0
7.291263220256154 7.382317792134233 0 0
7.38791221701212 7.430911928827982 0 0
10.22553033362275 10.84166154507607 0 0
11.63314774299154 11.73387756294067 0 0
13.30376407067791 13.37224395915686 0 0
17.20364223203174 17.34005436699567 0 0
18.54144097246014 18.99369056361337 0 0
19.00670578990645 19.14827739802341 0 0
19.23209459934115 19.44316797641645 0 0
19.4779745306986 19.8810167032378 0 0
23.44816783622139 23.5260569206011 0 0
23.81619884392957 23.8891562707319 0 0
26.14555389941973 26.51733469534952 0 0
26.63667633203937 26.7569901288324 0 0
26.7697776751795 27.11392695529934 0 0
28.96679765471298 29.08026403444572 0 0
30.95628494696137 30.96407116807231 0 0
31.8908524659181 32.16748697636849 0 0
32.19461034524309 32.38647083018903 0 0
34.55379720871796 34.80064138694533 0 0
34.99206375788751 35.03689374448426 0 0
