# Status file for ctqmc. Used to save all times t_s, t_e.
10
4
12.62347039610287 12.60494936588105 0 0
12.82336264098646 12.77679823845248 0 0
14.68897326274339 14.57288403855492 0 0
32.42546981472704 32.39128473197636 0 0
5
1.565579350825168 1.530354330167697 0 0
3.63542980381478 3.460791358847562 0 0
20.71228514721057 20.70779012147354 0 0
23.55055962851155 23.51945456745211 0 0
36.39655796206381 36.34254952815252 0 0
19
0.07356871643038757 0.05131307997680778 0 0
0.3962080453481139 0.3611832929259089 0 0
0.6851773110785517 0.6843390231822886 0 0
4.277779021420713 4.205996510799166 0 0
5.945746112123325 5.89841445797977 0 0
6.677237662246558 6.669001605504615 0 0
7.759713789505916 7.755962418040932 0 0
9.212497709509522 9.175958801873382 0 0
9.932969871718576 9.856168240276888 0 0
10.23456759667342 10.20710794482375 0 0
17.7841567465244 17.78058994024836 0 0
18.07593242354767 18.07230373845073 0 0
21.59555354156025 21.55489819341893 0 0
23.2627510980118 23.25938037631999 0 0
29.82737049293307 29.76663202051667 0 0
32.23169228243799 32.21177353023599 0 0
34.3990384900774 34.37317230582021 0 0
34.60805465534676 34.53627283955073 0 0
35.73564841759455 35.72019224722555 0 0
3
23.97384885971977 23.75601067524619 0 0
31.28346526197374 31.2365301269761 0 0
38.21446308600446 38.19438987987728 0 0
24
0.2716698690706519 0.2652666069001128 0 0
0.866226605607062 0.8198385943030664 0 0
3.046043808403507 2.92862291182768 0 0
3.868263952378183 3.864467028101645 0 0
6.097162683014328 6.046858290519508 0 0
6.198940264156849 6.159572652006106 0 0
11.693193556822 11.66836092749251 0 0
14.29080622951463 14.25438656038311 0 0
18.13353247757814 17.95548440724366 0 0
18.95561995777508 18.95535136913948 0 0
18.97262000958859 18.96621136844684 0 0
20.15629735076957 20.13841155447282 0 0
20.96730261367665 20.91356760438078 0 0
21.78139950520918 21.76020972186179 0 0
22.72782566235662 22.72721001352914 0 0
24.03994619851485 24.01857688461421 0 0
25.1796951235826 25.12395246716395 0 0
25.70050412910716 25.45632074550961 0 0
26.20237790945108 26.1371893051191 0 0
27.00256929384173 26.75539962327159 0 0
34.21116584441658 33.77300424305995 0 0
37.70545637176662 37.69996210459093 0 0
37.89967764089082 37.88439621238465 0 0
38.20816797102006 37.90661693391244 0 0
2
18.72798508626246 18.72507786894657 0 0
38.26665342065179 38.25978631639712 0 0
3
13.90363309435318 13.86715548104285 0 0
24.11275599366096 24.07351771077739 0 0
36.41106774741524 36.3098630668504 0 0
26
1.504491883891252 1.58131567189944 0 0
3.746055902357878 3.74629996892898 0 0
5.273982375382921 5.405146656785771 0 0
5.61495042699501 5.763603309822119 0 0
5.787802594781706 6.116387600857493 0 0
6.270990735323815 6.603181518424406 0 0
9.390842310242295 9.485133895257688 0 0
9.547041068032271 9.649432120096179 0 0
9.688203828517631 9.879128248988355 0 0
10.39468341597942 10.89851130286216 0 0
12.41259900471997 12.50906246590001 0 0
14.85012145392336 14.85142229811964 0 0
15.01283348646156 15.56863486078712 0 0
15.93996431035059 15.94231664666502 0 0
16.38479744604547 16.38844069736087 0 0
20.08673982692796 20.16796878610564 0 0
21.59408360435228 21.91068366720648 0 0
23.14078176259618 23.15029581487964 0 0
24.57858009752878 24.58064291062693 0 0
26.75169812127204 26.77557961695848 0 0
29.93279450068289 30.12735412926824 0 0
31.99956214321898 32.00982328593786 0 0
33.69389897083501 33.81596861973613 0 0
33.92538917156235 34.02084672843255 0 0
37.33346357550391 37.44196916383522 0 0
38.13185958118608 38.23070096906015 0 0
3
0.1961475991921731 0.1895874180262567 0 0
19.36366303627598 19.35511445591784 0 0
36.88335768787651 36.84170166711077 0 0
21
2.703886227715424 2.762710617233488 0 0
5.37861765204292 5.442675857573015 0 0
5.92140018540899 6.026005690765206 0 0
9.451285074348478 9.553598678205519 0 0
10.5476063903959 10.71752628420319 0 0
12.14030462881036 12.32793309013652 0 0
12.3915836462537 12.45052737201796 0 0
17.18293343422684 17.22718089577329 0 0
17.98336891112282 18.21203676399108 0 0
20.54041850613298 21.15362477368186 0 0
21.32567248320742 21.53357414629191 0 0
23.76666049194999 23.79048800619501 0 0
24.92146695476231 24.99235967443181 0 0
26.74640283931159 26.79954127013785 0 0
26.85569411895094 26.8695753922391 0 0
29.31998579989513 29.4826262443158 0 0
30.84203104791611 30.92357784926605 0 0
33.67516005243623 33.67910388427246 0 0
35.51823449776029 35.5436881504774 0 0
36.96049393506411 37.23419164798913 0 0
37.42839365308539 37.75421123224149 0 0
