# Status file for ctqmc. Used to save all times t_s, t_e.
10
1
7.705027313167529 7.668270884007741 0 0
2
16.60101987555876 16.5694499837784 0 0
35.61271710777752 35.3737353157352 0 0
24
2.475677601086276 2.358414290244387 0 0
3.000393527449601 2.912659904435469 0 0
5.155311266265515 5.1488563163149 0 0
7.242053921957147 7.231744069942849 0 0
8.336684936759056 8.254420344991187 0 0
10.69293804799843 10.68311274456263 0 0
13.70690245654514 13.66075398561921 0 0
14.78899454267259 14.76790049428312 0 0
15.56493793282095 15.48658595059125 0 0
19.78276091343396 19.76142398909195 0 0
20.08606963679842 20.06661187542122 0 0
20.71483981300289 20.68961616626849 0 0
20.78522605678045 20.74873664741673 0 0
23.66530574895461 23.6641243175862 0 0
24.049405605958 23.95228247608372 0 0
24.5065172189559 24.48646575956614 0 0
25.65159597287497 25.52529231171616 0 0
26.13254545491279 26.13128627650245 0 0
31.65879596703737 31.64682604866044 0 0
32.30852073419127 32.30233831597262 0 0
36.6589382830074 36.65861581624323 0 0
37.22429735585562 37.19210776822904 0 0
37.97429725938955 37.9638453029858 0 0
38.08902138447353 38.07745126658965 0 0
2
5.7544019990723 5.563155105648796 0 0
14.91916121897621 14.81752529244418 0 0
28
2.595882875601317 2.506266231307954 0 0
4.234364818614273 4.205098811565019 0 0
4.615961702980059 4.564356840299419 0 0
5.407382939124266 5.403552134416636 0 0
8.020455727321416 7.942874055200114 0 0
8.941687530571489 8.924183406739349 0 0
9.115132099861379 9.10701105489453 0 0
9.807401449348731 9.790646185398526 0 0
10.40522643108341 10.20187720931954 0 0
11.77964840587023 11.76588423712462 0 0
13.25982269321801 13.24730926218874 0 0
13.69156757817363 13.67582188515317 0 0
13.77284808876848 13.76023631863454 0 0
13.93344365541785 13.91263236446395 0 0
14.39972021139926 14.3752960641691 0 0
18.74675820735318 18.71744728698528 0 0
18.76119101445119 18.75717003303688 0 0
21.20332822147812 21.19356066429364 0 0
21.9542071571824 21.94143923296699 0 0
25.35319371365085 25.26548657018989 0 0
31.17201129116776 30.93567088658403 0 0
31.42892618741433 31.41899761890998 0 0
32.72288577830845 32.72106455834059 0 0
32.90507249668214 32.8586462451066 0 0
33.478983468278 33.44970063784231 0 0
35.82486340391647 35.78781040264015 0 0
37.12969093898717 37.11666586775081 0 0
38.59882546954223 38.58503111372178 0 0
2
2.383809056740972 2.292122889563387 0 0
30.42782614841508 30.39492752856469 0 0
2
10.60546615399468 10.50303875174984 0 0
12.60649579875939 12.48575796547048 0 0
24
2.625527368404405 2.738849998515475 0 0
2.901271010087127 3.039959989049791 0 0
6.358363770701127 6.431723437518559 0 0
6.520686878574034 6.576837209797432 0 0
7.484201042885422 7.523370399934811 0 0
7.958946997289275 8.096503393297697 0 0
10.5052864477008 10.69099447894416 0 0
13.60151167462412 13.69966072984483 0 0
13.80429662127325 14.19419885186468 0 0
14.2486742157154 14.32151757734193 0 0
14.37539517715928 14.85750853399314 0 0
16.95374189345448 17.10975965744408 0 0
17.82013304164077 17.95965976323407 0 0
18.86774188106426 18.87658643628323 0 0
20.67308747423163 20.93836885545091 0 0
23.75892464508053 23.7848341332652 0 0
28.27987426777314 28.33893331847669 0 0
29.16826232474684 29.21740956311172 0 0
30.84641139876508 30.87396001577263 0 0
31.81387235304087 31.90209704223258 0 0
32.73579212924417 32.7658911823562 0 0
33.72649998689472 33.79771833294595 0 0
33.8160083766399 33.81965987865188 0 0
38.31994248296267 38.34848131334247 0 0
2
6.199871200861374 6.136208716389234 0 0
25.01682131738879 24.99346377704231 0 0
24
4.196546232697223 4.490484810657485 0 0
7.33615671860886 7.351317086985048 0 0
7.37074076218995 7.60571476727567 0 0
9.365156646526557 9.41538457483621 0 0
13.92795635208446 13.99592341072919 0 0
15.54020546404896 15.72960020578885 0 0
16.51556708677601 16.54067233347628 0 0
20.0124911794897 20.14936410194516 0 0
21.50920026720937 21.58179874677799 0 0
21.7328044895083 21.74925560984517 0 0
23.08314534709621 23.09200271314546 0 0
24.41227867312607 24.45839748450376 0 0
25.47968081987449 25.8412840647215 0 0
27.82658792392885 27.96769447936536 0 0
28.10183149018649 28.29753116497984 0 0
30.01216011444501 30.0132289784935 0 0
31.84886164635084 31.85293408790464 0 0
32.0980546361538 32.25622132905577 0 0
32.94141811466692 32.96934405243217 0 0
33.77469016600139 33.93809645819775 0 0
34.9343789090542 34.94717357100387 0 0
35.1726561327789 35.17747675353869 0 0
35.58384175232347 35.61073558629032 0 0
36.43827917232484 36.44577895501297 0 0
