# Status file for ctqmc. Used to save all times t_s, t_e.
10
2
34.50233331189033 34.34715291768399 0 0
38.65273426732011 38.62017793680077 0 0
3
13.04266524908307 12.91286254504902 0 0
34.07876407147334 34.05046063906076 0 0
37.13585800969312 37.0101429666624 0 0
18
5.203246477820668 5.184668571062131 0 0
5.927073920766431 5.910172075545011 0 0
6.052033860407169 6.019100194228734 0 0
8.040551250883837 8.024799226753418 0 0
9.239086583430016 9.236099279226277 0 0
9.692286943741644 9.662461476566101 0 0
15.51014123998782 15.29628244777295 0 0
16.12149435865192 16.03391708089464 0 0
16.63779875329092 16.63289669299842 0 0
17.65138747102695 17.62896245123443 0 0
21.60673441886892 21.52746242568267 0 0
23.34186685791266 23.31575417325044 0 0
24.92998603637048 24.89334956834923 0 0
29.72053175487001 29.67274665259974 0 0
34.88506636691222 34.62264309979417 0 0
35.07886651956885 34.91648304730282 0 0
35.92506991099718 35.8994217826757 0 0
37.62429939350517 37.61318086628783 0 0
4
4.462676938581051 4.400885528427612 0 0
10.10706643300154 10.01474933366144 0 0
11.39065289484089 11.25058404509802 0 0
20.62791700274837 20.53425752680697 0 0
26
1.540626882967025 1.387061311505363 0 0
3.505969654652947 3.505783888446361 0 0
5.6856039948504 5.612587012997795 0 0
7.308999173193667 7.299184947655064 0 0
7.337222420738864 7.317345015901317 0 0
7.441643000252592 7.418457490531337 0 0
7.897603449500773 7.881972109089178 0 0
13.44041111399934 13.42806555577616 0 0
14.34655102826277 14.28527731000183 0 0
16.26260698562703 16.22426210848292 0 0
16.45879396457207 16.4426440261065 0 0
17.2936161390099 17.25094516194083 0 0
17.94801922647718 17.93061723686786 0 0
18.64067343388673 18.23939230835871 0 0
20.7764484386383 20.76021382720212 0 0
21.85642412892779 21.83816652991914 0 0
22.3254059622442 22.30991153116437 0 0
23.85573573105484 23.78196553405575 0 0
31.3119183747638 31.23114639603178 0 0
31.52044336962187 31.50892286317987 0 0
32.01164933879998 32.00179493143826 0 0
33.72496745744203 33.72461484571393 0 0
36.98948347624084 36.96557195969737 0 0
37.40195197946876 37.15464602810279 0 0
37.49737959391484 37.47405505345294 0 0
37.81875697547034 37.77611339679838 0 0
3
1.994706951727597 1.797257818653073 0 0
25.36269462569183 25.24464424705084 0 0
27.6087997477798 27.57559946514995 0 0
4
1.556135688102953 1.498110161752189 0 0
8.711553257416593 8.696833496990278 0 0
14.25276264966273 14.21139337342779 0 0
28.22066509219543 28.16339830540638 0 0
36
1.197512147879449 1.219189103252985 0 0
1.2398596186567 1.243918079533645 0 0
1.445807958937316 1.469488126842141 0 0
3.863850379303681 3.971359530734247 0 0
3.996092241732203 4.030759393352639 0 0
4.370578340405534 4.548679171036858 0 0
5.046506589949709 5.126751033860672 0 0
6.505402563610549 6.616545273064227 0 0
7.54815856378589 7.628589784544571 0 0
10.3165967426011 10.5168880721361 0 0
10.6186468779979 10.69243888146645 0 0
11.55972358451993 11.86145688458396 0 0
12.00385185216514 12.19869662570117 0 0
13.02380336377656 13.13801384707983 0 0
14.70226024982182 14.71697385111472 0 0
15.21800359769523 15.63420266131731 0 0
18.42140234020585 18.45597063152647 0 0
19.44084826543115 19.54823985226064 0 0
19.57579016884628 19.58321229801989 0 0
22.15680915688867 22.16402079195854 0 0
22.52556926103225 22.56142138478358 0 0
23.34772820701781 23.58597335003233 0 0
23.58679510931869 23.61229994079763 0 0
24.00884063553162 24.02955536327653 0 0
24.04239590033192 24.07416217840291 0 0
26.44140074633674 26.48440180396655 0 0
27.78211062530191 27.80572358396453 0 0
28.44720530805285 28.58547605550741 0 0
28.97963329462453 29.06316184051257 0 0
29.10265184203849 29.10518963093854 0 0
33.84356478881133 33.89087613967229 0 0
34.3733787954634 34.51778501129873 0 0
34.64998296595155 34.80116772721253 0 0
34.87066762290814 35.65979039859989 0 0
36.21631688843469 36.44173194690912 0 0
37.43796822953248 37.91660765279103 0 0
3
17.38558468744954 17.37374221391865 0 0
31.13998481205254 31.130017019755 0 0
36.5891179588644 36.55053462038876 0 0
30
2.597122296888299 2.884967898856134 0 0
3.320715134569278 3.334276338584096 0 0
5.629011375829934 5.663326724417518 0 0
6.245938219458469 6.46180357632504 0 0
8.298776337647576 8.352210834935194 0 0
8.392642232503109 8.425416022886921 0 0
11.41509305074751 11.54436921297463 0 0
14.46805782044149 14.47010676957593 0 0
15.83878412831785 15.91954276532253 0 0
15.99122160381345 16.00406170721424 0 0
16.01145855084679 16.10513082581272 0 0
17.78727015564872 17.84592075175494 0 0
18.09357819910186 18.36894554897085 0 0
20.02202490046344 20.11755877083514 0 0
20.41293772715922 20.45441465970029 0 0
21.02531686531895 21.60859853823154 0 0
21.97386864939229 22.01226100146418 0 0
22.94504260320009 23.0533050965736 0 0
24.10664818968948 24.41917137362593 0 0
25.65495113104555 25.75532618148502 0 0
28.16317394556863 28.19813133315282 0 0
28.90021394665176 28.90761948226866 0 0
29.72435796679887 30.04105138514393 0 0
32.95848924804626 33.01893587105933 0 0
34.26869012278389 34.87747422872643 0 0
35.02695371505397 35.06426528623702 0 0
36.92263865892349 37.44371060644918 0 0
37.99925392522835 38.15646112028595 0 0
38.17897205748318 38.23116597221146 0 0
38.26519113575002 38.55360928447468 0 0
