# Status file for ctqmc. Used to save all times t_s, t_e.
10
1
9.230703740277354 9.206101765971775 0 0
3
0.1839190726721895 0.1793089457372665 0 0
8.423496323436078 8.336216522834665 0 0
38.17112044656223 38.16294757934492 0 0
32
2.79630457162709 2.741366408332119 0 0
3.41989473742099 3.384875208936663 0 0
5.027144434703433 5.026810746638594 0 0
5.161595223523304 5.121258736165231 0 0
5.660056642916151 5.657918659945568 0 0
5.915175247347267 5.88629195667451 0 0
6.382105946872821 6.196851135684178 0 0
6.434217048923072 6.393166917638495 0 0
6.824827798908346 6.820177332257082 0 0
7.454263522612331 7.363886414131225 0 0
8.419450095235863 8.406362954475464 0 0
9.042794547164904 9.039195540629786 0 0
12.13080581868578 12.11380594942725 0 0
12.46661783018091 12.43413848712571 0 0
12.91486158400889 12.91395965032137 0 0
13.1999517454858 13.18404536164869 0 0
13.5309779925812 13.31056321512991 0 0
16.46883698017709 16.43129247503158 0 0
16.52160110042248 16.50838324104365 0 0
17.14206257404874 17.10734447608119 0 0
18.28257365123154 18.27933760212338 0 0
18.30586152200216 18.30504947458543 0 0
18.5671719700107 18.55543355334612 0 0
19.15684533769162 19.15429308681771 0 0
25.227177070869 25.192234215837 0 0
25.30150171173299 25.2853846867916 0 0
28.6698943793077 28.66614764396988 0 0
30.66421697517639 30.42117072776901 0 0
31.05137177941814 31.05022901620635 0 0
33.37813214776855 33.33245911791929 0 0
38.16103113828523 38.15247818518306 0 0
38.28184468229956 38.25911174134345 0 0
4
10.46738080690438 10.28910411424195 0 0
18.94432933334067 18.88331813742207 0 0
19.10015929044997 19.02594808352208 0 0
25.78593196261232 25.78237008696174 0 0
19
1.170449829300034 1.163306509866757 0 0
5.271272957580313 5.263642730980049 0 0
7.29005049835566 7.235888498520263 0 0
11.7461462183118 11.71716056951099 0 0
11.94421367938782 11.90403658248504 0 0
13.0733379407801 12.95415388233847 0 0
17.49648436327445 17.40360825116398 0 0
19.85064872899878 19.80871889053219 0 0
21.07084280866501 21.04250759263199 0 0
23.26015788373679 23.23607991263193 0 0
23.42968136468011 23.39637485040038 0 0
26.51884959651005 26.49856204203924 0 0
28.093217550475 28.04117148797874 0 0
28.76895520307869 28.73753056056271 0 0
30.83938758583598 30.82254882009802 0 0
31.05497221648147 31.0410281271811 0 0
35.28175544967424 35.26804047014613 0 0
36.83565250006183 36.79888884519098 0 0
38.1120259367617 38.10123303538364 0 0
2
24.92835285476342 24.92295647638867 0 0
35.42958029182654 35.33779751748329 0 0
4
1.345458712079868 1.215860135944389 0 0
2.272195030140935 2.220794506622162 0 0
7.978135349877726 7.971595324600234 0 0
14.16654487874685 14.129315525316 0 0
27
0.3378807176334391 0.380819632122865 0 0
0.4867069858993713 0.5921361230991695 0 0
1.200393031079244 1.446629936632038 0 0
1.459371305974849 1.710518759578342 0 0
1.739643508935897 1.767595745513012 0 0
3.433918723052722 3.445697378616641 0 0
3.534409227155638 3.785992540691031 0 0
7.770476358782652 7.799577030288166 0 0
7.939616695891472 8.078468487867374 0 0
8.321001787139584 8.514376588102994 0 0
9.341727647610602 9.55180206927669 0 0
10.84946320580492 10.87296614558033 0 0
15.14687915471333 15.16938893491298 0 0
15.25865498409765 15.37934919230366 0 0
18.96367683543133 19.0719960920317 0 0
19.13258201408453 19.2640986082009 0 0
19.32281917501973 19.52903893583464 0 0
19.57516827239637 19.59543754558806 0 0
22.96739094411192 23.0371806254116 0 0
24.11937487256207 24.20912819649438 0 0
28.84676511556746 29.08751049563481 0 0
30.37214607928212 30.37398843744455 0 0
31.12403974087276 31.39963957185886 0 0
32.83030530661785 32.85209521107888 0 0
34.25931214556558 34.34754155963915 0 0
35.63260094955852 35.76778681311986 0 0
36.52564963603739 36.68745108695801 0 0
2
4.61595038197153 4.566797579931588 0 0
34.38339433808784 34.37531327030734 0 0
17
3.709993252594898 3.763347720736508 0 0
5.036198771569525 5.096021201434395 0 0
7.612470446849053 7.661229805434139 0 0
8.131139356585667 8.151222525527606 0 0
11.55593561778983 11.57751850267067 0 0
11.83953204854726 11.84243241343836 0 0
15.48325695932728 15.50178299942042 0 0
19.68863933469512 19.86552139380578 0 0
23.20988144541791 23.27264483330857 0 0
24.19884995100101 24.60469048379536 0 0
27.38726037058702 27.50670098022935 0 0
29.6146405905665 29.66908279035248 0 0
30.15790155579781 30.21869191546308 0 0
31.17328762381359 31.20679902949319 0 0
36.65738592461638 36.69346528560817 0 0
37.6662336277144 37.8120547868493 0 0
37.86041436887607 38.00525442734067 0 0
