# Status file for ctqmc. Used to save all times t_s, t_e.
10
5
0.3363949359572942 0.2505064436322897 0 0
1.746777668517595 1.699454090077964 0 0
7.76619463771098 7.719730633586492 0 0
24.6042890120046 24.5924146377667 0 0
28.16563897348356 28.1357202381873 0 0
3
8.519091162373213 8.51397779504174 0 0
17.68213350900989 17.63497037227104 0 0
24.18976670123715 24.17480106291512 0 0
19
1.900588945478923 1.838328267677995 0 0
2.82751628679633 2.820206233831992 0 0
3.010950607266629 2.948223120397514 0 0
3.528374418874729 3.520567769337227 0 0
6.218879251790583 6.17296614351587 0 0
6.806949328989637 6.798895750544766 0 0
8.199766753850597 7.932752498395071 0 0
10.94424809582774 10.81264055951622 0 0
13.43669660872691 13.42264881981649 0 0
13.48417257159129 13.46796526335521 0 0
15.24943511776686 15.24895370967701 0 0
17.05203960843387 17.01653784675828 0 0
17.2641166565147 17.26163025555178 0 0
20.86384316199354 20.86018629979092 0 0
22.03494188558196 22.00866784838744 0 0
22.52056626433392 22.51931976416512 0 0
26.59892698529857 26.56737092277598 0 0
34.94105122395978 34.92495683881744 0 0
38.02844381229166 38.01794501504343 0 0
5
26.74844130563289 26.7307064043795 0 0
27.60039169614984 27.44961708457664 0 0
32.08485995035074 32.04871954124641 0 0
32.52750336028508 32.47187841842353 0 0
37.38131194223198 37.3323333798659 0 0
16
3.120196401969137 3.111991328373567 0 0
3.438916831723967 3.429586562336005 0 0
8.396926719578206 8.391751235148121 0 0
10.95678440049507 10.95178119405352 0 0
12.5547604857638 12.52359128290322 0 0
16.90254199765847 16.89233758061085 0 0
17.20518423603573 17.20052491760348 0 0
18.84728703243636 18.82395577485381 0 0
23.93335990003166 23.80017948182227 0 0
24.59973270702385 24.56242141269018 0 0
25.95475537744987 25.93597156346885 0 0
28.00016440519882 27.98033884801636 0 0
30.49286343216833 30.48199512678954 0 0
33.7228912505135 33.69169569765939 0 0
34.24040133329214 34.23556350962706 0 0
35.5679297198223 35.54961997694308 0 0
1
11.27879088119754 11.07877913193795 0 0
4
0.8103460001745919 0.687439082253853 0 0
7.953486569155731 7.892841174012765 0 0
13.39373094883599 13.22413729385647 0 0
25.01590240032266 24.98676669563349 0 0
28
1.652257343325642 0.1749514502983303 0 0
1.774156945210802 1.711425755038229 0 0
2.512498817295402 1.93235713230805 0 0
2.750213885693948 2.630750063559968 0 0
6.036812764943237 2.876979625928087 0 0
7.01054732700362 6.226974196397142 0 0
8.846666314744644 7.706612125190158 0 0
9.874593563458335 8.914650641738401 0 0
11.17700896681848 10.01026333056815 0 0
11.56147645371781 11.54770466019508 0 0
12.92235733827482 11.66424738253092 0 0
16.71748206191666 13.39088031728252 0 0
17.10654702288473 16.82188198414027 0 0
18.98198240700043 17.13866972036127 0 0
19.90531402195845 19.3457794048636 0 0
20.76138809458025 20.11289845690699 0 0
22.58428916772718 20.82872627498361 0 0
23.14629049589415 22.66235983812179 0 0
24.22714855004947 23.21976621744146 0 0
28.05268427301481 24.25285097758377 0 0
28.98129444620882 28.06604923516488 0 0
29.62345363553569 29.05210814751219 0 0
29.91251001749898 29.8737498148689 0 0
30.05028190141491 29.95337198719588 0 0
30.72489086938106 30.0679987407498 0 0
34.91681324113983 31.09791932542976 0 0
37.5791714237432 34.91979537619457 0 0
38.66725114189899 37.70299573049243 0 0
3
17.88317449750812 17.87750482387185 0 0
32.79287102799948 32.64514476057909 0 0
36.36127256064616 35.8889957051714 0 0
21
0.2562134815425097 0.3046294314993077 0 0
2.565134268115784 2.60485809890504 0 0
3.720467055697839 3.908792327840142 0 0
4.184387239491523 4.359959096094615 0 0
4.45915038085902 4.527474627536594 0 0
7.971150476290914 8.292140942117406 0 0
10.12696211439044 10.25171508214068 0 0
10.94910163401864 11.26001248871836 0 0
12.21009337776177 12.3236389977915 0 0
12.60313675084473 12.72034168336889 0 0
13.7037476586198 13.92674141851712 0 0
17.55502936806691 17.7072213370977 0 0
21.20017693971704 21.29262023413998 0 0
22.14593415479188 22.25990201411848 0 0
24.35337244624411 24.39355058584689 0 0
25.42558054888258 25.60525041480638 0 0
28.81993536731153 28.84818463943516 0 0
29.07861440987782 29.22011448990494 0 0
32.74140036756189 32.81936794742135 0 0
35.82951246823794 36.07753968997638 0 0
36.08231547193974 36.42444072203507 0 0
