# Status file for ctqmc. Used to save all times t_s, t_e.
10
2
30.3070899029664 30.30461461775548 0 0
32.59941654257103 32.59766057567482 0 0
4
3.116630067348673 3.042788508345787 0 0
4.437550487195993 4.260432982702522 0 0
7.533565520275163 7.27893913598621 0 0
10.3632202805595 10.20093163621661 0 0
19
0.6687211401047801 0.6179374234678292 0 0
3.044484034776971 2.869183366037202 0 0
3.4607292737642 3.450787077600883 0 0
4.914346938897205 4.87521095062128 0 0
5.395633815023749 5.392029600141512 0 0
5.57174316474074 5.505003235609835 0 0
7.090496802683868 7.090354162007474 0 0
8.435389727243777 8.394938676881326 0 0
16.52686071309597 16.41433541035567 0 0
16.75497065052586 16.72746482394955 0 0
17.39665640886793 17.38732105947628 0 0
18.87097174650589 18.8398260507184 0 0
21.33271794050192 21.30717714308018 0 0
22.14822870378095 22.13620793247178 0 0
22.46996145870128 22.46147932014336 0 0
25.99656122636894 25.995929554144 0 0
33.17928340667086 33.12514746707681 0 0
34.36625614905739 34.23430919728127 0 0
35.76270558844451 35.73910528772427 0 0
2
19.50962938374682 19.43948893406828 0 0
25.6987060281634 25.5576053606978 0 0
22
0.02012774791270289 1.636333442869149 0 0
1.642125248786239 3.326630255088145 0 0
3.408996186424949 3.774223684598383 0 0
3.788185869341759 3.96336826373497 0 0
3.967100297595726 6.362030253900455 0 0
6.398186848909722 6.874125970014342 0 0
6.884188339904911 9.791347272216871 0 0
10.09279153516112 10.56032642989924 0 0
10.58530462938605 11.71490601844785 0 0
11.72962760753575 12.9548788566417 0 0
12.97318618591864 16.89810570585833 0 0
16.93194524545751 18.55642961753945 0 0
18.56587682303006 22.80384219852138 0 0
22.89659873810537 23.47656400642302 0 0
23.52479298938998 29.00369278250582 0 0
29.0242655924329 30.42566212497796 0 0
30.44989463797421 32.23155690782178 0 0
32.23707961727234 33.8308325832601 0 0
33.83885932402536 34.99240249558252 0 0
35.25060473507784 35.39124788048193 0 0
35.39698292838606 37.12569115408947 0 0
37.16269649719092 38.67284870811753 0 0
2
17.77567202747111 17.44172097213029 0 0
20.72425295296112 20.70987460728067 0 0
3
15.16770711580705 15.13428706573359 0 0
23.23708460872785 23.21018261015936 0 0
23.40159515709758 23.23812557290109 0 0
24
0.2882738093544788 0.4514532717686098 0 0
0.4779553738986702 0.6301888716724885 0 0
2.60441179605362 2.689950969066433 0 0
2.887738525649345 3.1382816307521 0 0
3.610291233926473 3.844721628734029 0 0
4.425559872697379 4.467784969137002 0 0
4.673209124617044 4.694424597165474 0 0
9.946028201005769 10.02783651257262 0 0
12.94267136867887 13.18450764372679 0 0
13.64678066054558 13.6735094167326 0 0
14.9715482421318 14.99022588317283 0 0
18.3603724102093 18.36464647109613 0 0
18.66899390275773 18.68392619807427 0 0
18.74827529746621 18.78074069680348 0 0
18.83198732577997 18.99122010633075 0 0
21.74434503447386 21.78466921125402 0 0
21.96554700473064 22.04640449146839 0 0
22.40123973932625 22.837690275424 0 0
25.47270367219329 25.75578316007134 0 0
25.91251390195373 25.98935268195005 0 0
32.61263366837564 32.99871620667812 0 0
33.40445476443023 33.43092940683613 0 0
33.60074088042436 33.69444872916757 0 0
33.70196357328049 33.76625795538298 0 0
2
14.04802656796849 14.01248967404147 0 0
22.51222022974041 22.49102162489128 0 0
21
0.7258950888354334 0.02734429920246129 0 0
1.815004172149984 0.7589095906297345 0 0
3.780992838372976 2.024162290325709 0 0
6.904236381649974 3.883322450601845 0 0
11.93159559351841 7.015106694949656 0 0
13.49287857045822 12.06413831671881 0 0
13.53043799425268 13.52150863773112 0 0
16.88685614221611 13.53675063100489 0 0
17.96572132264207 16.9413397055531 0 0
18.25442535735321 18.20624504019027 0 0
24.20191458665973 18.44870320485957 0 0
24.96581426316396 24.20596764273552 0 0
27.14615229289371 24.9720484438605 0 0
27.92294187315609 27.28056791061824 0 0
28.60720188413681 27.98539305334053 0 0
30.26671056004335 28.62848294330252 0 0
33.41372301500063 30.51076198481027 0 0
33.95188256837309 33.61696331340607 0 0
34.69941743553249 33.9745366624103 0 0
36.07451856428651 34.80441002210242 0 0
38.55620833976781 36.29015038863622 0 0
