# Status file for ctqmc. Used to save all times t_s, t_e.
10
3
15.69940839328481 15.61383209134841 0 0
19.29800420743857 19.19684131597255 0 0
21.64377383171496 21.4748748258565 0 0
5
0.3046067360101006 0.2535992262499747 0 0
13.98804632960562 13.96591679110689 0 0
19.11777389152497 18.97487325693038 0 0
24.33126783644556 24.30986609083644 0 0
27.06059598966816 27.01531505200678 0 0
17
0.453204022507677 0.4519369143678794 0 0
2.057079507370591 2.011005195075628 0 0
4.874460570488418 4.838308487595205 0 0
7.351069016148415 7.278565860813431 0 0
9.199281473193103 9.196211107732468 0 0
9.627656112541201 9.561927174923618 0 0
10.02343073572717 9.952647000167563 0 0
12.51448656618148 12.47620275332904 0 0
12.70050625192333 12.69140764913976 0 0
14.77357252539874 14.76389335691213 0 0
15.33972200062157 15.33764843655527 0 0
17.25981544526338 17.25096739095573 0 0
24.42399843719323 24.38851483070433 0 0
25.41291116951604 25.39971137439207 0 0
26.74310035539765 26.7388621448488 0 0
33.75743067242085 33.52899970357955 0 0
37.45775709196997 37.29471974860911 0 0
1
21.90204861573484 21.85904781779968 0 0
19
3.737989030880819 3.718757966074661 0 0
4.091496891140019 4.043828912535826 0 0
6.885549387597264 6.856363669252513 0 0
8.672944812681678 8.628489246163486 0 0
13.5772255827387 12.95639062426978 0 0
14.6255856593851 14.60918546942797 0 0
15.7946365308672 15.76735736564252 0 0
20.04948227176722 20.03096557702544 0 0
21.60259108154815 21.54241848540735 0 0
21.83144290523381 21.76067049759974 0 0
22.44479029297955 22.42736532433043 0 0
23.95357317223338 23.95138361615217 0 0
24.71244918021905 24.6813696073952 0 0
25.69545469903083 25.68593500841921 0 0
28.58219961293229 28.53112523527943 0 0
30.03881388691934 30.00942580671573 0 0
32.45076117566044 32.44330145564544 0 0
32.82313661095129 32.69531197864539 0 0
38.3878160116944 38.35497806317466 0 0
1
26.05095674752154 26.04760810227365 0 0
2
10.59749677499721 10.57180967617118 0 0
22.65392720948925 22.60562654828055 0 0
26
0.2241654152009929 0.3067247360549743 0 0
0.4756794121724752 0.5621605143447894 0 0
0.9100307415620204 1.000389039743295 0 0
2.194867945165252 2.208469559226325 0 0
2.767123051306946 2.932038134301755 0 0
2.945205662029356 2.984043141635582 0 0
4.193059050852063 4.307252642626048 0 0
5.499747103592335 5.531686336439706 0 0
6.699752049061257 6.775091142707728 0 0
7.974826885236823 8.019490119771756 0 0
8.409665253573374 8.535365029757028 0 0
9.965608632785214 10.03195266153327 0 0
15.26386058775961 15.27368192451981 0 0
16.04847286192096 16.07716240198387 0 0
17.98502227007603 18.13338373597497 0 0
18.28246867840931 18.60395225913495 0 0
19.35740646706331 19.65243217036732 0 0
20.48839379781389 20.62576916692138 0 0
22.68094522824542 22.7584550709138 0 0
23.03017842363424 23.05524925227547 0 0
23.08885749012669 23.13846780985234 0 0
26.50720138640413 26.51381263630358 0 0
27.76839077334305 27.84216361138431 0 0
33.49074634592974 33.55736772087444 0 0
37.53147416643658 37.87069319529402 0 0
37.99437232509069 38.28821421832919 0 0
4
11.87464742283126 11.83923115537202 0 0
23.05069025227621 23.04094635579111 0 0
31.1650768239197 31.10634726918193 0 0
33.86191621498848 33.83487300337197 0 0
23
3.131263482397392 3.135253416547569 0 0
4.80417143917705 5.040268022197116 0 0
7.112385711633297 7.119220680082625 0 0
7.85854058271897 7.980404087811347 0 0
9.280400931776322 9.305691098103146 0 0
10.23714273270829 10.3546488049398 0 0
12.33599647112662 12.49580523278178 0 0
17.0437137662141 17.32518621052624 0 0
18.87323020446656 18.91273846187678 0 0
22.55900262477941 22.75121873067965 0 0
22.83177010803287 22.97802372340114 0 0
23.7956582456059 23.94127570023495 0 0
24.16341473825592 24.50101396282064 0 0
24.91997299804439 24.92989111073059 0 0
25.75851152838035 25.84216258572525 0 0
28.00467692223076 28.01865324380173 0 0
28.05057504904892 28.44728332743743 0 0
28.58772350365018 28.58799853844021 0 0
33.31947890039328 33.36108608561426 0 0
33.75339942661684 33.80429044659233 0 0
34.45322629051003 34.63114569396485 0 0
36.61652171750991 36.67420909040163 0 0
38.12125961959254 38.3438312025228 0 0
