# Status file for ctqmc. Used to save all times t_s, t_e.
10
5
1.823946517709487 1.790871805671415 0 0
8.455055541080421 8.449992271389744 0 0
9.462792544478127 8.5458207667854 0 0
19.55026127235329 19.53066526817099 0 0
35.67651683633459 35.53658702106131 0 0
1
6.990055691366175 6.916836415496716 0 0
16
1.288453805370718 1.285630782776278 0 0
1.485101486752979 1.47622525491485 0 0
5.00107085920133 4.953068118749531 0 0
5.759649047642108 5.744069701577163 0 0
7.50021355059313 7.483894730296382 0 0
10.46026033476073 10.45991670499538 0 0
10.7107181413692 10.70490600822029 0 0
11.07896227086284 11.05643279412515 0 0
14.90674840066584 14.88887827390697 0 0
17.72211715671524 17.7086253346185 0 0
19.5598806720628 19.52637501284883 0 0
23.14736841537266 23.14330597506549 0 0
24.28784277117891 24.21086692838563 0 0
25.01735022012019 24.98536636010851 0 0
27.88231640817635 27.87344775286779 0 0
36.71548749906072 36.62337388928934 0 0
1
27.61604794394166 27.61465203922881 0 0
25
0.2911489078488993 0.2843343349499183 0 0
0.5939152126721905 0.337193645549585 0 0
1.770911180004508 1.669696317972502 0 0
2.422500891075678 2.372254175976304 0 0
4.536135663150207 4.535957076504904 0 0
5.247032305040801 5.241114929608718 0 0
6.105885124402596 5.329938861958753 0 0
10.18927431622697 10.16036918314762 0 0
19.91116041427513 19.90916993369715 0 0
20.60696154722107 20.59262227267114 0 0
20.9623592493368 20.95745339873366 0 0
20.99650670996496 20.98010342163535 0 0
21.77977874373604 21.7468175349699 0 0
21.96462801344543 21.95310218071538 0 0
22.65817494385805 22.59238327401424 0 0
23.68148223324401 23.53409670937181 0 0
25.99059436670512 25.976097373342 0 0
26.13854835149584 26.08596356366544 0 0
26.34231949287927 26.23093104565017 0 0
28.20746338015896 28.13305407534904 0 0
29.86744970865204 29.86332872212282 0 0
31.45984156615152 31.43269447313322 0 0
32.10654005311759 32.08734735159476 0 0
35.29839956931362 35.26531446786362 0 0
36.81267917310658 36.79607992224437 0 0
2
1.606571540623813 1.600664042144225 0 0
17.41866532345412 17.35393678451484 0 0
1
28.19255822869355 28.14469378529228 0 0
28
0.2164843839351178 0.5276460491562105 0 0
1.60051885101713 1.640269840574804 0 0
5.645457728249689 5.79832864357304 0 0
6.130732554061857 6.191048898359582 0 0
6.692099069521816 6.730748151537882 0 0
10.47828265522502 10.5537719538793 0 0
11.71960882961962 11.76476174117142 0 0
13.95747182936912 14.06539308145121 0 0
15.86012255536508 15.89291587065154 0 0
16.78300434421326 16.95054557949483 0 0
17.88353296993843 17.90730835959855 0 0
17.94947335234943 18.06900473327136 0 0
18.33001819744177 18.48999778838633 0 0
20.08060609114345 20.16554126113832 0 0
21.69914589888091 21.97541946127097 0 0
22.78883550983003 22.81654330026583 0 0
23.78735979305367 23.83712165830341 0 0
23.84526063837765 23.88285932078196 0 0
25.65572141241002 25.67523068153069 0 0
29.87996379520774 29.89627633211656 0 0
31.26785301145419 31.26952916186082 0 0
31.84842582795707 31.88327933761813 0 0
32.15799527365223 32.2656748401084 0 0
33.85352369587374 33.92147861652909 0 0
34.05692612388101 34.14708145581636 0 0
35.58635292792306 35.92906907727581 0 0
36.69970388530382 36.70398205932783 0 0
37.74737643270528 37.78647119445699 0 0
4
0.6460016761398535 0.5707404288733571 0 0
20.48002983719316 20.39803038473553 0 0
35.00619952600137 34.92721140056145 0 0
37.60109993633136 37.56881152003164 0 0
24
0.6013697103076563 0.007787724442707145 0 0
0.9767549022307033 0.6782264095499645 0 0
1.621847071192026 0.9960230127359011 0 0
2.424174896082137 1.752846888111862 0 0
3.863658463264264 2.438540149887575 0 0
6.871361355530855 3.868490445482772 0 0
6.99133209836115 6.876507205008918 0 0
9.012531693741785 6.996196243615765 0 0
9.065665720531502 9.034953781344335 0 0
10.89088234895034 9.51519037545456 0 0
13.18806752835723 11.00904200095331 0 0
14.49312286666175 13.25398347063001 0 0
20.28132614197139 14.52134639413714 0 0
24.95075638137818 20.45677887520443 0 0
25.39010852257737 25.17082537119764 0 0
26.5372675774288 25.48505139542284 0 0
27.14500975353328 26.65458171395548 0 0
30.03251060513077 27.29483486529524 0 0
30.8717272315187 30.2663370819513 0 0
32.28067423750046 30.93687683886086 0 0
32.73448236827704 32.42302263191769 0 0
33.45420506607172 32.94701563115088 0 0
35.0950852040853 33.47643508292877 0 0
38.67916973969189 35.21962813687952 0 0
