# Status file for ctqmc. Used to save all times t_s, t_e.
10
6
13.5033361868547 13.40518530740766 0 0
17.55024749623938 17.51739742089917 0 0
17.64319515974944 17.59665632172354 0 0
22.76856815644339 22.60605489079636 0 0
25.22030547437774 25.18729359788647 0 0
37.19526929561302 37.16697141263163 0 0
3
4.536808689644598 4.532810612804809 0 0
11.44431451194301 11.42462180462952 0 0
20.04979355638487 20.03575254575382 0 0
22
1.398793746214687 1.378631123376928 0 0
2.365686989325352 2.360250314937822 0 0
2.776526524174052 2.773507544575935 0 0
3.256647914242785 3.241120170022572 0 0
8.498037218970623 8.478816796882676 0 0
8.705074632600287 8.676444680330947 0 0
8.819181100974365 8.781012519054173 0 0
16.28801267948789 16.28275631373554 0 0
16.40150981808209 16.30077189513529 0 0
17.73852351308167 17.6590938436699 0 0
19.13375578405305 19.12314689290647 0 0
22.14152209245918 22.03448825321583 0 0
23.43069292277313 23.39289462028581 0 0
27.84903656406205 27.84295888748779 0 0
29.55981497101413 29.46593661024836 0 0
33.21028237493992 33.20742045589834 0 0
34.48228071424441 34.47916190575523 0 0
34.81289212835819 34.73467432080635 0 0
36.18503758061303 36.15251588811043 0 0
36.25420049350072 36.23029903373855 0 0
36.40474231638631 36.39364704136285 0 0
38.22623291688178 38.21438006178769 0 0
2
9.079513647256135 9.05846390894777 0 0
18.40746431269812 18.40290318353032 0 0
19
0.004701093861449124 5.31912523698462 0 0
5.346925687790118 7.124942096709896 0 0
7.138647795496854 11.82917028952847 0 0
11.8727664392099 15.99317355469532 0 0
16.0424911323487 17.25104832008759 0 0
17.26847531382491 19.80915607940291 0 0
19.83356921644735 20.90211214043656 0 0
20.94987462159675 22.59355444365888 0 0
22.61837197334245 26.61820713557435 0 0
26.84285405021573 27.56672124647017 0 0
27.61216644906749 31.87718612619349 0 0
31.88091333132969 32.06280392508344 0 0
32.08889605196882 34.05281619346651 0 0
34.06163959398143 35.63270760739202 0 0
35.63537940051553 35.85599203972526 0 0
35.94314890381753 36.71470909877034 0 0
36.72228467617329 36.72854820529899 0 0
36.73329623074316 37.6931315308211 0 0
37.69721221908168 38.66676978433816 0 0
2
7.784757192478589 7.783993658084243 0 0
22.54857670839286 22.53061798330442 0 0
4
4.957283212796284 4.905232995476098 0 0
5.455345746750069 5.421723661281987 0 0
6.378696704135706 6.315499763370127 0 0
33.54286367227957 33.50770943655689 0 0
27
0.8756145171900486 0.9441230321262806 0 0
1.2796796891405 1.316528702512062 0 0
3.28233931076471 3.561282840685567 0 0
3.944293563414015 3.995334835138071 0 0
4.36333228495176 4.390058896441107 0 0
4.404585358479979 4.44170119360159 0 0
4.681388273406839 5.036368507136868 0 0
5.09262936250632 5.10424585338735 0 0
8.819017154953661 8.873612202692229 0 0
9.507219526229351 9.564751626209507 0 0
11.68727352019155 11.69873998121082 0 0
13.21356381283049 13.23261829254542 0 0
15.12259244349727 15.20496738602578 0 0
15.2203689038826 15.25123018099977 0 0
16.34344649081621 16.41762853124631 0 0
22.94215696783669 23.55766197863241 0 0
24.13788490110986 24.16404840528722 0 0
27.77536405274884 27.90861315932019 0 0
28.39740568386133 28.53327975724619 0 0
28.98073364506794 29.09246154041785 0 0
29.3047511261452 29.49471270656762 0 0
29.53306124340859 29.55497647596018 0 0
30.76058084623428 30.83859853940763 0 0
34.31360528988677 34.41910195281508 0 0
34.98829146521578 35.06398700686374 0 0
36.83698334407724 36.89427192654433 0 0
36.92766393945583 37.03035307431789 0 0
7
1.323191262128013 1.245987906435658 0 0
10.00726624532648 9.961646359194797 0 0
12.24467570696181 12.19515362990374 0 0
17.11849726492146 17.11649802738635 0 0
19.80144443702919 19.75656253239814 0 0
27.3896466560906 27.2449810086849 0 0
31.13026725332146 31.10910147508444 0 0
29
0.3774294227605992 0.3794940749307898 0 0
1.299022406575206 2.084803737081824 0 0
2.959491475403479 3.185780126718064 0 0
4.166069143238064 4.45544408018969 0 0
4.601811022230984 4.678613020925703 0 0
5.819074818371588 5.821283425836446 0 0
6.460303591168191 6.503146132013778 0 0
7.662964109167964 7.716222959546073 0 0
8.570686766469212 8.76202412471824 0 0
9.912834238652762 10.10763135940618 0 0
10.22057995581934 10.27125774636536 0 0
11.69409119297341 11.71796932902145 0 0
12.11297569355795 12.20187717467577 0 0
13.9968867027275 14.08025891193249 0 0
14.6931252128139 14.75508358807344 0 0
17.75800506899691 17.92749806753343 0 0
20.52302522303384 20.56504657347515 0 0
22.64948892323141 23.01044245340403 0 0
24.41753109508601 24.53490521431697 0 0
24.79978417799783 24.97513249850391 0 0
26.28289831016109 26.29320797593818 0 0
28.97604129413022 29.0348658338928 0 0
29.7195853450768 29.77101574391482 0 0
30.09232212032958 30.46001138145084 0 0
31.39335174201541 31.43191976718135 0 0
31.43926015698499 31.50719378064119 0 0
32.57995437420796 32.65217460522991 0 0
33.58364049383844 33.65958806988716 0 0
36.68524134971477 36.88382364718414 0 0
