# Status file for ctqmc. Used to save all times t_s, t_e.
10
2
30.59987290314146 30.48280515814759 0 0
34.75340737826311 34.66773725640094 0 0
3
7.37232111478157 7.367242359366838 0 0
9.101270354688234 9.069719635187711 0 0
25.36510183716878 25.35549838388484 0 0
19
0.8544748438534719 0.8515752022153449 0 0
2.984243173797772 2.917517972758254 0 0
4.391737361450809 4.232652042682087 0 0
8.01630759739291 7.966205026943161 0 0
11.1508088208082 11.12481314773739 0 0
11.37233614275464 11.35244050836602 0 0
19.56660553186995 19.51464668110754 0 0
20.11413579518329 19.95566745163566 0 0
21.66514580826832 21.60517742302519 0 0
23.64260298523618 23.59904694433603 0 0
24.97574876572444 24.93478545223144 0 0
27.998981383425 27.97224983721682 0 0
30.33069383318412 30.18810186672893 0 0
30.35760829826895 30.34825765737989 0 0
31.38896074095599 31.35582746060187 0 0
32.50513993818051 32.40906656156007 0 0
33.81054872794698 33.79861432926645 0 0
34.24540464208986 34.24414112684832 0 0
35.90770051390399 35.89238711382206 0 0
7
6.968241096825167 6.852319748457234 0 0
7.403087191779399 7.308024648387208 0 0
7.643303497930432 7.622784079783152 0 0
9.509674140684396 9.448026521623456 0 0
11.45918382602715 11.45374570181506 0 0
17.46276796291217 17.44496543180088 0 0
23.67939977529285 23.61874166781151 0 0
23
0.1006800275506521 0.03257875745940453 0 0
4.156026976222704 4.144236572118703 0 0
4.901661896891328 4.889609741314899 0 0
9.744068953870777 9.717988044465551 0 0
10.64949983840234 10.62277085146287 0 0
11.4469289161732 11.4305196759769 0 0
11.87084192674003 11.86080721630614 0 0
14.62949817794222 14.43269837050795 0 0
20.50152521209797 20.49108895650905 0 0
20.61054876886666 20.57419102785734 0 0
20.85121441486772 20.83350727227927 0 0
21.44104446881967 21.3736256172781 0 0
22.37107948194643 22.36814187810692 0 0
25.28141484949088 25.23403833808458 0 0
26.94617560876809 26.94501453075858 0 0
27.68032449760473 27.63797811528765 0 0
30.45147290007924 30.4319227090767 0 0
31.87152343980558 31.86662932874157 0 0
32.4195165281317 32.38029812955502 0 0
34.09890443576392 34.06884682489764 0 0
34.41471723709967 34.29417476558542 0 0
37.12329350259206 37.11207302740174 0 0
38.28419796511994 38.24260135677874 0 0
7
3.864190522403799 3.804413725934367 0 0
4.050614187889259 3.999039912720913 0 0
8.059807811561001 8.025345050424214 0 0
10.44052595895786 10.40754858408022 0 0
14.49165270219311 14.47511058092065 0 0
22.99018904778384 22.98413196505304 0 0
33.73677940547759 33.69275432183187 0 0
6
3.64398105733 3.631529104136157 0 0
21.68768921718546 21.51734530973333 0 0
24.38876404858966 24.22611533118062 0 0
30.15474689098544 30.13219898402151 0 0
34.55001647636443 34.52742143293802 0 0
35.56418644573836 35.36511653582492 0 0
20
0.7656254162866065 0.9162177281784356 0 0
1.884996537415285 2.377252268990159 0 0
3.30105841066114 3.30909796216393 0 0
7.029027896386537 7.081297404384856 0 0
7.190958831081296 7.392705463999961 0 0
7.811431648634894 7.861993075113217 0 0
9.014116466863525 9.125743422409569 0 0
9.340588144109534 9.795272634937703 0 0
13.32698882273781 13.35572757114273 0 0
17.12717973561375 17.13873685817638 0 0
18.91031537380882 19.20628303672802 0 0
21.48968007277158 21.65386698805438 0 0
22.66352613077179 22.74001103940154 0 0
24.12407126223619 24.22285744406299 0 0
26.4210193541844 26.51453525214317 0 0
26.56927197604425 26.61647688405028 0 0
29.92577237739051 30.2973183561612 0 0
35.91254637408984 35.96976560516533 0 0
36.74417795202456 36.86410868889435 0 0
38.15100391533588 38.20843102738035 0 0
2
4.005289383817699 3.997756018901939 0 0
9.289874864454713 9.286622363288272 0 0
20
4.59217405776622 4.731505951900373 0 0
5.180316447617161 5.228812417623354 0 0
6.256466106532988 6.370651165550434 0 0
6.704927880268166 6.791114791682356 0 0
6.826478371176528 6.936375687102625 0 0
7.934061967239177 8.155072656899092 0 0
10.5314127995513 10.58445260901551 0 0
11.40015064725467 11.4091170297701 0 0
13.44744041042674 13.6187671872186 0 0
14.5182625091575 14.63460549277308 0 0
16.89808624337832 16.94722829081466 0 0
19.94420495959874 19.99730289748205 0 0
20.62400483997638 20.70728641206536 0 0
26.95933328347407 27.26220417207447 0 0
27.52380032055017 27.54276301289307 0 0
29.68445230228945 29.99336461319275 0 0
31.69498039267298 31.74096243070189 0 0
33.82225252248993 33.82906702797012 0 0
34.05363400456973 34.28755454918194 0 0
34.44959695340262 34.66847215906671 0 0
