# Status file for ctqmc. Used to save all times t_s, t_e.
10
3
15.86760411281027 15.83364712611163 0 0
33.75381743693335 33.74459910480327 0 0
33.96099926614167 33.93905995983111 0 0
3
6.020421476938481 5.890360744492931 0 0
9.363972882726015 9.352099489421368 0 0
16.63299347681513 16.59460092273088 0 0
21
0.1565669413530569 0.1522340353984504 0 0
2.013387858636556 1.901753286658005 0 0
2.899211557143082 2.893995637500435 0 0
7.353353780233479 7.344464753156251 0 0
11.45014682217203 11.34417355461268 0 0
11.98213975276149 11.91990219475938 0 0
13.66184770567293 13.63685710452711 0 0
18.78709700448412 18.78079941978074 0 0
19.01677542290951 18.97684280513673 0 0
19.58261304359716 19.58238451747595 0 0
20.08244914202673 20.08145572737033 0 0
20.34065891387116 20.30874979214241 0 0
21.05215400741485 21.03154384540036 0 0
23.9768748736764 23.74459925747627 0 0
24.45315952296186 24.2558375081606 0 0
27.55746263323114 27.54800294476696 0 0
28.21594899560087 28.21293663760113 0 0
28.6005679236909 28.56652684069759 0 0
32.20354444834634 32.09766451185119 0 0
33.62803043825878 33.61894036369396 0 0
37.87914573122599 37.86409179990772 0 0
5
8.592956188476286 8.590556579658211 0 0
10.69093711292219 10.48353949805223 0 0
26.6696731211388 26.65673220174387 0 0
32.83811453906991 32.77939808659373 0 0
33.2815683066534 33.22694268079098 0 0
20
2.255108167028047 2.250038852378238 0 0
7.012908194829991 7.010363862918172 0 0
9.883589981058133 9.881368482871153 0 0
12.91307293765847 12.89339966320725 0 0
14.98041628790295 14.97545542061718 0 0
17.35093855002592 17.34741541823954 0 0
19.56165704965545 19.48241474829663 0 0
19.83208915893896 19.79445803364446 0 0
20.61256794912386 20.57870083107938 0 0
21.02935784391012 21.00876502766795 0 0
21.45351605414761 21.44716516768543 0 0
24.41002539180674 24.3875482165349 0 0
27.19462233564218 27.19180328730206 0 0
29.16368213974795 29.1604490264367 0 0
35.88599497597297 35.86481885848131 0 0
36.43676358949448 36.40276252735678 0 0
36.76794575744442 36.74939716960774 0 0
37.37760478703441 37.29549892869342 0 0
37.53977695475939 37.53576503429111 0 0
38.39148407422707 38.36876950596616 0 0
3
2.638984333821405 2.593317895915028 0 0
20.11983985922498 20.10176797131301 0 0
38.39928886733603 38.37487135433098 0 0
3
30.59008013178985 30.58780650507247 0 0
37.25468684139409 36.91658994736078 0 0
38.42132707866249 38.40512629348255 0 0
18
1.722809399860409 1.726873664772357 0 0
2.525432947112194 2.556633483013782 0 0
3.983235480304689 3.994527905220861 0 0
5.37630721513388 5.571560376372982 0 0
5.950586744765895 5.983434795740606 0 0
9.486553813405525 9.662603194311764 0 0
12.93328401650232 13.1699107968625 0 0
14.28832537519621 14.43337913770627 0 0
16.55132276017777 16.70773354405308 0 0
19.01325969413093 19.39757198777075 0 0
20.7434402992468 20.76567118844097 0 0
21.77069254984439 22.07391887450787 0 0
26.90754218452265 26.92210711184028 0 0
28.59085089804922 28.61167676764366 0 0
34.501922763106 34.7992797980686 0 0
34.87204065339438 35.09723032328917 0 0
35.50627039392536 35.60066104881795 0 0
37.14878887310752 37.27462237826424 0 0
5
5.165425165786691 5.097909033498354 0 0
26.06124844604834 26.03102905108625 0 0
33.85135764196807 33.81426811962716 0 0
34.87905428106318 34.85269981155173 0 0
38.17148452614651 38.16023099779524 0 0
24
0.3270034008031573 0.5539605614742454 0 0
2.980013806251128 2.999052354050936 0 0
4.142250222071197 4.201295378859431 0 0
5.861870067167558 5.981086037514789 0 0
8.585654248107804 8.793093649826636 0 0
9.498897845929049 9.507495092324357 0 0
10.92531048406781 10.94776721649084 0 0
13.32436268760077 13.67612192068156 0 0
13.67790763269785 13.71679773267617 0 0
15.07213500692371 15.07677166341658 0 0
15.10146138762217 15.21573670285358 0 0
20.24434753618652 20.35675105448326 0 0
21.05152219426816 21.43166671591991 0 0
22.36951968002175 22.41680754884794 0 0
25.38219653161759 25.39816186519952 0 0
25.90739528538993 26.12615022586969 0 0
26.50600515133834 26.57911300735612 0 0
27.29498417262221 27.30150040090413 0 0
32.57638532475337 32.71900280010151 0 0
32.76386963284536 32.8516110910275 0 0
34.10939378465577 34.1747022940239 0 0
36.15196980288594 36.35174873429024 0 0
36.37482608881539 36.40391003557653 0 0
37.04491871113945 37.26372002026868 0 0
