# Status file for ctqmc. Used to save all times t_s, t_e.
10
2
7.236301051896689 7.192906896823892 0 0
12.32468042960261 11.82279016394792 0 0
4
7.492413653238623 7.441235378659474 0 0
14.00651005591045 13.92499396471649 0 0
14.76802271705998 14.7672588976397 0 0
16.63444469652148 16.5735700316787 0 0
28
2.87012199184707 2.851620110553507 0 0
4.607526154453019 4.545946131789757 0 0
5.376418824028917 5.355750353835917 0 0
6.898515893031393 6.861976133892999 0 0
7.029308981084582 7.019172772514009 0 0
9.935019192568415 9.860236451576956 0 0
11.17426551242997 11.09549534169902 0 0
11.90483330763955 11.88462746280208 0 0
13.03925528733641 12.9656359511861 0 0
13.85700034431155 13.84321407598369 0 0
16.87933129241375 16.85576262565925 0 0
17.15921073784174 17.12649816815788 0 0
19.02172981049967 19.01977412025999 0 0
19.17997691179225 19.13458009721652 0 0
19.24994308316417 19.19844867784103 0 0
20.98832878486907 20.88890529520967 0 0
22.73134904769118 22.7006670167229 0 0
22.96679448142198 22.96225586579585 0 0
24.29484581526695 24.25960463626285 0 0
25.50874629179174 25.49187384927594 0 0
28.33705860378982 28.31282899566515 0 0
29.76227611087251 29.73884484330807 0 0
30.39959297297612 30.34949888936124 0 0
30.71997457972628 30.67943477728846 0 0
34.1895628673909 34.17149669050727 0 0
34.64476540523214 34.64455542209679 0 0
35.76526145362467 35.71175287707369 0 0
37.76691597416546 37.75358681512741 0 0
3
0.6974432715790755 0.6821265412722114 0 0
16.67875823845939 16.63090455037284 0 0
26.40240314062562 26.35236036860476 0 0
16
0.4573643144997024 0.4438658379872997 0 0
0.9212827295762898 0.8200553175019625 0 0
5.058239399487674 5.04046412091709 0 0
5.503513004534986 5.476569560928539 0 0
8.989232436502204 8.979308407050018 0 0
10.04320590176008 10.02825828114801 0 0
12.19911698730842 12.18647671556878 0 0
12.89273079632087 12.88085270322762 0 0
20.13102154107978 20.10102102009525 0 0
23.11095903787189 23.10823158802246 0 0
29.06027543250935 28.9862007719399 0 0
32.76772588973767 32.75346623800282 0 0
34.25923176895316 34.25189386064455 0 0
34.72412496632872 34.71600255402822 0 0
35.88391840956815 35.85618764227129 0 0
36.00964353478383 35.95585498712976 0 0
3
15.88007315337741 15.83783025058381 0 0
18.58775968972599 18.52725609451672 0 0
25.90547426695436 25.86032942964067 0 0
1
4.672159706510129 4.669831383603196 0 0
17
0.3885096757297077 0.5501614742905656 0 0
5.925472527441329 6.002927712839012 0 0
8.048522698487782 8.12169451300147 0 0
8.30621487080143 8.310950428258193 0 0
14.17281978415376 14.18240131026735 0 0
15.60451099516088 15.71695450328011 0 0
17.75987811863067 17.80524776968111 0 0
19.82758786034817 19.88428320156535 0 0
19.97164364795456 20.16063081178486 0 0
22.30192369671973 22.48300554460267 0 0
23.61363025169405 23.63751263468905 0 0
23.655017960799 23.69678974414079 0 0
31.89088616130902 32.04204908214217 0 0
32.25858650670124 32.33368456305507 0 0
33.25114320503951 33.26847122223761 0 0
35.91768550322536 36.1275106313382 0 0
36.14942253940114 36.25495911291667 0 0
3
9.125794069414736 9.019287391993869 0 0
14.9901089331101 14.91329062303832 0 0
18.77431291689415 18.66449086119068 0 0
28
0.7796252812045665 1.131707250288116 0 0
2.736950360669113 2.796583334483722 0 0
6.051966595926537 6.096393095309319 0 0
6.099499727265066 6.109403815898744 0 0
8.097031639531448 8.098629575441935 0 0
8.844286724774303 9.133246291786509 0 0
10.40165725857677 11.46215847739378 0 0
11.61156365990723 11.67053161693593 0 0
12.53928500081807 12.61578648595914 0 0
12.66027263034471 12.66837677640789 0 0
13.03046230549892 13.06166608807765 0 0
16.86775192094098 17.02679906072107 0 0
19.09278019017148 19.34510887049126 0 0
21.04597571222275 21.23403076318518 0 0
21.26167437389176 21.31406493913227 0 0
21.89612648916096 21.89897306372806 0 0
26.77451437998202 26.86470547023809 0 0
28.23726767540052 28.92988335187513 0 0
32.22573951385863 32.23414975940985 0 0
33.61311686270115 33.71166458465606 0 0
34.49266018238654 34.55635890460854 0 0
34.78433840176093 34.83404047666443 0 0
35.28305066993922 35.50786485190784 0 0
35.57600518753831 35.64405877958178 0 0
36.03875467766895 36.05928878202391 0 0
36.43892265383931 36.44783279330941 0 0
36.87896337642873 36.88150051787056 0 0
37.75231916911189 37.76635027022784 0 0
