# Status file for ctqmc. Used to save all times t_s, t_e.
10
5
4.310884791382456 4.248022913072404 0 0
11.73604638608668 11.70768284756967 0 0
12.51292093411308 12.51071257707831 0 0
13.73440687489832 13.49798679780134 0 0
33.14139188775225 33.13986850717994 0 0
2
2.410018963010431 2.405628152113636 0 0
8.21164067057177 8.143738995201492 0 0
14
2.853628434194557 2.824036077253381 0 0
7.365056261838219 7.359731063402101 0 0
7.540865504735176 7.516842606372283 0 0
12.44257283107014 12.41594413624169 0 0
14.95371993500861 14.93813263854246 0 0
17.27753386903819 17.25110723484227 0 0
24.45835772836251 24.4533273363591 0 0
26.40688548491154 26.39418205605956 0 0
27.37363070633318 27.34941624490472 0 0
30.57418663727561 30.54163524618743 0 0
31.79453613883053 31.74860954911174 0 0
33.27893655900094 33.21527029701591 0 0
38.11061693942334 38.08762098811632 0 0
38.24232583090386 38.22296672904879 0 0
4
2.716114973485154 2.702113009488158 0 0
12.03684329092887 11.99655101872403 0 0
34.79263002634783 34.78627083232369 0 0
35.33025675865955 35.30445877170624 0 0
20
2.207432329257806 2.175608864559017 0 0
3.032927848152782 3.026404937468989 0 0
3.597146559061835 3.494325600625362 0 0
5.709493326916196 5.705599723140057 0 0
6.569258317538405 6.560202589303408 0 0
6.915518370370197 6.875210468170247 0 0
7.434741309790619 7.423718569664041 0 0
8.90742589912189 8.895818404005947 0 0
9.825145330029546 9.818067740596394 0 0
10.06665181460478 10.04576373335637 0 0
12.12662012859822 12.05945722951786 0 0
17.35954355669964 17.35709478510725 0 0
18.98321557799219 18.98108144497276 0 0
20.06966199916102 19.80795097503411 0 0
21.3982107947549 21.3437649672394 0 0
21.42891609059037 21.39971004772604 0 0
28.12032910969041 28.11775337946555 0 0
30.31969017157451 30.26498504603174 0 0
31.71286866426812 31.67257753720546 0 0
33.733040819039 33.69777135720032 0 0
1
16.25902762461422 16.23816171202281 0 0
5
2.41679873601413 2.292217530659812 0 0
2.720308981579493 2.632347080991674 0 0
13.76114524334874 13.72315648650592 0 0
19.88829074062462 19.82371239497112 0 0
29.15310872197012 29.05943897540802 0 0
26
1.616812224286726 1.753510455607176 0 0
2.283288034268296 2.375650359230825 0 0
2.815474354296322 2.938240857101938 0 0
3.842431207658648 3.846752087016158 0 0
4.649301242274387 4.688272342762837 0 0
5.766857370328673 5.779309526090262 0 0
6.851110955974002 6.959704502161882 0 0
8.805557715541717 8.854286151292635 0 0
15.30167421913809 15.43040848552142 0 0
16.00440577929882 16.06520347199342 0 0
17.28753491195711 17.38459291259766 0 0
20.01032816391641 20.08835315843049 0 0
20.10143422152559 20.229880025269 0 0
21.14505965577037 21.33906346927807 0 0
22.36363380723071 22.45200515940018 0 0
25.26211488521414 25.36371949947558 0 0
27.12654344743158 27.16822783065506 0 0
27.29355431721665 27.34762198299714 0 0
28.49737427543296 28.78279993247951 0 0
29.73057341008472 29.82862186320259 0 0
30.19809732798994 30.27251376992801 0 0
30.49633572155774 30.58135245920708 0 0
34.0363050960764 34.08962562743233 0 0
34.45618749265783 34.55004766937946 0 0
36.28023567797518 36.46016867493262 0 0
36.6517558232168 36.80257670971435 0 0
2
15.37909113475909 15.0499708123741 0 0
34.23325431028306 34.23259721126166 0 0
29
3.115440663809029 3.517219224649797 0 0
3.51751218166099 3.766506030101062 0 0
4.427977627829188 4.432160106002085 0 0
4.505614508459188 4.666450280997015 0 0
5.181846570880599 5.218075212829293 0 0
5.386189724357314 5.458912232817712 0 0
6.833603955411824 6.931952166386593 0 0
10.44138259402668 10.48711496228924 0 0
11.06766207735836 11.15085803224536 0 0
13.37649274184495 13.41744862882761 0 0
13.71408449127719 13.74456934046455 0 0
15.51170955881784 15.5685482390038 0 0
16.67405999938527 16.76743504860161 0 0
16.77325161612429 16.90461793757642 0 0
16.9054542277324 16.9838994547216 0 0
17.61180016594388 17.74400674786775 0 0
19.01669816076981 19.05881148027934 0 0
19.77225858385557 19.9405242539422 0 0
21.54343623709 21.72803697659655 0 0
22.38890286401594 22.39988689152267 0 0
22.54358521235473 22.56062973797921 0 0
23.24224301690203 23.4778079932032 0 0
24.40453135703168 24.48088707482972 0 0
28.17691309671276 28.30103674986957 0 0
29.24607565170488 29.25358995875123 0 0
30.88188535912712 30.89020871805386 0 0
31.44341927412289 31.66118192220362 0 0
35.21123184927037 35.24951775574623 0 0
37.62354151073815 37.67235160533809 0 0
