# Status file for ctqmc. Used to save all times t_s, t_e.
10
1
35.93897924859802 35.88049411994469 0 0
0
24
3.98490933121645 3.965302395730486 0 0
4.141841043698428 4.133296372139118 0 0
6.907210736047186 6.901253142383755 0 0
7.734530522667131 7.720124316353433 0 0
8.505009697393696 8.437400802315436 0 0
9.206416572877748 9.1951797101135 0 0
10.00690765913374 9.87925574992199 0 0
10.11867933439413 10.09230843803436 0 0
11.9909838817263 11.97184000192857 0 0
12.21628282765118 12.20229931732524 0 0
14.30680475911565 14.26163604547987 0 0
14.47040156183701 14.45753812332766 0 0
17.17424772010394 17.13717962913934 0 0
19.08934397587386 18.80700566967123 0 0
19.25775261185189 19.17428603668976 0 0
19.4291501216769 19.41774068814581 0 0
21.16054754987877 21.12228547854268 0 0
21.92128483575293 21.8967935575077 0 0
24.45963259280949 24.44983365542295 0 0
30.97534565214616 30.97091225968594 0 0
31.20405255382416 30.9839636523559 0 0
32.92596607943393 32.89346676023975 0 0
36.2234570067726 36.21813491574278 0 0
37.51215446548301 37.44250992764371 0 0
5
3.068499830061878 3.055391386036732 0 0
3.526469888660933 3.525095783502444 0 0
6.620923486287447 6.508317653203755 0 0
9.847730039445182 9.817446464380978 0 0
15.77750395409236 15.72865956914309 0 0
22
0.0712815822880728 0.0567459277749407 0 0
0.4899097378722169 0.4817147505598022 0 0
2.462906718907056 2.452415824120394 0 0
6.284454713841802 6.062540040664874 0 0
7.297172035573981 7.143644608449353 0 0
7.630399048047453 7.307511425754545 0 0
8.349918148399194 8.31980512091779 0 0
9.456352646871961 9.452730669014432 0 0
9.497072935500784 9.485460002659384 0 0
13.81098286971108 13.79985476866671 0 0
18.16577454067875 18.09073152955857 0 0
18.4317687235942 18.39735955653518 0 0
19.54004244798037 19.48254066804806 0 0
20.53623299927965 20.43268013264651 0 0
20.6696024233824 20.57207380517646 0 0
27.22461558835156 27.22122396101024 0 0
31.61371491654656 31.5926249836751 0 0
32.12389753090523 32.10688091052283 0 0
33.05328791655777 33.01847162683573 0 0
34.68324211775084 34.66711451061784 0 0
37.20827790212131 37.20387965083427 0 0
37.62651810930713 37.6142244765441 0 0
2
14.25928316287325 14.24728462749892 0 0
35.36205293598615 35.34003657481026 0 0
2
0.5297878152166786 0.4879087042523919 0 0
21.95092828893743 21.92280265573939 0 0
20
2.13911245025157 2.14509603543673 0 0
2.219030478342548 2.386853093925815 0 0
2.416523047909359 2.504175713269619 0 0
3.545659216785752 3.584145709296953 0 0
6.467974154982388 6.522125175228773 0 0
6.947718151523436 7.015595521755277 0 0
7.374400713777406 7.467902575342719 0 0
8.486163364282595 8.559237200879696 0 0
9.999564088580993 10.00178317813527 0 0
13.04574970756136 13.07824721419766 0 0
15.11596499333507 15.12394611672341 0 0
22.57774665323458 22.62418719323239 0 0
24.01808315701921 24.10670648043768 0 0
26.33575549437643 26.33961925908847 0 0
28.1418216650748 28.16995433101182 0 0
28.20777303919984 28.4866834304482 0 0
31.3765138099246 31.45968555427213 0 0
32.92702392532895 33.09528990248511 0 0
35.86216286930552 35.88834726953064 0 0
37.41546513218491 37.51445623819863 0 0
4
10.74740551939091 10.69378107669118 0 0
16.30901750512237 16.30012876854877 0 0
17.40415118050324 17.39707253996964 0 0
22.75183298273561 22.57602970663186 0 0
22
2.685996784388565 2.745104362917167 0 0
3.142298763803628 3.170211505653164 0 0
4.282787561857514 4.672655732474964 0 0
5.031225382745061 5.188223924028932 0 0
5.50968965582258 5.691915507519694 0 0
9.850006332729592 10.00368656184653 0 0
11.99482289414467 11.99930355485724 0 0
12.02086004747005 12.02155158959252 0 0
15.34966890843335 15.39144741579388 0 0
16.42722454914562 16.51134922899603 0 0
17.16163148844378 17.23454423632818 0 0
18.15532461163724 18.41120789497622 0 0
18.74247130854741 18.9651071917683 0 0
21.43843038983265 21.53453157635144 0 0
22.33729500598547 22.43515694903343 0 0
22.78514503708988 22.80958227381024 0 0
26.20767520393848 26.25298405973181 0 0
31.69188722501357 31.69375224587511 0 0
32.02291745403316 32.13814258767346 0 0
32.44765067858302 32.49960434749236 0 0
32.90512567120945 32.97029379618273 0 0
36.67666049487051 36.74179025398483 0 0
