# Status file for ctqmc. Used to save all times t_s, t_e.
10
8
0.1259472284248488 0.01557284294855776 0 0
2.793024936294599 2.773958675377024 0 0
21.18574019885443 21.15494435618349 0 0
25.08388837131201 24.97887399731913 0 0
25.31395715919764 25.2981519511115 0 0
30.32275118577066 30.30989893190324 0 0
33.69504414134923 33.64879192764118 0 0
38.10863396642332 38.07018908371365 0 0
2
13.96271052201934 13.95224281932586 0 0
18.74502294113679 18.69749756695202 0 0
21
1.302076219313095 1.268989173576969 0 0
1.382586258430474 1.376824156542592 0 0
2.591485720154827 2.585390904311539 0 0
5.483148849649991 5.464497803557419 0 0
7.290175853994596 7.242133238940998 0 0
8.942466582165499 8.941876994316077 0 0
9.320113118946356 9.31943401484104 0 0
12.32857070815503 12.31670550157899 0 0
13.10618298151896 13.105065698081 0 0
14.2973601361164 14.03673542536651 0 0
15.67543905309845 15.57913333945631 0 0
16.30559357150463 16.27511806054579 0 0
16.86204156332317 16.82304272334918 0 0
19.44834084793954 19.44337563968443 0 0
20.32721123619688 20.28760124733044 0 0
22.5258025679904 22.5163965815258 0 0
25.93680565260003 25.92091840333671 0 0
26.31015035108648 26.29647715541637 0 0
27.31819785462928 27.27288507930312 0 0
28.2359946390917 28.21191833355904 0 0
29.46920837763568 29.41513786434344 0 0
1
11.65392766267853 11.63016685381986 0 0
18
0.9158827527218296 0.9090281517895143 0 0
3.604846874965648 3.591446872251057 0 0
3.661859334421961 3.64536964645724 0 0
6.612284735014031 6.552290958124932 0 0
7.1681473375661 7.111316076745227 0 0
7.704697537526517 7.673459845310701 0 0
12.41472335334457 12.38984250039747 0 0
15.02829091385923 14.97472660779131 0 0
15.50169325254154 15.47224716774691 0 0
17.32302808109348 17.31146840666083 0 0
18.05845747076996 17.99167847065156 0 0
21.73050908387273 21.72776856102403 0 0
22.25014520181513 22.21102845115717 0 0
30.62780314057733 30.5890889875863 0 0
32.11115915281345 32.0967876292897 0 0
33.33863611870197 33.23689537734632 0 0
33.80666624204806 33.6103518187431 0 0
36.20507917043502 36.00226573095004 0 0
4
1.495001473529456 1.397426963890958 0 0
9.543251756083638 9.536887737386055 0 0
21.1538443598988 21.06041912823619 0 0
23.34473431829785 23.33022567938019 0 0
1
8.09389662495248 8.064879896780511 0 0
26
0.5785542483952991 0.5878315832098936 0 0
2.695080252060245 2.813599339419323 0 0
3.037010540533876 3.187990751257187 0 0
3.460428416480579 4.353085462622447 0 0
5.076157452894762 5.351619086066297 0 0
7.070808843420405 7.096236654639538 0 0
7.128381568462298 7.548132712766959 0 0
8.763438111086112 8.861419776356371 0 0
9.245390544856647 9.27341940110813 0 0
11.57786284215867 11.58381016707282 0 0
12.76649523317335 12.82625431424693 0 0
13.39734996905367 13.48956242517845 0 0
14.2619033245057 14.29657836658089 0 0
14.32550161180031 14.51440848124949 0 0
18.86093374316582 18.93839388031691 0 0
18.94970651005693 19.00540489744769 0 0
19.02266599002311 19.06556121972875 0 0
20.26016061987552 20.2712085135108 0 0
22.92128667029172 23.09550525976796 0 0
29.47839441219679 29.72162630007496 0 0
30.37755452180154 30.48421716067176 0 0
32.05096731955832 32.27389060658227 0 0
32.94775808691942 32.98383413612187 0 0
33.50711296940836 33.59362807858881 0 0
35.31533919151948 35.61117182636921 0 0
37.75548823220532 37.77837753384586 0 0
6
4.173119904311179 4.105226370926943 0 0
5.680710983293392 5.615226328525764 0 0
7.146911765659198 7.130471485536177 0 0
13.03850019491458 12.91921804351781 0 0
19.38976156869847 19.37326924715268 0 0
37.38523324307334 37.26746379815541 0 0
26
0.7895886303700976 0.813058273733541 0 0
1.103804260178218 1.104674784233582 0 0
1.347568964336475 1.591382229170739 0 0
3.290597507762108 3.457309332715197 0 0
5.707374770634969 5.902150978435024 0 0
8.328918608085173 8.353204276591576 0 0
9.619397373224315 9.693576156034879 0 0
12.71223144488863 12.98456216073217 0 0
13.95531202788309 14.18885342185816 0 0
18.51977078622273 18.61886579715838 0 0
18.78337987931875 18.78361548262623 0 0
20.20209896617438 20.34012346981833 0 0
23.55005890986955 23.5893758884154 0 0
24.92917863454774 25.26838905653128 0 0
25.91130407377631 25.9586824770707 0 0
25.97205878239157 25.98352869183953 0 0
26.44119738575244 26.56131963333149 0 0
28.83398091062634 28.90151548296884 0 0
31.58928101773053 31.74492617939552 0 0
31.78361189455031 31.86540238273138 0 0
32.45097619964711 32.53138845180278 0 0
32.79791436119486 32.85547654114822 0 0
34.53855659374619 34.55136252284563 0 0
35.20505773118925 35.22923323374852 0 0
35.9702929714377 36.17834252874333 0 0
36.60241893911397 36.95031172727268 0 0
