# Status file for ctqmc. Used to save all times t_s, t_e.
10
5
7.251221466156371 7.224493176467955 0 0
12.59690317100008 12.57335661706543 0 0
18.55140533424127 18.43025275184477 0 0
19.45067449181974 19.41245842642007 0 0
32.84215364125259 32.84001066569507 0 0
2
3.82128093870574 3.720324246409298 0 0
4.841442508754144 4.82283438551363 0 0
19
0.3047607639041416 0.2862978374969316 0 0
2.100802238128116 2.058638106868611 0 0
5.992844031414939 5.910126254417316 0 0
9.108662004294704 8.991527134914149 0 0
11.44852086509741 11.42711940881543 0 0
13.90162518383417 13.84046277047346 0 0
13.95687594884797 13.95257948566778 0 0
15.65392272719057 15.63967196513965 0 0
18.32054376376917 18.29579062500962 0 0
18.33640321555155 18.32908683669846 0 0
18.85911919537818 18.85210570074953 0 0
21.1441407726528 21.13090096263207 0 0
21.85809995004189 21.70185623891906 0 0
22.5883349808747 22.56249438847863 0 0
25.37822793963851 25.36315724262558 0 0
28.80538802146932 28.7634209528391 0 0
31.83045214439785 31.79420275883268 0 0
33.40099187752615 33.33529612303415 0 0
36.55107569074475 36.51682136513856 0 0
0
24
0.200758491992616 0.05372341437943362 0 0
0.6229314706060975 0.6224160299602204 0 0
4.742738115488055 4.739561307515466 0 0
5.811624051734102 5.511474542150475 0 0
7.703573627225466 7.696582852938148 0 0
8.305325269004543 8.144532119478345 0 0
9.462186539597216 9.455523979921587 0 0
9.876318550786134 9.510418729143808 0 0
10.45503996377856 10.38756822112591 0 0
10.6811441832932 10.67764492944133 0 0
12.18568216791006 12.17285014138255 0 0
16.22426331347154 16.20858967038619 0 0
19.11562086904169 19.09003588289003 0 0
19.81965245670042 19.78206478974215 0 0
19.91666276346037 19.85037318823744 0 0
21.18761556224813 21.12631832622263 0 0
24.435901292882 24.42944177488924 0 0
25.17040098516993 25.12154337223544 0 0
27.3912394537973 27.32719579675788 0 0
28.26289698359998 28.23346619789399 0 0
28.49653452908186 28.27154562861125 0 0
35.01900588630571 34.96316272892857 0 0
35.5759020920008 35.57041087378114 0 0
35.80743130720506 35.78478747621831 0 0
5
0.3280689871337777 0.3184349029853095 0 0
2.003756252548346 1.850647347744277 0 0
5.248712199621622 5.213536326933626 0 0
22.39561510366056 22.28725834806393 0 0
36.14182903807394 36.11303387847181 0 0
0
28
0.9481501887136758 1.046374536946929 0 0
2.30662776198922 2.381006344519213 0 0
2.407623361791721 2.641144915528647 0 0
3.642263636993513 3.65390758108133 0 0
5.148854542373488 5.234314828689646 0 0
5.690313892941665 5.846330652068231 0 0
7.235241042522443 7.3143659098182 0 0
10.35771850501755 10.4318986238209 0 0
10.57487598117565 10.68160088954282 0 0
12.69896044075969 12.73897433142036 0 0
13.6485969617545 13.65002247782564 0 0
16.56125898165794 16.69580905729221 0 0
21.70437344801784 21.71474093805677 0 0
22.91854005558169 22.97803699986992 0 0
23.00789655546924 23.07418320924126 0 0
24.34301105813318 24.51496086889165 0 0
26.03166750901519 26.04379432171001 0 0
26.04711003165829 26.25937460097419 0 0
26.52282900813416 26.5269342953936 0 0
28.01676522133486 28.161337703385 0 0
30.1300606271653 30.28754746844731 0 0
31.89810507931357 32.84720978515261 0 0
33.10715176480718 33.20847471463609 0 0
34.42699664759535 34.43272154030915 0 0
35.21612732458217 35.3454813118896 0 0
35.34674373264749 35.36707102544503 0 0
35.93576323652771 36.04762237134233 0 0
36.92341641433011 36.95374909555364 0 0
3
8.060104843576015 8.046569665342339 0 0
22.51641284635566 22.49198951376891 0 0
36.81032211285049 36.64457162645182 0 0
24
0.760345953643939 0.7950330380330897 0 0
3.547700420156512 3.581454973556384 0 0
4.043300958986822 4.39172623091619 0 0
4.511209787280665 4.599526388637 0 0
5.146614846165779 5.32166596166784 0 0
7.2981119266657 7.584719343158473 0 0
7.914781121958736 8.040123426881804 0 0
8.754570519776617 8.820192144840124 0 0
12.47771675280733 12.61292721623295 0 0
13.74095125361033 13.77404234860917 0 0
21.72358840309119 21.83779858753255 0 0
22.4373336716787 22.72587863395659 0 0
23.29552544556879 23.30627816955496 0 0
24.42471621117422 24.57697289674822 0 0
25.41384923373191 26.00034871215391 0 0
26.91550292720136 26.9722608826218 0 0
26.97751517898418 27.00991935573568 0 0
30.5684159446361 30.74079718256224 0 0
30.75775315770005 30.75954092851345 0 0
34.7553605811225 34.75577435212055 0 0
35.25021169219144 35.3921904689875 0 0
35.56577750943478 35.61123881910237 0 0
37.15626851381803 37.17344802055152 0 0
37.31127856562594 37.46598206459312 0 0
