# Status file for ctqmc. Used to save all times t_s, t_e.
10
1
24.01982357832021 24.01341859206946 0 0
2
5.553618192495414 5.387713669843421 0 0
11.90557599261381 11.87685079445124 0 0
28
3.482636155548156 3.469689195032358 0 0
4.370855253060262 4.117006720416717 0 0
4.898085636087655 4.868168106033108 0 0
7.399649456640396 7.355335864760811 0 0
10.33021041403241 10.25172963466006 0 0
12.55918045058221 12.55709849213549 0 0
13.39113941646542 13.35415398494591 0 0
13.91566111154705 13.89665299248841 0 0
14.85774390004904 14.85270702084868 0 0
16.46168124024353 16.20215865955592 0 0
16.95879790770606 16.92475010551397 0 0
19.6961355589692 19.64797939716303 0 0
20.52741657369619 20.49376273633497 0 0
22.12759124838464 22.12539131410562 0 0
22.41939141205481 22.401682621577 0 0
23.06045093415084 23.05917725173029 0 0
23.24409923834279 23.23142656339553 0 0
24.85255751471679 24.78982406573823 0 0
27.04413610488831 26.97434118957743 0 0
28.7716769009119 28.47413349074422 0 0
29.4155534018355 29.13819282915881 0 0
30.50702532272646 30.49042930873761 0 0
32.5949380324204 32.4035558787748 0 0
33.44599614316353 33.43899064737287 0 0
34.89275003372014 34.88745459991549 0 0
35.13907286960784 35.10709672459259 0 0
36.58010750008891 36.54251711914094 0 0
37.45274422201793 37.43671426675005 0 0
2
3.724566372962343 3.691892713340204 0 0
37.41472617698189 37.39143144879775 0 0
17
4.920329303743121 4.867731995921538 0 0
5.529842293664209 5.526400824679963 0 0
6.094528250250581 6.071253786658591 0 0
6.789091341645852 6.76971709622985 0 0
10.88989036175621 10.7503571756666 0 0
11.37306977497806 11.34818068814469 0 0
13.60776002336992 13.60474916723944 0 0
13.72514268985493 13.68383408091979 0 0
14.35080823661803 14.31061890237968 0 0
17.64219870079578 17.55699841097482 0 0
18.83776586105719 18.80758110262883 0 0
26.74688512686413 26.70014469379992 0 0
27.89211307475752 27.86699154480122 0 0
29.4342892303287 29.37431799680731 0 0
31.25127927552514 31.23337326083958 0 0
31.5082368076698 31.48681422272421 0 0
34.52097692007362 34.49194645725992 0 0
0
5
3.103538606521255 3.007335522710349 0 0
16.06788558892427 15.99558625168478 0 0
16.72741118435237 16.71902895372033 0 0
17.12044533610391 17.11729640368751 0 0
23.00502295944553 22.99131751247786 0 0
26
1.951660257717568 2.163222390470372 0 0
3.410656777039264 3.554932659027481 0 0
4.150987781866301 4.156441116008725 0 0
4.64820883652092 4.689840978116125 0 0
5.359426626347473 5.448355828403908 0 0
9.058492088192947 9.073073330308125 0 0
9.220879663324974 9.729005539943003 0 0
10.61435168843703 10.82985186549791 0 0
11.06009677198347 11.12653336871651 0 0
11.31320564745731 11.32503355760772 0 0
12.00066662666977 12.06381610884231 0 0
14.48972316117415 14.54429521669397 0 0
16.96041762632119 17.06806487833025 0 0
20.48280174947133 20.81046575082863 0 0
21.14171611180425 21.32490514858887 0 0
21.809230065499 21.85681513643104 0 0
22.97692680091363 23.05548652523147 0 0
23.0991819052403 23.10298099618306 0 0
26.98093774169758 26.99241747459807 0 0
29.16364490765322 29.42882651918343 0 0
29.62039192672269 29.65765323693588 0 0
30.1592774035185 30.35034270232426 0 0
32.63200039591327 32.67980924095453 0 0
33.92286582939852 34.01458246420882 0 0
36.56571611212516 36.80079932695862 0 0
38.27132044732805 38.30001183184516 0 0
3
1.983574489514645 1.360208265796516 0 0
7.698948904204187 7.657959461209593 0 0
31.30859229174077 31.25889369229355 0 0
28
0.4828611021624809 0.05179111331705855 0 0
1.109878818562587 0.4884004558223012 0 0
1.314907948825702 1.110754865905316 0 0
1.345476307240869 1.342288699468776 0 0
2.011161348372278 1.358432143822434 0 0
5.170134157562393 2.027861449139735 0 0
6.062504824339741 5.238521499710208 0 0
6.803549313396239 6.187342601094696 0 0
7.153159164780213 6.841801939967466 0 0
7.972930909284095 7.289681713880613 0 0
11.98280904984387 8.206202943868053 0 0
12.42735262738406 12.01479632966996 0 0
13.16008823936989 12.44734743325285 0 0
16.09577464771996 13.20051537113371 0 0
17.06962546049675 16.38772297851062 0 0
23.01706157647162 17.61035303662042 0 0
23.14874821039414 23.01831774431556 0 0
24.07167844130147 23.14957457154947 0 0
24.85316282758165 24.17533381303457 0 0
25.96641023317093 24.97019140189168 0 0
26.39466023098645 26.38689040841945 0 0
27.24599602666378 26.50579683404149 0 0
28.47709093560628 27.44828792191334 0 0
30.32717492174717 28.52327729174468 0 0
31.28514753487357 30.52736364655993 0 0
32.10908611118692 31.38157695190415 0 0
35.62326100072223 32.68362816418332 0 0
38.04890777684374 35.77183870415921 0 0
