# Status file for ctqmc. Used to save all times t_s, t_e.
10
3
8.157269679173945 8.036906535012335 0 0
26.44740720103647 26.40665386672163 0 0
36.12784547687891 35.89402506634199 0 0
1
20.0524156527284 19.96862475416596 0 0
17
2.783186710749179 2.781498371100958 0 0
5.246384840168157 5.206367670870486 0 0
5.720641738791675 5.710080394042525 0 0
6.521640858999338 6.495770255315691 0 0
7.359699438260533 7.315656523601996 0 0
7.724357213220113 7.722345913241581 0 0
8.969532057033982 8.955082343487192 0 0
10.76304802410765 10.55811440131782 0 0
11.27626537110508 11.24366319249214 0 0
14.80334235880203 14.78849007312514 0 0
15.15709324429969 15.14067151517816 0 0
22.55824566119236 22.55456855464272 0 0
29.11003895918653 29.03877407595175 0 0
29.66309334443687 29.42456392064802 0 0
30.6073597248374 30.56664619695717 0 0
34.87046787365842 34.85743828997316 0 0
35.5389171400886 35.53451399902779 0 0
3
21.56099652454997 21.5438170337488 0 0
25.2402117018694 25.18659378656688 0 0
26.12666828132795 26.01640009210473 0 0
18
3.408858119688463 3.392688035323618 0 0
7.257999446629869 7.25107861797358 0 0
7.344076359564468 7.285026214632216 0 0
9.703866478972868 9.675413218619905 0 0
11.48646700640557 11.47836279035226 0 0
12.97480965719168 12.95126366959105 0 0
14.22882261794189 14.22411210881386 0 0
21.16357635825083 20.55102460212757 0 0
24.73464904152365 24.5728106000345 0 0
26.5089662802109 26.48532035422333 0 0
26.98489675673767 26.97363680460301 0 0
31.33474564927633 31.32419646370323 0 0
33.97663212091964 33.94963275963881 0 0
34.03818533033596 34.02930619810732 0 0
35.86742020200478 35.82673820348113 0 0
36.68943227652135 36.67977282283177 0 0
37.87386444981929 37.82788088234895 0 0
38.38906905876406 38.37574863593424 0 0
3
13.37904861981404 13.36342447008439 0 0
33.58735716039337 33.58306836041012 0 0
38.35488269344718 38.17431972811126 0 0
0
24
1.041264008468346 1.069882068690046 0 0
2.514772243757543 2.538833449705073 0 0
2.564639396575143 2.697710451091638 0 0
2.767064067095372 2.778122534501131 0 0
3.918707190705203 3.954064197955802 0 0
4.782604415696126 5.155612439809475 0 0
5.393898364963832 5.794977299337778 0 0
10.5767835438166 10.81063344934956 0 0
11.57625157195161 12.12123876528747 0 0
12.14673752498598 12.19824003879754 0 0
12.37853174021784 12.48451815003098 0 0
14.41589939999959 14.47038402113264 0 0
17.68234437158882 18.350136938253 0 0
18.50228748538016 18.51058582066758 0 0
18.5418891375971 18.61551573406179 0 0
22.36347681748085 22.4038309656406 0 0
23.98523457143158 24.10987356827968 0 0
26.81413216560074 26.83626085037787 0 0
27.79557815620792 28.012688295561 0 0
30.1118552010582 30.12439850763651 0 0
30.32613960467194 30.48653007632802 0 0
33.81340164023497 33.9169768118506 0 0
35.82926311106725 35.97633554853383 0 0
37.61460141573388 38.16671184141851 0 0
4
7.661258855234 7.59121094329083 0 0
13.52080691768129 13.34030348504931 0 0
30.27323051236135 30.14140225751446 0 0
35.72493214766585 35.45350614047528 0 0
25
0.7222829155557164 1.208221649382903 0 0
1.433559843034671 1.645753138969232 0 0
2.483763723549361 2.513444694560116 0 0
6.196996044683372 6.216288866505248 0 0
6.770639156712312 6.825755094181913 0 0
8.088377132621876 8.105537320417938 0 0
8.223626539304837 8.304610683675955 0 0
11.22010493360968 11.29898915754523 0 0
19.19990433012907 19.34956299849935 0 0
19.91281310259111 19.97639728602676 0 0
20.5251661217907 20.62359805935321 0 0
20.77116714908155 21.66005083148895 0 0
22.05928628405014 22.0678449131006 0 0
25.14227489096156 25.15473586121058 0 0
26.61734800326581 26.63393445883932 0 0
28.57433601934899 28.72012723797375 0 0
28.95565136532754 28.95813950173577 0 0
28.96865052896512 28.99616792361962 0 0
32.30658661011763 32.3419296193542 0 0
32.95610971941256 33.010421351582 0 0
33.68535040234861 33.70431124665453 0 0
35.02873018801989 35.18287501489985 0 0
35.36135843466054 35.61435483479809 0 0
37.13333590596817 37.21164606657015 0 0
37.41859289439666 37.45576987711134 0 0
