# Status file for ctqmc. Used to save all times t_s, t_e.
10
2
9.762257606469802 9.741345182202153 0 0
37.7362794539907 37.72544202951645 0 0
2
11.87822907048677 11.8539666118193 0 0
21.0452215713652 21.03047416955117 0 0
15
0.5630380050522996 0.5539060676313809 0 0
10.44329364416965 10.40798962670671 0 0
11.39290242338818 11.35446359863534 0 0
15.33109693408398 15.22889817124479 0 0
17.53582075959923 17.52552049011269 0 0
19.47004883274181 19.42936493848425 0 0
19.83810806661737 19.80094402240437 0 0
19.9383833890243 19.93028798425722 0 0
20.08469913712255 20.06708422695461 0 0
22.64402952297577 22.63388630835136 0 0
24.22101120800921 24.21533482962901 0 0
27.82023075385613 27.81602399830042 0 0
30.75671846419968 30.75270616846523 0 0
32.56637188330392 32.53939972921851 0 0
34.86696520646938 34.71590907552135 0 0
5
4.357047183104541 4.292106984879709 0 0
17.2270327245222 17.02226466398697 0 0
25.28019996291369 25.22654045972624 0 0
26.2264255523325 26.17218093614435 0 0
35.83568868520426 35.82125368253475 0 0
18
1.583212325894149 1.572252444160748 0 0
6.415255945071339 6.387988456941123 0 0
9.703829280776182 9.636546139096019 0 0
11.51724239792541 11.38733421507879 0 0
13.50163627671417 13.37241587481863 0 0
16.79019042656798 16.78783532714258 0 0
16.908433596398 16.89537501943645 0 0
17.18439969907006 17.1574544291974 0 0
20.36302096163753 20.29241032096762 0 0
20.75899332104765 20.56572336002935 0 0
21.49434928998372 21.44751756225036 0 0
25.45810960352619 25.4397188729968 0 0
25.96094400456289 25.95961106564461 0 0
30.16791919133388 30.14269942594383 0 0
31.61093999969522 31.55972297498468 0 0
33.20216822899244 33.15439942632962 0 0
34.55338605036628 34.55240362451215 0 0
35.01932170441184 34.98194782407811 0 0
4
2.863519974116805 2.861754989305454 0 0
20.53311469786199 20.3609615656123 0 0
31.55745414884808 31.5378472067048 0 0
37.78770776082023 37.78416623962391 0 0
5
4.284262165264446 4.220927001541067 0 0
9.983877189306488 9.966565341796745 0 0
13.75126158087848 13.53115971280672 0 0
20.72730702892147 20.72002076437097 0 0
28.7065477671595 28.6861146209094 0 0
32
1.09789005189763 1.142096625846769 0 0
2.757998452112298 2.90765784926193 0 0
2.969412964756745 2.972476951397357 0 0
4.115989960736686 4.124798389110178 0 0
5.638906467799779 5.90561300904472 0 0
5.961268844476623 5.971542991345099 0 0
9.010529521061834 9.493689663546833 0 0
11.01629688195334 11.07912294110795 0 0
12.39617600606549 12.43497714189984 0 0
14.05338517485022 14.18883010969786 0 0
14.94996537610123 14.98625986943395 0 0
16.07018494809416 16.220690942821 0 0
18.13741135972584 18.2270185024405 0 0
19.28935539645879 19.54222828330514 0 0
20.86187023812251 20.90079989918499 0 0
20.99852137462635 21.04243939740167 0 0
21.06193961663353 21.2644530577957 0 0
21.92491135045385 21.94360587714265 0 0
24.65752737691334 24.86273731772757 0 0
25.1957751918918 25.30502799963477 0 0
25.3078911747622 25.50705330419956 0 0
25.61593463415945 25.70725375822489 0 0
26.72154207535752 26.74283242525481 0 0
27.99698151154528 28.27973005943811 0 0
29.89320655845002 30.07035811118541 0 0
31.10683672962814 31.17152674436019 0 0
32.10686128864472 32.10848126966849 0 0
32.12612469347543 32.62020177589336 0 0
34.14796785476187 34.22431824542264 0 0
34.34188618050335 34.8374564041494 0 0
34.9612876040331 35.02777370497662 0 0
35.24616037870184 35.67563742615215 0 0
1
18.22098775648207 18.12482873875938 0 0
19
1.67335506608667 1.694873866685402 0 0
3.130328034583679 3.156324104669197 0 0
4.485208240709704 4.849909210923045 0 0
8.701348528603358 8.900509368195889 0 0
9.837899001845386 10.02307251836648 0 0
12.60685071202689 12.69076160223978 0 0
13.85051185660578 13.90343779670802 0 0
17.1131600771626 17.16275294886097 0 0
19.59269563106947 19.82071729136803 0 0
20.18559527273447 20.34329397555879 0 0
21.50939701580515 21.57053113642408 0 0
23.72481209583384 24.54748001825361 0 0
25.25486717580798 25.2868050961944 0 0
28.6891256985606 28.71582496996913 0 0
32.40409781418811 32.51645465673807 0 0
32.93210552987053 33.19330530395358 0 0
34.25194900801721 34.28972121852905 0 0
37.08241164849836 37.57526291723017 0 0
37.82546106033305 37.85923650924988 0 0
