# Status file for ctqmc. Used to save all times t_s, t_e.
10
2
1.675095626686826 1.598262063042128 0 0
27.64823174008937 27.63296677912705 0 0
0
19
0.8786137636162934 0.8459467332821902 0 0
1.036305947848097 0.995220043258918 0 0
1.61763685292964 1.615927997204091 0 0
3.553010929813967 3.509029201806314 0 0
5.44064874600767 5.438836128680763 0 0
6.333231831356414 6.267907119297943 0 0
6.992599083827043 6.969626691427029 0 0
12.06141947355058 12.05689191404976 0 0
12.34365186609816 12.21142160420945 0 0
16.73534589538965 16.73025233930069 0 0
21.50457480767909 21.50279163727856 0 0
25.07966456267097 24.99385780634758 0 0
26.93389805901386 26.8943087610785 0 0
27.44950089854376 27.44755525604413 0 0
29.67674125214549 29.54539395574423 0 0
30.40628218921117 30.36974320725468 0 0
34.57185597686448 34.56962798709786 0 0
35.75414762726695 35.73936762338281 0 0
37.06666194718341 37.05952240700677 0 0
5
0.7140889242522025 0.5023548436286092 0 0
0.9648560372368351 0.7310227503531777 0 0
22.05653951148188 22.0106224336988 0 0
29.76577286247522 29.69228175341176 0 0
33.8204859976487 33.72034793130315 0 0
13
0.4511558248231253 0.4434422948121367 0 0
5.315169208321581 5.300714084855192 0 0
11.33394153292991 11.33238278496046 0 0
12.99955945890273 12.89655278542789 0 0
13.42717758872251 13.2564245667395 0 0
15.16769925813583 15.15924135300374 0 0
15.78928022627568 15.76816386179481 0 0
16.55784781521064 16.48151468031312 0 0
16.93778122087034 16.91993389604071 0 0
24.63828596632237 24.62316516254042 0 0
31.25665087659825 31.25035511387222 0 0
32.70363726049497 32.63995491873676 0 0
35.23837224470143 35.23645683859254 0 0
1
28.38025293097387 28.35142645666887 0 0
1
23.27233078767457 23.23139928266746 0 0
28
1.589212255561192 1.675026346188941 0 0
1.916011882594242 1.968569125068101 0 0
2.926774353467656 2.966318710234429 0 0
6.218946366235255 6.222021856554559 0 0
6.405429141053036 6.547062084509045 0 0
10.3174812174345 10.44259255872925 0 0
12.1560199946032 12.20065144002404 0 0
14.13638471610113 14.33628921119996 0 0
14.37924064716067 14.41181058442814 0 0
15.40696544845719 15.4503369500264 0 0
15.52067765363335 15.58332151700379 0 0
16.99891827763554 17.00561100263657 0 0
18.0873551822105 18.19871952056783 0 0
18.72528255801025 18.7996552773625 0 0
20.56927491742117 20.60056344385283 0 0
20.74906937464199 20.86114169514028 0 0
22.82578736421155 23.07140313145871 0 0
23.53837749322074 23.56016962129381 0 0
23.59705221888167 23.60674914804337 0 0
23.61489539761248 23.75312875991569 0 0
24.57822530739423 24.86696253815682 0 0
25.63250207843365 25.68632170550885 0 0
26.18500103047906 26.18975188344248 0 0
28.41619492187909 28.47686458915588 0 0
29.22534177290356 29.25468174529965 0 0
29.79687885489342 30.01978533119916 0 0
34.31571127477454 34.36859738194468 0 0
37.45217369523895 37.72663745951705 0 0
1
35.6710469149954 35.66193053067737 0 0
22
0.580105654872213 0.9938948016243145 0 0
1.542520442782936 1.545030792818738 0 0
3.601655752326574 3.683424861466243 0 0
3.870485814107339 4.262793639276232 0 0
6.202317620840544 6.250674324062302 0 0
8.961719219966149 9.047942853040672 0 0
11.31717561957474 11.32500978192323 0 0
12.33453594383552 12.58652956181167 0 0
20.85271294599141 20.90691234468085 0 0
22.08016039558191 22.09532325474436 0 0
24.55475625295554 24.61908702864145 0 0
25.77181394248125 25.781677785402 0 0
25.92034582702445 25.97675202799802 0 0
29.62930397184645 29.69124200270706 0 0
30.90266382909937 30.9260962488226 0 0
31.25576429499745 31.30720316274706 0 0
31.76204702971423 31.76769931466133 0 0
34.2130313767257 34.36762458345724 0 0
35.41885669856956 35.54948831740068 0 0
36.90449700958366 37.09088141314702 0 0
38.12963049079417 38.27416975933799 0 0
38.37748198087769 38.39850807966658 0 0
