# Status file for ctqmc. Used to save all times t_s, t_e.
10
1
15.34367341369063 15.32311769313754 0 0
3
6.04298390238937 6.022902957539167 0 0
20.56530445699192 20.54500080932048 0 0
33.27737166697568 33.26584705962968 0 0
20
0.7988452125156733 0.7416944774222145 0 0
0.8862857210338504 0.8302316830880034 0 0
2.154623238883111 2.151539970550185 0 0
9.552770170832712 9.51776365399423 0 0
10.24027669695383 10.23364159068589 0 0
10.37640500754187 10.36173210356957 0 0
10.96507832421327 10.93399801774833 0 0
15.61218441188893 15.59330177210854 0 0
17.27385685167551 17.26914741992478 0 0
17.30207763885445 17.28910145264863 0 0
20.76761678169321 20.74692569393174 0 0
21.27687790704874 21.27677025867964 0 0
24.25713121671899 24.2413259227722 0 0
24.70729748965655 24.6832488784616 0 0
25.56345607352639 25.53227658038536 0 0
28.53474708920124 28.5245991049878 0 0
29.60803195623333 29.28359419503291 0 0
29.95837496213965 29.9340568380389 0 0
31.71786538071938 31.67247617420819 0 0
35.9041536191059 35.89432095806991 0 0
2
5.667602747385757 5.633671169180387 0 0
37.18869394362017 37.15726604781047 0 0
17
1.754740437748637 1.610107701047809 0 0
6.426464208830963 6.403432305004415 0 0
7.734142629018425 7.695153402315241 0 0
8.991048495808196 8.987765270236219 0 0
10.36684587511864 10.35828069211675 0 0
20.75070635971617 20.20184967343026 0 0
21.00453850617107 20.97762940009849 0 0
22.50760125609876 22.50100725116672 0 0
27.11305268827094 27.09243861625814 0 0
27.46275313459093 27.45823246956026 0 0
29.02167531019402 28.98714656639892 0 0
30.19138175405794 30.18950839283125 0 0
30.46011564968666 30.43414706064839 0 0
31.75682542907239 31.72580345002754 0 0
33.88223202280646 33.84179851404993 0 0
34.75903212655169 34.70971170583507 0 0
36.61143314525658 36.58241898289001 0 0
3
26.00507976894411 25.99410229973695 0 0
26.16705527116013 26.00989813063075 0 0
32.58268050874224 32.52770799590851 0 0
4
11.4269577197888 11.3941135890247 0 0
19.10917943779928 19.03029158304342 0 0
20.18587324087926 20.1639766723883 0 0
25.41576802338895 25.40762365155054 0 0
24
1.000421700969419 1.050066014631016 0 0
1.425037551217557 1.753905788855877 0 0
2.012950977448806 2.013390483796964 0 0
2.076991555210789 2.27325874619356 0 0
3.968064841075957 3.999389062795999 0 0
6.769963094544018 6.775022478579681 0 0
7.373452012636061 7.430586351012062 0 0
10.10694377485622 10.25025127922503 0 0
11.67039831835385 11.68830610039609 0 0
17.47299364897724 18.0559894886545 0 0
18.15345134857139 18.20412678888611 0 0
21.95038615127459 22.16151343349319 0 0
22.17193721802403 22.22318119804966 0 0
23.64592434891867 23.65929229480735 0 0
24.40287015611011 24.42499978447785 0 0
25.19773756157052 25.20713859484031 0 0
25.30066543374547 25.49870975533773 0 0
26.26401634795741 26.43916027659808 0 0
26.89913176421843 27.11227448690786 0 0
27.94206021376132 27.97871463043203 0 0
28.40587107972396 28.6985083681982 0 0
30.53348334228816 31.09974367280003 0 0
34.39135732219954 34.42519683432513 0 0
35.89483770390633 35.9169082643937 0 0
3
22.29903436007928 22.21337348270423 0 0
30.74727522385278 30.66794468820561 0 0
37.17143795813699 37.14644415914975 0 0
23
1.878824888354782 2.110148477034263 0 0
2.136493435245444 2.793114556807203 0 0
6.415397658120639 6.462571802787489 0 0
6.603283355091537 6.665997937610666 0 0
7.081787420487042 7.312446871982542 0 0
9.217154166106248 9.229614097963067 0 0
9.866204351470103 10.22512479191688 0 0
10.29866727365179 10.60289817121072 0 0
10.82737215351939 10.91706998580668 0 0
12.19681817611071 12.27808386131784 0 0
15.5661474833996 15.64612590145791 0 0
16.28572179860076 16.38066412061395 0 0
20.6922856937191 20.98007007860111 0 0
21.51088410728729 21.59490309710114 0 0
23.36152351613973 23.36511997566474 0 0
23.79100951200028 23.81171573480967 0 0
24.88235035615896 24.94534313831494 0 0
25.63070443770884 25.63103131719693 0 0
26.39984774193809 26.40410419277207 0 0
26.48082011438914 26.51616317527428 0 0
27.80973514802195 27.89460194850422 0 0
29.2589938486742 29.98510510039456 0 0
38.42678161354995 38.44936084500284 0 0
