# Status file for ctqmc. Used to save all times t_s, t_e.
10
2
18.20478941750938 18.13856827913115 0 0
18.34372542054169 18.32825566824029 0 0
3
8.858829107296115 8.793406688626414 0 0
36.3507514780534 36.14946647001409 0 0
36.98047036675734 36.68750779377333 0 0
15
0.1540476539844562 0.1304546090469998 0 0
1.911188967413181 1.868780541770633 0 0
8.770283971016262 8.726032073825928 0 0
10.3091618390763 10.30078258561363 0 0
11.64936243214542 11.64394176435647 0 0
15.68638696473794 15.68356107553964 0 0
17.57622205455733 17.57504464629949 0 0
17.6108739608284 17.58534676247081 0 0
29.72684288188525 29.71791910972959 0 0
30.14565430788796 30.07882751573998 0 0
31.65661107475362 31.46284296097073 0 0
31.9716579350259 31.66599771741166 0 0
36.45804160950775 36.44348400976922 0 0
38.57590653784001 38.36384159425143 0 0
38.66826971880744 38.61803257859974 0 0
2
18.29802626795377 18.28052642097061 0 0
26.78831662960722 26.75805166698895 0 0
18
3.753987618211589 3.694008444304174 0 0
5.869033517293066 5.863288751104399 0 0
7.665514553051298 7.560172664469216 0 0
10.44301715485077 10.43025269050039 0 0
13.5056913689118 13.49882784497697 0 0
13.65242228063759 13.63556577155546 0 0
15.83733010364796 15.79796789976613 0 0
16.36841543287695 16.35584982007011 0 0
17.79688307331476 17.73757048399406 0 0
18.62495859923482 18.59916148642904 0 0
22.48204275178342 22.43002224753888 0 0
27.17791896345891 27.01443231706885 0 0
29.11540216287253 28.95588525848526 0 0
30.52115845679326 30.41636620329887 0 0
30.84156471148364 30.80890044844501 0 0
32.0757257185609 32.07061735401051 0 0
34.48416908860023 34.38940505913908 0 0
38.46842308851736 38.41988553851551 0 0
2
18.32518487386729 18.30741904529849 0 0
29.65399679157946 29.63909001466206 0 0
3
9.415873820668075 9.354546911244611 0 0
11.61020117143994 11.60393141730612 0 0
22.79859461009002 22.75460410132122 0 0
22
1.46432500780665 1.506448733985192 0 0
1.63798946827995 1.941856782939749 0 0
6.210528057506117 6.236287173670161 0 0
6.915171891377236 7.36703234613383 0 0
8.149634671868698 8.66582181299046 0 0
8.667566994808654 9.248213673417229 0 0
9.261522659832099 9.532445368680987 0 0
12.8784054054241 12.88967688902405 0 0
13.46129247014424 13.66386096835118 0 0
15.07249662464026 15.29556634315687 0 0
18.64126322958476 18.6780672414626 0 0
20.39873268971969 20.69891858732798 0 0
21.91926002018696 22.11989261652304 0 0
25.29700593486158 25.32302920741181 0 0
25.77352135741214 25.8407998267543 0 0
27.8256023240974 27.93558477746558 0 0
28.7941206913896 29.24393589958406 0 0
29.35608668777396 30.21419535625339 0 0
31.42556919635424 32.71710651090422 0 0
34.73454136643704 34.84935005029114 0 0
36.18941919406968 36.75302353375413 0 0
36.76719113195063 37.09966178896025 0 0
3
4.511667828987267 4.411909160030269 0 0
17.55470784551088 17.52972198959046 0 0
28.19244883795794 28.18018466721525 0 0
24
0.461225070295181 0.4900666012020752 0 0
1.331827559158067 1.344185187963919 0 0
1.534476697092106 1.581157948839251 0 0
1.88425612962298 1.969230949811256 0 0
2.492715790025744 2.563315993395749 0 0
6.764794321916986 6.801550731685262 0 0
9.424768671319708 9.663118089612677 0 0
10.60681776656836 10.74353034074895 0 0
10.75096911412243 10.76039430758206 0 0
10.76308547263312 10.96142357089272 0 0
10.99001595981005 11.03155021674324 0 0
11.07031603033834 11.3417943135128 0 0
12.28723296513524 12.31956276170238 0 0
14.597323822408 14.66429217336676 0 0
15.74912352849089 15.86139143024219 0 0
16.89071107019116 17.29378266379157 0 0
17.81639705300624 18.18243442432431 0 0
19.57117133711267 19.58337442051352 0 0
21.28231550609935 21.42278569452142 0 0
27.37843915557903 27.46049994012635 0 0
28.68481500556975 28.69922904478688 0 0
33.69703645371813 33.91358008919878 0 0
37.92987270188144 38.05691764761699 0 0
38.07103477144689 38.19517313088822 0 0
