# Status file for ctqmc. Used to save all times t_s, t_e.
10
1
8.406581746856528 8.35852115266391 0 0
4
1.266093818946409 1.078623092392235 0 0
3.668664747390655 3.650976495108642 0 0
15.45586247515943 15.44845634006473 0 0
36.67176064009735 36.60215078223972 0 0
14
1.137184050047145 1.114397902887663 0 0
2.822482292728698 2.364889971720323 0 0
4.179921745854651 4.165068277653464 0 0
4.825227875826223 4.822097650448638 0 0
10.44974850908998 10.4336996377742 0 0
12.36490131874119 12.36319532655925 0 0
19.01677406539972 18.99821940320003 0 0
19.80179378990606 19.78503125517632 0 0
25.00314217726759 24.97982511474276 0 0
26.78423531053133 26.7725639310648 0 0
29.39170421102681 29.30268494286356 0 0
34.84433369585553 34.84181652341772 0 0
35.60090639541666 35.54832094678068 0 0
36.47490925437547 36.47425073837024 0 0
4
4.406449006664249 4.314140665626857 0 0
7.012668018118513 6.934208050585466 0 0
26.73432336637515 26.65432066916017 0 0
30.80951591072987 30.80857677924558 0 0
19
0.426341002201059 0.393359730806722 0 0
0.6802570146721436 0.6449928897516803 0 0
4.684635192997625 4.579117254428965 0 0
6.641106343255307 6.624456255405784 0 0
7.628332796569384 7.549691162667211 0 0
8.461531907592372 8.440987312073524 0 0
9.176710033459594 9.149608424307203 0 0
12.13324942300246 12.09191713318399 0 0
12.53820482374761 12.52615912664466 0 0
13.28702475332478 13.21404268308072 0 0
14.55062086903261 14.53883522529929 0 0
17.39330817513681 17.36090539326725 0 0
18.90287382380158 18.81110706810514 0 0
22.28917308220344 22.25668099904838 0 0
23.5720002101048 23.5504466409433 0 0
24.44251746690223 24.435955074108 0 0
27.90305177165596 27.89785764437894 0 0
28.75369940168867 28.63469337128839 0 0
36.3646881641313 36.12890705948501 0 0
4
2.143920893657125 2.091966353807884 0 0
19.24181289476693 19.20865674127401 0 0
20.89245189535258 20.84495485361596 0 0
35.42852064884599 35.4280508285912 0 0
5
17.26752590800338 17.05973398832187 0 0
21.06748138431486 20.89808514163896 0 0
25.81772281094377 25.79444026908543 0 0
28.52638816351029 28.3955871774365 0 0
31.94560802608474 31.92669274144061 0 0
16
2.418228851382651 2.566561124112418 0 0
3.932068154338268 3.969501950396523 0 0
4.812532871967889 4.885884791817324 0 0
9.390407369532877 9.412221128735398 0 0
14.80095120801799 14.85652918082572 0 0
17.96416206873284 18.0876774679063 0 0
19.8582913130599 19.97007489137786 0 0
23.72278686835824 23.9422196025606 0 0
24.40045245799915 24.50087172733292 0 0
24.64168867137888 24.71451968554712 0 0
24.853673873478 24.85752032673132 0 0
25.97778099360767 26.38687879879064 0 0
26.57692907722372 26.92837632224756 0 0
27.01647413478155 27.03513181614604 0 0
29.93205153341981 30.09769058166688 0 0
36.71503566143424 36.74196831577589 0 0
4
12.70217495599206 12.60121787332636 0 0
14.38809775854523 14.35083428841182 0 0
27.25149939683037 27.18452754296897 0 0
34.69824895864775 34.64594068927852 0 0
19
1.021729013032731 1.076450694892019 0 0
1.902426699348816 2.00160619274464 0 0
3.383145690429787 3.48514524982601 0 0
5.143918889332545 5.448699703002561 0 0
5.651001593233388 5.697728970998142 0 0
5.744419968076905 5.872626420640166 0 0
7.392717375998902 7.46292575806654 0 0
13.80795518110095 13.84684378763843 0 0
14.12586457316468 14.57615116496669 0 0
19.02045796251784 19.17605424435198 0 0
19.21132737265376 19.25847262203504 0 0
20.06145815531221 20.13386594687725 0 0
21.11180078555817 21.35402945689782 0 0
21.7368653424316 21.7435382756528 0 0
22.14548692660925 22.15226126068484 0 0
23.19378231521134 23.24238720224572 0 0
24.05605245170366 24.09302941827584 0 0
25.97161097526025 26.01612449280787 0 0
37.16278107025662 37.33507727820843 0 0
