# Status file for ctqmc. Used to save all times t_s, t_e.
10
2
32.19049308694332 32.18211822112625 0 0
35.13668554566976 35.12626908003396 0 0
0
21
5.353222917158765 5.273818530946304 0 0
8.891396848150777 8.597878874225941 0 0
10.97265784482634 10.91964510036623 0 0
12.05225737699793 11.98679859700314 0 0
12.45384305906708 12.43245950913666 0 0
12.67342749383264 12.64859701058778 0 0
14.84124420470504 14.8319960343613 0 0
16.13558085925331 16.09777043015086 0 0
16.18233062445281 16.16401450080766 0 0
16.55949084420676 16.52146128615083 0 0
17.50194057478357 17.49098604910508 0 0
18.89115424042272 18.87810580119908 0 0
20.6294988119666 20.61009599241443 0 0
22.61557212803447 22.53919559259453 0 0
24.24348457607336 24.20821732395333 0 0
25.16037025412093 25.1176709158479 0 0
25.71657667945514 25.69647852989818 0 0
28.75218069758004 28.66559865540295 0 0
32.19843722111282 32.1843209417512 0 0
33.04549035533002 33.01560972293343 0 0
34.21239408728184 34.20357174066906 0 0
3
0.3304935538651677 0.3196214114910987 0 0
7.220706621624452 7.220526261642767 0 0
14.25438643645834 14.22782361111278 0 0
14
1.781232972984228 1.494320119405451 0 0
2.519981129606115 2.51437398741741 0 0
4.133447640538055 4.116694157962599 0 0
7.371864624425249 7.35644488170071 0 0
7.447146216130269 7.444139176967841 0 0
7.79271748738282 7.790750238172666 0 0
13.24795468670749 13.24225288349612 0 0
18.56929808760356 18.5675018410627 0 0
19.87188246015704 19.79657466042692 0 0
20.28211197101766 20.25284778180493 0 0
27.40724835490899 27.39056792578975 0 0
28.32275614024703 28.31175979869271 0 0
35.00690701465636 35.00283368008675 0 0
36.75415940036294 36.5243774861706 0 0
6
3.055052370292754 2.973113983986295 0 0
5.076310487185587 5.038026593088757 0 0
6.800396193494676 6.746585087794948 0 0
19.51426959478442 19.47579954866346 0 0
24.05119597154536 23.9790625562372 0 0
27.01111816138803 27.00260832888208 0 0
4
4.48319015125242 4.479026229546559 0 0
29.67761991812003 29.47157815251616 0 0
32.39997190328958 32.35659635463819 0 0
35.9676991290374 35.96571570263398 0 0
25
1.121942947752573 1.350073490645116 0 0
2.270674099556226 2.96408242614682 0 0
3.9981281333782 4.106094299800287 0 0
5.021477839265017 5.152797797263479 0 0
7.59845929853023 7.61308059510375 0 0
8.682221577434078 9.032658619765428 0 0
9.073000585640768 9.086961708894963 0 0
15.17740515986562 15.25065657983538 0 0
16.07102300392027 16.15852659041347 0 0
17.90062583383255 17.98955116945865 0 0
22.34598839488722 22.37863851456701 0 0
23.68680112490216 23.75076439902904 0 0
24.25866026384046 24.30214972166434 0 0
25.83587376323669 26.25016523966518 0 0
26.59698754711659 26.76105483382791 0 0
28.55333891521467 28.6829062306796 0 0
28.98037721269317 29.43434197965719 0 0
29.43792093927936 29.44282783784547 0 0
30.19942159837837 30.22799027557188 0 0
32.83146953771708 32.91019697008343 0 0
35.16790398824948 35.2956674268921 0 0
35.55681634276055 35.66303465824615 0 0
36.3694302284653 36.46315955633914 0 0
37.23355076939222 37.30556663431363 0 0
37.3391394077956 37.62353544954014 0 0
1
2.601556353540853 2.598285236595766 0 0
23
1.779932849332515 1.856669367745487 0 0
1.864711765262559 1.906703322305193 0 0
4.195683012503477 4.324869109196066 0 0
4.678050322942805 4.80080280385896 0 0
6.42707281953048 6.440101225844147 0 0
7.798333310127429 8.024065448534671 0 0
8.994612070565188 9.030671107496847 0 0
10.34258976701381 10.38601526841987 0 0
10.39293847281608 11.21322634537712 0 0
12.17855079221747 12.29314673276232 0 0
17.08659875595676 17.13715666369476 0 0
17.26342301506756 17.336409882152 0 0
18.94249153463825 19.00567980793885 0 0
20.19769351226626 20.20154416166245 0 0
23.62181896832034 23.77579389861069 0 0
24.59380527325741 24.67433851843369 0 0
26.49272772316775 26.49719540486338 0 0
28.67492717076076 28.68921774347371 0 0
28.80615415215104 28.90360468507142 0 0
31.01349640970045 31.03114179293614 0 0
34.4914882641929 34.56362292703841 0 0
35.00670730614758 35.05708285439209 0 0
37.2286040519077 37.4354889977125 0 0
