# Status file for ctqmc. Used to save all times t_s, t_e.
10
3
13.17169996149197 13.13107133918784 0 0
13.7466098868797 13.67720641348805 0 0
14.37857440841829 14.33823645366056 0 0
4
5.201733167113332 5.112162659540161 0 0
19.64887243306979 19.55340312923897 0 0
24.42902689132834 24.37859318208485 0 0
32.67768611217214 32.45609283945764 0 0
22
1.113041313425832 1.055836380596315 0 0
1.164376202366423 1.164064368543812 0 0
1.696182498035544 1.684874672050649 0 0
2.630359030840871 2.599620718253311 0 0
3.630540990470646 3.567616698284369 0 0
9.827723469197206 9.766118868954027 0 0
12.65363704307397 12.59558824827034 0 0
13.65468563090958 13.64982085647563 0 0
15.56849319202971 14.59589882457381 0 0
15.65488520216327 15.6465995021019 0 0
15.68434019198126 15.6787268054273 0 0
15.80689874038961 15.79785120939709 0 0
21.74661997996899 21.74069956060151 0 0
28.57139116351669 28.56949623385579 0 0
31.05698919339386 31.03196105562025 0 0
33.15308126040119 33.11434219897123 0 0
33.27389344623653 33.25293416762772 0 0
35.57596682911418 35.50632256180893 0 0
36.26870680004767 36.25909335060513 0 0
36.45978959759277 36.45049194353553 0 0
38.21891049389175 38.21171877415694 0 0
38.45443499319036 38.36821903278832 0 0
2
0.08407337672079507 0.02395849008796347 0 0
18.94596855723132 18.93248996151726 0 0
20
0.4082900881577842 0.3913222561881895 0 0
1.259083922756027 1.225259155341951 0 0
2.072234002215144 1.985348842655232 0 0
5.621990065481713 5.612089832903536 0 0
10.21308477794616 10.20947558857134 0 0
11.63720729341591 11.61738274175027 0 0
12.44270533693205 11.97499033976969 0 0
14.65545821530678 14.64931580972169 0 0
14.84867520588276 14.80816406983304 0 0
16.61645124911153 16.49450057453426 0 0
18.9296909571768 18.9219215926922 0 0
19.25334559815077 19.20100961372423 0 0
19.49550526074081 19.27271591767341 0 0
19.63804241895709 19.60588619935102 0 0
20.90604273252969 20.90573819911346 0 0
20.98160460201537 20.9654818220121 0 0
25.29108774202969 25.28046355394511 0 0
26.05610455620514 26.03341052891934 0 0
28.96724015678705 28.91138237859628 0 0
32.00601789690627 32.00348606994268 0 0
3
1.968839963377676 1.966067137161013 0 0
3.343500962604002 3.318530120693564 0 0
5.885044474184217 5.566795033570624 0 0
3
0.753423768057004 0.7532466838280243 0 0
0.9209870120438524 0.7946212066431425 0 0
29.8355050667289 29.79300958777221 0 0
23
1.412195356715354 1.513276589984426 0 0
1.793323565225217 2.055004727275959 0 0
5.236103500529777 5.276589671581405 0 0
6.062012966729244 6.1301408025256 0 0
6.19256805102449 6.244569696667868 0 0
6.621932468359539 6.632963010239169 0 0
8.990169298223881 9.1357412710638 0 0
9.157609022431656 9.220418435471048 0 0
10.41672574351323 10.47336348729587 0 0
10.84084195933884 10.89538091702889 0 0
11.93598169515721 12.48618878544092 0 0
12.99493395999421 13.02620091174125 0 0
14.43456234630842 14.74538309852707 0 0
14.75731244747126 15.49521205075136 0 0
16.95463384214939 16.99653556124537 0 0
17.73293700565458 17.74451567573105 0 0
25.9561401481402 26.08860843771864 0 0
27.94586049013385 27.9490548809389 0 0
28.14738496769886 28.25358141803814 0 0
31.11624445818629 31.27844743819486 0 0
32.92932464064806 32.97359246621317 0 0
37.09183833353655 37.24948017965247 0 0
37.85727474771149 37.9945294838987 0 0
6
8.797674214273094 8.78303131193924 0 0
15.58367372749179 15.53428072532397 0 0
26.09065383796253 26.01169350916947 0 0
30.34655123523655 30.16451166029663 0 0
31.35829976746721 31.34923378148621 0 0
34.42888316965582 34.40468361736711 0 0
17
0.7147116248391214 1.465384051399768 0 0
5.179691258881183 5.867629598677262 0 0
6.710332994889277 6.855014650510248 0 0
11.47328737508019 12.11616577316684 0 0
19.19376328856914 19.26706584294978 0 0
20.34236312997812 20.34790391833425 0 0
21.26962945908623 21.70593270693723 0 0
22.81742457698236 22.96930986900322 0 0
24.22923225002148 24.32094676928628 0 0
25.6420288264155 25.64705446935304 0 0
27.14786105177138 27.16220408710524 0 0
27.81653358076508 27.86380516080234 0 0
27.87763299379965 27.91748834809724 0 0
31.56876006161888 31.72862637809725 0 0
31.78233284145797 31.80561073131248 0 0
36.66380675095891 36.66478205703405 0 0
37.77522146147692 37.81771798632359 0 0
