# Status file for ctqmc. Used to save all times t_s, t_e.
10
3
1.98352494651801 1.907150323295745 0 0
24.03678109093199 24.03613966138758 0 0
24.56238386375602 24.53036139220096 0 0
2
19.63001760748195 19.2788503486003 0 0
37.9367014823842 37.8940499123265 0 0
19
2.611322422396052 2.590188809010088 0 0
7.604146973930956 7.57226775800016 0 0
11.4713878212332 11.42040461410916 0 0
17.69295698902821 17.659030750683 0 0
17.99214017907046 17.99142688563979 0 0
20.28423246348817 20.28397635139174 0 0
21.94320083159761 21.90680754934065 0 0
22.34347313256423 22.27227175623387 0 0
22.91324069503634 22.89585491095549 0 0
26.27927345936897 26.26603136965169 0 0
27.57807998193649 27.53269384549489 0 0
28.71684017445801 28.69910715715052 0 0
29.60034576802622 29.57397871936238 0 0
32.69936096574411 32.68355903812768 0 0
33.02150180845265 33.00873302711656 0 0
33.79889865171568 33.76802843623277 0 0
34.68844651818728 34.65959424793881 0 0
36.00884622407671 35.99604893358305 0 0
37.34824440896621 37.33586403345377 0 0
0
18
1.393189829291067 1.323819335773727 0 0
3.026862692841232 2.988460317242046 0 0
4.313455024554452 4.279839118282459 0 0
9.4939449948166 9.342967091922008 0 0
10.88662599936529 10.88462886744715 0 0
11.37355608337832 11.35228211302245 0 0
12.56022527845765 12.5177728884103 0 0
13.81436320163402 13.80503666420799 0 0
14.69190276935279 14.66354559496153 0 0
15.02877231479865 14.90774949676948 0 0
15.24033632467082 15.21073024030155 0 0
19.9956162548837 19.87748361380219 0 0
26.9743014591165 26.95786506241879 0 0
28.87744842261188 28.87649891820123 0 0
31.08714045158357 31.02118799999486 0 0
33.24732560314686 33.22275880359126 0 0
33.64351775276648 33.63686516464539 0 0
33.76575919725985 33.6821860071104 0 0
3
1.935216563916819 1.88129755439189 0 0
14.19540967301899 14.15883338178214 0 0
24.05042546093 24.01176162494269 0 0
2
11.62397047103575 11.55126319458476 0 0
24.37331430511445 24.3608260979314 0 0
28
0.9409369337427691 1.021063548729494 0 0
2.421220311407251 2.616915376758628 0 0
3.656471099854139 3.833964563528233 0 0
4.228299636580785 4.823245213910874 0 0
4.957307432082562 5.077343795868285 0 0
5.491015856639635 5.495295495462113 0 0
7.877315846885347 7.901511869929448 0 0
8.125240471168013 8.168565836088797 0 0
8.517515615155943 8.544484838788883 0 0
8.761141802732119 8.894614192221336 0 0
9.23021144418446 9.293332793776226 0 0
13.02038791052698 13.03318447179485 0 0
16.23795490269044 16.52167103073883 0 0
17.6402356121361 17.80751769790487 0 0
18.06428619237915 18.13186451820286 0 0
18.1482628941884 18.22710791952274 0 0
21.18702410500401 21.22663951925531 0 0
21.29192098660562 21.36429098936628 0 0
22.52171939274756 22.74312636437745 0 0
24.18720509147253 24.30040999272505 0 0
25.63915972650139 25.73869131444143 0 0
26.51698336462675 26.8301527818214 0 0
29.64474734218708 29.69920874818578 0 0
31.42577719957752 31.79012185822882 0 0
33.01534226570826 33.27648692954588 0 0
37.04879954347571 37.10305463522758 0 0
38.22759739534403 38.23625375164585 0 0
38.32422550439684 38.3352635317827 0 0
3
14.13444259349978 13.98582757657486 0 0
19.85821105209018 19.67202513285366 0 0
20.11122665153775 20.09429038282634 0 0
21
0.2484951562587436 0.260877927279195 0 0
1.199508649577345 1.432605703674705 0 0
1.661920324625596 1.816516944830474 0 0
8.282829866179096 8.309591541899858 0 0
10.18096627469519 10.23064438770104 0 0
10.96123996906104 11.1425480732949 0 0
11.85384659566827 11.95439331184927 0 0
15.71566023871549 15.92033137755832 0 0
17.37786347105335 17.37879500472632 0 0
19.36653062555794 19.37635899497499 0 0
19.40760827498219 19.65282698868187 0 0
21.8854718983072 22.4831491496566 0 0
23.90027227801845 24.05750423414091 0 0
25.99474313335753 26.01775782297667 0 0
26.125069328219 26.17360556562321 0 0
26.86697534899506 26.89173056196581 0 0
27.00512533067192 27.47893148146672 0 0
30.30548018577453 30.42512761348206 0 0
31.90218958384236 32.00996289166227 0 0
33.41392390731355 33.58223261189862 0 0
36.09963833915288 36.109787686252 0 0
