# Status file for ctqmc. Used to save all times t_s, t_e.
10
2
6.370316106419042 6.352051736961005 0 0
31.53495155089954 31.39814360473396 0 0
3
11.63179006751645 11.58485794968934 0 0
22.66903357137083 22.6605955946794 0 0
25.65466652383058 25.6440396523126 0 0
23
0.4450006683322343 0.4314552019147868 0 0
4.778131093556997 4.754398011404529 0 0
8.507299423519731 8.471813777405055 0 0
8.990984262610583 8.990524053518923 0 0
9.973357552515479 9.952913978090001 0 0
13.39244639832671 13.35242257819204 0 0
13.42113037887316 13.41840780544634 0 0
16.00933623308148 15.95439336243502 0 0
17.33360479558058 17.26837688166325 0 0
18.05667489243504 17.87188377506732 0 0
21.91249541650485 21.91003437310535 0 0
22.07460632375584 22.02917495644373 0 0
25.84398175685608 25.77637596272611 0 0
26.36058255703523 26.32661672972017 0 0
30.05998857059459 29.9335783362269 0 0
31.34149060597374 31.3385925461065 0 0
32.30597595306513 32.28601277985919 0 0
33.46060476220547 33.4068216181546 0 0
34.69234196445748 34.64611037944772 0 0
35.2829783781014 35.25028640923101 0 0
37.27379473288074 37.251417422355 0 0
37.31878779445818 37.30157529967055 0 0
37.57537925207261 37.57238788292585 0 0
3
11.54813583875248 11.53535106424034 0 0
29.6768388201471 29.64810182102001 0 0
34.48041011990631 34.47221837097347 0 0
12
2.398792990967946 2.301917494892902 0 0
6.151112625703703 6.145099575715543 0 0
6.641719573524801 6.634851366311782 0 0
8.357172022496869 8.349098242214513 0 0
8.900396671085494 8.856790066213971 0 0
19.73084785378713 19.69927751347728 0 0
26.9980914107818 26.99620052438684 0 0
28.73804937363671 28.72030286826673 0 0
30.54888214106135 30.51540353304296 0 0
33.70908508160105 33.39479880319561 0 0
36.82372721269723 36.80912080231285 0 0
37.12904925760293 37.11591526933165 0 0
5
1.483154522193436 1.457677775143623 0 0
5.238369569352113 5.201141979580381 0 0
6.710063331240201 6.6806739240976 0 0
7.70291480023339 7.592869265819688 0 0
8.514813622353676 8.492822708437282 0 0
1
29.87352216472843 29.78782063215914 0 0
25
1.742160269490043 1.815140519330171 0 0
3.164062591751083 3.219137352527221 0 0
8.139611471945097 8.510019622852662 0 0
10.00790762011908 10.53543797762222 0 0
13.1967908056663 13.19770951790431 0 0
13.22755933506983 13.29388268955285 0 0
17.8320071440394 17.94693493167237 0 0
26.73530650970923 26.90827864535614 0 0
27.40807951598591 27.74619241661916 0 0
28.00219776968671 28.11229166427633 0 0
28.23273830652603 28.3816181081185 0 0
28.41280067342602 28.44199631349608 0 0
29.62315877302457 29.72560671267353 0 0
29.79732585484017 29.98432003354107 0 0
30.16344703421719 30.17086615667458 0 0
30.29001836994411 30.43177135653151 0 0
30.85229163186836 31.21635671328662 0 0
31.96854883193996 31.99793250550827 0 0
32.88903376842249 32.90061186337819 0 0
33.19317939299786 33.23721199500422 0 0
33.41055286065573 33.63633478792806 0 0
34.19159836776204 34.33104053929063 0 0
34.74220794064868 35.06000659927998 0 0
37.1051754126981 37.2954394667794 0 0
37.54128154836398 37.64698658871998 0 0
1
31.13902694088636 31.06364583998045 0 0
20
3.565752649653081 3.597859209271643 0 0
9.406210983051599 9.536624688298549 0 0
13.05695376350255 13.08935516007159 0 0
13.1055163900529 13.13878880619838 0 0
15.83975169040957 16.01010488212176 0 0
18.066158156204 18.23097611028967 0 0
18.48312609892123 18.50970667578241 0 0
19.83219918666336 19.93981326590922 0 0
20.96410683167899 21.09403232337456 0 0
24.20373399207965 24.32967310009802 0 0
25.86511570890288 25.87090209737156 0 0
25.94483723842531 25.97884492837391 0 0
27.00167057125534 27.23072498567862 0 0
27.28593426448687 27.55200370679936 0 0
27.98707566846725 27.99205114866414 0 0
29.1422404279567 29.19089848831527 0 0
30.84522390373715 30.86049681764826 0 0
31.73306278914224 31.82700718098809 0 0
37.70302577917796 37.82846891007819 0 0
38.17164542741768 38.20443510049208 0 0
