# Status file for ctqmc. Used to save all times t_s, t_e.
10
1
32.37321537205278 32.30345574725495 0 0
2
15.4918411958574 15.47771609112399 0 0
25.2575603514297 25.2016136919113 0 0
18
1.05320053151092 1.035399614309689 0 0
6.342983869393183 6.336038208168262 0 0
6.840527140638656 6.774179306961679 0 0
6.904960551937278 6.902634632766255 0 0
8.335806312738226 8.312322916216058 0 0
8.391326603426165 8.379397802996049 0 0
10.3690447240301 10.36379738259779 0 0
10.47177819023041 10.44248880704437 0 0
11.39725629817932 11.39493234337451 0 0
13.49022732591494 13.42978530157512 0 0
24.68954940018175 24.65580300041502 0 0
26.96056931105667 26.72015916309 0 0
30.64759224876257 30.63592250024827 0 0
31.11641065808834 31.11594802736115 0 0
32.86923039189142 32.86721233063747 0 0
36.21827455029288 36.09229943414503 0 0
36.48696452954697 36.43543596725198 0 0
36.99681240532726 36.89151205352271 0 0
2
15.52796379984011 15.47749254237072 0 0
36.43505067803825 36.34901055043348 0 0
15
0.5904833057662089 0.5862162804518576 0 0
4.063187732983913 4.024054006572556 0 0
6.279000541224866 6.265753482088832 0 0
9.297959206617236 9.263980998651091 0 0
10.05692369971563 10.04122803305185 0 0
10.07824171587647 10.06931796796216 0 0
10.74143182675225 10.41558754511516 0 0
14.67644119304426 14.64003718741793 0 0
16.07546227811903 16.07392858529995 0 0
22.72172515933159 22.69880944985462 0 0
22.78869285813448 22.7692525760547 0 0
34.07360600565486 34.06736767638679 0 0
35.60986282123305 35.46423585323534 0 0
36.01737865449871 35.99946386883607 0 0
38.50671922233749 38.40572904048281 0 0
2
11.69334336105071 11.55285914207434 0 0
25.06885601095389 25.06152332299074 0 0
4
3.77441268976105 3.748063174980928 0 0
9.676241128189059 9.648542594969891 0 0
29.87263448825171 29.85209364942271 0 0
32.42212312346149 32.41252811003798 0 0
30
1.429983738219489 1.549437814174548 0 0
1.807640384951376 1.847209646162035 0 0
2.367605455441502 2.412698553395021 0 0
5.952192758817611 6.046672599346486 0 0
6.429690138280306 6.71224377300324 0 0
6.971541050799344 6.976744753203461 0 0
7.149098244367227 7.389968534700833 0 0
7.682106486720326 7.737929244788585 0 0
8.433916872440687 8.453639724313394 0 0
9.541680422257958 9.660878537083864 0 0
10.58917509829926 10.61936232468801 0 0
11.76922723998295 11.77254121343447 0 0
11.79760748670289 11.83619814869704 0 0
13.13921714729571 13.15692098631659 0 0
14.48596287786461 14.52273563459983 0 0
14.6081111857813 14.67207770079413 0 0
16.8657347943773 16.88005635175998 0 0
19.40356084024993 19.73991732601058 0 0
19.77268783869123 19.94606430829258 0 0
19.97606509613998 19.98723083039307 0 0
20.09812844212228 20.18158355400625 0 0
20.22055979089956 20.30581123617359 0 0
21.91055308647153 21.9357978653262 0 0
27.29842267494829 27.33085232842888 0 0
31.7749267962068 31.81258396240618 0 0
32.10204193774437 32.1329978803825 0 0
32.22240247233657 32.27422147410482 0 0
32.28549983811284 32.51322837630208 0 0
33.35237647525371 33.38741244595059 0 0
35.53432425840597 35.93904910676788 0 0
3
12.32695053012158 12.18424068297233 0 0
21.30492122516091 21.23693921893573 0 0
31.68030790354733 31.64280775607515 0 0
27
6.857582579017214 0.01270430003512502 0 0
8.069718856627247 7.251944499255399 0 0
9.057393316200088 8.141166574258941 0 0
9.078356294135702 9.066704183692542 0 0
12.46274484513159 9.264981852921244 0 0
13.43134169540624 12.47782086390802 0 0
14.18337379751054 13.78430027806713 0 0
15.30187230421618 14.28829196917111 0 0
15.36073578620465 15.35987351222848 0 0
16.41280417519162 15.67541317235895 0 0
21.60709662089914 16.74919032562496 0 0
22.45147819085799 21.76195425821159 0 0
22.79494202565918 22.47624844146844 0 0
22.85288801786556 22.83780018875486 0 0
23.19046092873569 22.86327974106343 0 0
24.48982583118908 24.16342612156687 0 0
24.83886131324706 24.49896299399006 0 0
26.24741156204076 25.29961706952392 0 0
28.47424597347945 26.34897736975226 0 0
28.75412063998978 28.69886196287626 0 0
29.95807839038815 28.87901803516022 0 0
32.61736727441168 30.02953606473677 0 0
33.71495293797832 32.67857777206368 0 0
34.87397291508116 34.04449992198212 0 0
35.20535995260918 34.97853276277004 0 0
36.82175547211382 35.26679779739501 0 0
38.58152853040583 36.96794882450065 0 0
