# Status file for ctqmc. Used to save all times t_s, t_e.
10
3
23.06047896913566 22.98812753299916 0 0
27.93604327927732 27.92514623897344 0 0
36.83932272166896 36.81190744573754 0 0
3
6.712961627594055 6.681589483241439 0 0
11.56869117204091 11.55248488833344 0 0
26.63164504611653 26.44840572886974 0 0
27
1.098797030710235 1.074100927678415 0 0
1.97968237419121 1.417045855246538 0 0
2.435816332140003 2.406146729382178 0 0
8.402544904098821 8.37280396715656 0 0
10.16389304396985 10.13184764348805 0 0
11.80714275538921 11.72418515915476 0 0
11.98796379121513 11.97126266699818 0 0
15.42602721023763 15.41911679601395 0 0
18.2555335953547 18.2003945437283 0 0
18.31182645755408 18.30659266551573 0 0
19.16595413696422 19.16569598851513 0 0
20.08607243062714 20.07476534061326 0 0
21.87866026483165 21.77152911010327 0 0
23.33770016591704 23.31448567150228 0 0
23.98098100663947 23.93572259626874 0 0
24.15258524929933 24.14638279295179 0 0
24.99085295221116 24.98385558302386 0 0
25.11208239054859 25.11187492107355 0 0
25.18531072833193 25.18202998281038 0 0
31.87955495651772 31.86778859663286 0 0
32.23274277024817 32.21406624685872 0 0
32.56204200363712 32.55229643052194 0 0
33.47401328418312 33.39851655394803 0 0
33.62245001254948 33.61925464779936 0 0
33.91424173235667 33.85867073750151 0 0
34.10188774887118 34.08164749140366 0 0
36.90962370876181 36.86671157000687 0 0
1
17.65068496119205 17.63691124345914 0 0
13
2.704539647033272 2.676881758609833 0 0
3.933450285675711 3.872054708891643 0 0
4.208702687978348 4.200226823262087 0 0
7.26096530610018 7.154183350635186 0 0
11.76178731872585 11.7517265024734 0 0
16.54764702829365 16.54011978827408 0 0
19.80312234260165 19.75849955796301 0 0
22.73230443786029 22.72867023321879 0 0
27.93069295033811 27.91288619364886 0 0
28.91720935539649 28.87593023215711 0 0
29.24834222409185 29.14080069214264 0 0
34.1374612036713 34.11639249585676 0 0
35.71031876237051 35.69707663380012 0 0
1
33.03149089982716 33.02209404314758 0 0
4
1.738590894754694 1.731823562239519 0 0
15.39605280363493 15.38679226732213 0 0
37.75498794635136 37.73309218353066 0 0
37.92067003242485 37.90440795787793 0 0
27
0.4540996446308756 0.7763789337184195 0 0
1.368886046036625 1.475270800252241 0 0
2.741169233286632 3.024181570438676 0 0
4.341162457240017 4.3414053082761 0 0
5.605591289060706 6.784098805988334 0 0
7.0901362450916 7.148680489890209 0 0
7.715886206038888 7.871550872316475 0 0
9.540481726908993 9.56872727807318 0 0
9.767454797274263 9.833352727873507 0 0
10.33867479998875 10.39398691729272 0 0
12.08009976425458 12.08854950241542 0 0
12.126741302669 12.41083446156361 0 0
15.48088265700139 15.75180978635457 0 0
17.16429217710736 17.18735484598027 0 0
18.56716788030867 18.58936620503062 0 0
18.63420615840712 18.81099260582258 0 0
19.91861247190036 19.93871684675096 0 0
20.13301846689142 20.16108963964063 0 0
24.43120538824527 24.49325396789429 0 0
26.0654660241979 26.07466884697489 0 0
28.47473223033516 28.6815697102423 0 0
28.68967757763497 28.70918007043388 0 0
29.08647956913643 29.11219933106829 0 0
29.84635935148703 29.86572972281806 0 0
30.10931490146967 30.12261595353225 0 0
35.95602517214953 35.96132093789284 0 0
36.01947920924675 36.0606991397453 0 0
4
4.736176818927113 4.61416526578266 0 0
7.037960914311125 7.004149938732859 0 0
20.80719258180921 20.80524116405302 0 0
36.62705063392749 36.62622843565045 0 0
21
1.696518547668308 1.913041002739577 0 0
3.583019579882346 3.721590850068014 0 0
3.763554312462745 4.070321183233451 0 0
5.419460338448192 5.719615475394151 0 0
9.433260236275592 9.48401378760345 0 0
9.714389290320883 9.803829811649571 0 0
16.33837933403354 16.40060896012038 0 0
17.70895494217476 17.85972065395111 0 0
19.9059839864664 19.913909153205 0 0
20.73556250093458 20.85975817373498 0 0
21.25363033021719 21.65435372243432 0 0
23.24280199082858 23.31156970350909 0 0
25.06659811235323 25.08641338419978 0 0
25.50508965664973 25.63686896432973 0 0
28.72395442796033 28.7399549384749 0 0
30.55074318018775 30.57697424444556 0 0
32.09963388416501 32.1232504572137 0 0
32.58852467152116 32.73253117720583 0 0
33.65291611052041 33.73603951935227 0 0
33.94109580758266 34.26382088366117 0 0
35.7990867694507 35.87169669930801 0 0
