# Status file for ctqmc. Used to save all times t_s, t_e.
10
3
1.176729792993704 1.167572025483359 0 0
11.50079653962037 11.46415443484601 0 0
18.20763843878931 18.17245859491102 0 0
4
5.404142813238741 5.223188195712027 0 0
16.7938193824948 16.74670701223724 0 0
21.55240431144091 21.507776610501 0 0
29.10382962417548 29.10377451217159 0 0
17
0.2893536000208172 0.1581332808065454 0 0
3.222662962219433 3.172299955932268 0 0
5.734044195672558 5.713424693481396 0 0
7.112398957885314 7.104177420620558 0 0
9.218530380545408 9.208106468557839 0 0
12.47425346685499 12.37320499224516 0 0
15.57162678233105 15.52719497731057 0 0
15.87089481884098 15.86746992979 0 0
17.32897301877759 17.32505070148434 0 0
20.72867562735254 20.66727065505797 0 0
22.25012928670004 22.16568432623916 0 0
22.41466867872996 22.39851841430915 0 0
23.04701596725969 22.96617972927541 0 0
23.42755105288235 23.42346906291539 0 0
26.8987897010028 26.85353657879128 0 0
28.0530772609882 28.04299324481438 0 0
33.08219772679667 33.01086157789758 0 0
2
8.178560808309737 7.931317812925042 0 0
35.27157572326517 35.22119460800262 0 0
16
4.112489182591156 3.951840181899128 0 0
6.352897382643372 6.336642049733174 0 0
12.52578983942761 12.4955845327748 0 0
17.64591987223713 17.62980810281078 0 0
18.13946850111345 17.91274943949762 0 0
18.38345908137447 18.38000386018751 0 0
21.89339385686636 21.86956863645885 0 0
26.11493909662567 26.07631609134223 0 0
26.79370600251626 26.75719311256433 0 0
31.96394254673509 31.95100412866742 0 0
32.72090078486069 32.55535019081491 0 0
33.79048957485437 33.76650570770221 0 0
35.86383294506399 35.8562838397098 0 0
35.97424665035286 35.91855608569994 0 0
37.01138831812028 36.99805249057135 0 0
38.29794551937042 38.27236157797138 0 0
2
2.042122309334985 2.004058820433656 0 0
26.79693181896771 26.76432264390919 0 0
6
3.303354564928347 3.276561141763078 0 0
4.327919964865446 4.184303904134674 0 0
5.712769718276212 5.708126098985484 0 0
9.215098566772184 9.204545518595882 0 0
20.03846514666455 19.96003524593618 0 0
37.5294722243996 37.48882628554912 0 0
17
0.1103755748297317 0.2587124352104837 0 0
4.447217805795947 4.476944682774855 0 0
9.674184489953426 9.792540304347936 0 0
12.5562810432184 12.68862797121303 0 0
14.87193191489555 15.10682233861525 0 0
15.15058381225199 15.2458755317359 0 0
15.25245017453799 15.27277067984389 0 0
15.61893179416148 15.76081584643526 0 0
17.79852817490982 18.25798441679912 0 0
23.59851983515528 23.67080891365751 0 0
24.74577834896468 24.78838341956095 0 0
25.09485147300501 25.24287348026611 0 0
26.61869584849237 26.85359629308615 0 0
27.6171810445383 27.64277375717835 0 0
28.7116206300388 28.71250529403248 0 0
30.90082221103658 31.10196361275023 0 0
37.83421985692166 37.85079581910094 0 0
2
23.22942798560324 23.18268173065935 0 0
34.58997144254915 34.38890059848461 0 0
26
0.9770600555573949 1.221127645098569 0 0
2.160471402378064 2.320290478909676 0 0
5.941206832732401 5.95437089428134 0 0
5.984540653653676 6.013730374395337 0 0
7.837310402830482 7.843409476060811 0 0
7.896911599486938 8.136430713934747 0 0
10.62152531096771 10.71370773329788 0 0
11.93122181579023 12.1250763956859 0 0
12.37214306189675 12.39747297854352 0 0
13.43879132524303 13.45925644812911 0 0
14.29553346189491 14.38157013150688 0 0
14.82616490057857 15.04602964181775 0 0
19.67311088091977 20.02401893506212 0 0
20.26264972357319 20.78856040757324 0 0
21.31818495027007 21.33764049233152 0 0
21.80313148553435 21.90469083879151 0 0
22.82772042023137 22.87199656318192 0 0
23.08179341292255 23.2879284694663 0 0
23.86833882010977 24.24049755543694 0 0
25.5818762879532 25.7734766323014 0 0
26.23815735613828 26.30413310950771 0 0
26.71373772737882 27.01284651846543 0 0
27.0172728652287 27.0478002995821 0 0
29.83064716550586 29.88851383289795 0 0
32.29127263296851 32.49426365826717 0 0
36.73621388188834 36.93250852810311 0 0
