# Status file for ctqmc. Used to save all times t_s, t_e.
10
1
31.74069355584668 31.69638939221841 0 0
5
2.77779145581632 2.775835140909788 0 0
2.974778062711977 2.95951162195488 0 0
13.89001734287106 13.85480605776609 0 0
15.22966381619758 15.20833790353393 0 0
23.81720812005418 23.50246077173301 0 0
13
0.5034889890507777 0.4994249554523904 0 0
5.155835838578426 5.105786918617593 0 0
9.435371454312344 9.386355315814654 0 0
12.81428170893266 12.75907168175222 0 0
12.99450794948761 12.81900837812542 0 0
13.1728150042815 13.17132130182145 0 0
15.21930691218855 15.20031476044732 0 0
17.41391636925709 17.25681274987733 0 0
18.32558160513189 18.29613459390646 0 0
19.02440074490253 18.98039235353016 0 0
21.76369808317925 21.75973619873976 0 0
24.27896844881947 24.27467251213205 0 0
32.5472017988447 32.48261453710606 0 0
1
22.12813342366403 22.12698536443023 0 0
14
0.8166446197777075 0.8090182253194769 0 0
3.298081548043902 3.257843414031534 0 0
4.879477549860466 4.838701259051918 0 0
6.088897593455195 6.044771398966346 0 0
7.950388090803941 7.894200300370474 0 0
13.19659807235757 13.18342393481431 0 0
16.04789807506246 16.04359447135553 0 0
17.74189667357428 17.6706399948177 0 0
18.59192296986163 18.58610688383627 0 0
27.51604931645987 27.46136631906754 0 0
28.81955740603127 28.81341444451152 0 0
29.24819946117974 28.924096515964 0 0
30.9585280072267 30.95410407819611 0 0
31.55582106625265 31.55013632680863 0 0
4
6.667430062099228 6.551436660875112 0 0
12.75960820871911 12.63772281750072 0 0
27.50681760386432 27.49123388812128 0 0
30.59272563550655 30.58933703811218 0 0
1
28.99213469553627 28.94185963680743 0 0
24
4.793284199007992 4.867906795881716 0 0
6.018823953598323 6.269061406741479 0 0
7.543807685135572 7.54560132371321 0 0
7.801185523739341 7.818909268912039 0 0
9.578212924941116 9.602231473551178 0 0
11.48394839004344 11.52311121997066 0 0
18.81213965555084 19.13514632814712 0 0
22.64700871130217 23.06472328349582 0 0
23.14247673781698 23.15906266030375 0 0
24.08702569213597 24.35644554059639 0 0
25.70269995568401 25.76317744377376 0 0
25.80040924494022 25.91046691799231 0 0
29.86662154273294 30.18982842770469 0 0
30.22128701232559 30.23196370515684 0 0
30.39388913579704 30.42092232708941 0 0
30.71649424103138 30.72190105144705 0 0
30.97454064821845 31.12574085815945 0 0
32.35147704579497 32.493500111938 0 0
32.91226519086555 32.94771689094861 0 0
33.42380826939834 33.59088554826773 0 0
34.48074599637583 34.63104720485863 0 0
35.35189381524327 35.59635159603533 0 0
35.77579027693845 35.82191687143176 0 0
37.23159523066021 37.26055154605395 0 0
1
18.85137802393387 18.79154041138573 0 0
23
1.584168200425091 1.603242104684386 0 0
4.367625103522307 4.423354924585391 0 0
6.586786298280077 6.633438130678026 0 0
6.651718004394479 6.6845892122868 0 0
7.658596801001556 7.779294157014841 0 0
8.093194609961079 8.102892401141844 0 0
8.465584296635864 8.479139987066272 0 0
9.988916338966806 10.01706894716358 0 0
10.44533573311465 10.58130717891123 0 0
10.73113716673132 10.99881731519521 0 0
11.18833062826562 11.20267242131935 0 0
12.05241371286224 12.11170425113243 0 0
15.6628031614538 15.69703851907581 0 0
17.35366311202426 17.55283600742879 0 0
21.2399006786682 21.28824484963432 0 0
24.84153946810643 24.86077997501913 0 0
28.81847789148076 29.20848353998113 0 0
29.25652926979253 29.35121289490586 0 0
29.71738076799893 30.09306014411574 0 0
30.71993786877658 30.73107080257683 0 0
31.67914631436463 31.8907642513498 0 0
33.0796403567107 33.30525538046329 0 0
35.84085166825998 35.94101416366107 0 0
