# Status file for ctqmc. Used to save all times t_s, t_e.
10
3
22.50168155814241 22.49482828522297 0 0
27.74652452441123 27.73985385202235 0 0
30.65088925795722 30.60326774124685 0 0
1
33.25674113396904 33.24625058300864 0 0
17
3.995348052750441 3.958871007467409 0 0
4.316716229307016 4.315597107312168 0 0
4.414706393372859 4.395752203520617 0 0
9.845799023078365 9.804283614033286 0 0
14.20210060537142 14.18364777209847 0 0
16.72079412102412 16.70405041601989 0 0
17.08757703255023 17.04984885775911 0 0
23.50688102640416 23.47165879463037 0 0
23.52975640278132 23.52021802862826 0 0
23.68270086835738 23.67679560184363 0 0
25.44473032517506 25.19640510054827 0 0
26.63368194977951 26.63203165144877 0 0
27.02364040848915 27.00125222528633 0 0
29.57265085092985 29.57006616285664 0 0
34.11971891360496 34.10793197777937 0 0
35.42565060705773 35.38296818080759 0 0
37.56406448569395 37.55761973576767 0 0
2
18.09829537431633 18.0675569726657 0 0
30.66067810588563 30.60826202628487 0 0
18
0.3548936145862983 0.3492400824123081 0 0
2.53536834878112 2.444987578023941 0 0
2.881175157682456 2.870909345317872 0 0
7.39724752645545 7.392364345749741 0 0
8.903727541992424 8.892979816592316 0 0
11.2936069149194 11.03976352583692 0 0
12.30798641389253 12.16540754794223 0 0
12.46866685598767 12.43543143865765 0 0
13.11411761772274 13.07069944879761 0 0
13.57108492212367 13.55446674178064 0 0
15.87693828154556 15.80902505267578 0 0
18.20597622960277 18.1221244011429 0 0
18.81187838012865 18.78651851867892 0 0
20.52622410901445 20.50854551711063 0 0
24.24634530940147 24.23066803573268 0 0
27.73848601185245 27.72561701494039 0 0
31.98575160207698 31.9587731121545 0 0
32.50711562498206 32.43953895848976 0 0
3
5.46999016125946 5.44962881465126 0 0
35.31229186687523 35.22256358230293 0 0
35.35643959776938 35.32451142101058 0 0
6
9.756479299765838 9.693018406835463 0 0
18.76347739014246 18.642093235414 0 0
20.36953765982188 20.32531691734844 0 0
24.41647814036147 24.39817516654734 0 0
28.65958324854285 28.56485589924105 0 0
33.74041889883596 33.68334480779397 0 0
15
0.4190666635539841 0.6641911635420499 0 0
1.247789390401547 1.45024117597026 0 0
3.464258535403355 3.509771580639438 0 0
5.775367987192579 6.042573255928041 0 0
6.44746214359819 6.634324013592971 0 0
11.69818910857348 11.76162689679138 0 0
19.60261538484673 19.80530558077932 0 0
20.59109866164824 21.10087891883774 0 0
23.9795112406836 24.07024728684545 0 0
27.37134549061935 27.43811701992544 0 0
32.11121909726088 32.28069281151011 0 0
32.29374093809545 33.15212404850508 0 0
35.43222152429413 35.49212626549192 0 0
36.11081917315686 36.21024438725978 0 0
37.31715982849838 37.36773053255304 0 0
3
11.74491139951328 11.72623048022279 0 0
30.58806610794603 30.57894317037949 0 0
36.09838408085538 36.09062274782675 0 0
18
1.542986716200772 1.631797414624309 0 0
2.21471810167165 2.224466615124821 0 0
2.235454807038201 2.275775336491894 0 0
2.327998940317097 2.550823598116715 0 0
4.640315762088563 4.733609392301044 0 0
8.17692241923038 8.485568995611931 0 0
9.889236622177535 9.979648894501516 0 0
12.38402899595585 12.40474722440458 0 0
12.40782810812122 12.5057479995244 0 0
13.4769034489431 13.49384967357678 0 0
14.83857260373562 15.00777580254768 0 0
17.17011891548656 17.38139182475074 0 0
17.82120891861602 17.93809287943949 0 0
30.51863419116861 30.93938061047191 0 0
32.68563186516937 32.69378112418931 0 0
33.59416391242207 33.75099081171997 0 0
38.30532146949099 38.33600191948381 0 0
38.38788111620067 38.41660305669953 0 0
