# Status file for ctqmc. Used to save all times t_s, t_e.
10
4
6.539051983473042 6.509051104704369 0 0
17.12440785369528 17.1197782001951 0 0
33.1364401020071 33.00436663191034 0 0
38.59733719271654 38.4297655737462 0 0
1
17.00991540892572 16.99335293656 0 0
11
4.99078963828002 4.947346108464797 0 0
7.218451779408756 7.213159168372001 0 0
10.97521053400805 10.95480074915971 0 0
12.59326736793459 12.58951854972822 0 0
15.08036244963492 15.06170910391393 0 0
15.80502674829817 15.77893004879804 0 0
24.3648731745064 24.35952649346923 0 0
28.71038469797135 28.66850663151163 0 0
29.35116552771079 29.3499441515572 0 0
29.86633375404123 29.82592970694691 0 0
38.38406918816305 38.3779626918014 0 0
2
2.577906130056164 2.57011207257672 0 0
18.30030870661179 18.29202834336124 0 0
17
0.6252232860437847 0.614524449416185 0 0
6.644034451754205 6.610418115919456 0 0
13.04238144811243 13.04089797530662 0 0
13.42682016557913 13.4236885189238 0 0
14.0592006680445 14.04152618647105 0 0
16.39528137721188 16.3897941820425 0 0
17.44051613229738 17.43709523264249 0 0
19.28074771253576 19.25867748179214 0 0
23.71464888645915 23.69755915411327 0 0
26.80170229844775 26.80016227375615 0 0
28.43079144948156 28.31835485157039 0 0
28.54731421731342 28.52517081409873 0 0
34.82956616176101 34.78971754185182 0 0
35.88229840921671 35.80120677560832 0 0
37.33711975573004 37.33170033960462 0 0
37.36732736573897 37.34634674702163 0 0
38.65754212526289 38.6007421751958 0 0
3
14.39734148556053 14.39640883086312 0 0
14.5289101799107 14.41650118389001 0 0
32.86354383546628 32.75138324304005 0 0
3
0.04320861263733633 2.017211190853355 0 0
2.111318251869208 38.02112945211452 0 0
38.04425136602267 38.63634604515309 0 0
27
0.4499077045006744 0.4545705975090474 0 0
1.110263963423743 1.548723480098525 0 0
1.643812184644689 1.670999849930956 0 0
1.804269666958776 1.816785922790308 0 0
2.341747217784651 2.349124940614544 0 0
4.723461303691611 5.047997115215462 0 0
5.37655889678071 5.410267490424125 0 0
8.833452526394288 8.976056365238119 0 0
10.15840559293635 10.34600709086444 0 0
10.52779396167793 10.94230424875491 0 0
11.40819331023944 11.43578367132078 0 0
11.99773373705315 12.0183277813385 0 0
13.41632926251918 13.53355005862995 0 0
19.46277371035736 19.49095925900629 0 0
21.75601165876288 21.82429379131364 0 0
22.93184461035723 23.328236568779 0 0
23.34569631196069 23.77685135582328 0 0
24.98443890650218 25.19996750745509 0 0
26.03085010779323 26.04322831836683 0 0
26.50501106473658 26.59105694298862 0 0
29.64068199833859 29.71755726784951 0 0
30.95036017536262 31.52086212245453 0 0
31.99108727669968 32.04645906852838 0 0
33.50035203161163 33.64385850028687 0 0
36.07804645427183 36.15276655696175 0 0
37.67591823415555 37.83326672268822 0 0
38.29420087220144 38.51526614047707 0 0
3
2.032384795865269 2.030278783831945 0 0
7.031114295255366 6.991635055796819 0 0
28.30822761975364 28.24294071676398 0 0
24
0.5320339827834744 0.9143536740135643 0 0
1.6177138788228 1.664331677302168 0 0
1.70969798571023 1.837870102917584 0 0
3.067018426726984 3.200055374041366 0 0
3.242063153006552 3.295671041458121 0 0
8.843209583327027 8.847399502378732 0 0
9.803797531140802 9.863288771820596 0 0
10.41261689887909 10.60262575229833 0 0
11.90465900405381 11.90782076579931 0 0
12.73779140680825 13.1273054816928 0 0
16.11987248384557 16.29419356861062 0 0
16.63004875974272 16.6972220315509 0 0
20.36737656341863 20.65730795510927 0 0
20.70558168317741 20.86018921946352 0 0
21.65355239537077 21.68032889054372 0 0
22.10157488982442 22.22807201397171 0 0
22.69704755580367 22.74977763092718 0 0
28.32034240139478 28.36560022967658 0 0
30.57084476113289 30.63224998120338 0 0
31.5401639935216 32.19561373471835 0 0
32.20070279702057 32.82925237313298 0 0
33.47678422629046 33.8522644839868 0 0
33.88851057399819 33.90902095249722 0 0
34.63273818408352 34.68422295743742 0 0
