# Status file for ctqmc. Used to save all times t_s, t_e.
10
4
2.243223379768196 2.230120482556781 0 0
21.01200464417033 20.98160470014011 0 0
30.9676562599039 30.90586636481203 0 0
37.75911480640303 37.5115344812669 0 0
3
11.71592167084062 11.6053056289195 0 0
24.39992929758707 24.33877185616374 0 0
30.77275600083254 30.56792132150942 0 0
19
2.148239397818443 2.078456965160967 0 0
3.876472774256713 3.820419913853016 0 0
4.982735821517286 4.927459191528566 0 0
7.038804369911642 7.012351136599719 0 0
7.173802417710938 7.097079996486635 0 0
7.993036659215799 7.9910029804642 0 0
8.387048249141341 8.355228595801339 0 0
11.97024704105655 11.86895853207727 0 0
18.19313810533108 18.16591147580341 0 0
19.45579620683794 19.45160852594373 0 0
22.45560312680465 22.4379570373607 0 0
22.90097842813093 22.89782256788472 0 0
25.50030215603446 25.48651710602925 0 0
26.27809576081282 26.2670087544611 0 0
28.97053191613284 28.9293102139201 0 0
29.30936329887751 29.28176313502751 0 0
30.64015579967874 30.63922091411195 0 0
33.96226417998802 33.93106415769258 0 0
37.33321744692525 37.28320628974795 0 0
2
6.453849526321298 6.312441399590181 0 0
12.66026514699854 12.62355239753178 0 0
18
0.8036678080596084 0.7772936652367903 0 0
3.233151228811287 3.220566741982338 0 0
4.632853224626071 4.596106624312528 0 0
9.976261128212228 9.928245517881495 0 0
11.00358421519006 10.80097266120281 0 0
12.00717382396736 11.9079649250321 0 0
13.41582164909794 13.38203467912257 0 0
14.16497490502605 14.15524911826722 0 0
16.56822692655004 16.56116650916612 0 0
16.95913408290645 16.93061030025197 0 0
17.18379409278412 17.13595739435564 0 0
17.85174587498249 17.81814457427017 0 0
21.36810605394163 21.3225341499028 0 0
31.01807560369385 31.0036389411016 0 0
32.10921054528446 32.08171509471502 0 0
32.20723178960776 32.19837075153457 0 0
36.64614876122958 36.63148770106233 0 0
36.96901792201196 36.95743587761618 0 0
4
15.03842606333475 14.96031761526697 0 0
17.87650250665692 17.82868886287653 0 0
22.81219128852816 22.77363487149869 0 0
37.42154430853984 37.24265738423366 0 0
3
18.44662627716939 18.40881589649654 0 0
23.82480305973523 23.59166045341372 0 0
34.70427905800015 34.64542072487752 0 0
18
0.3887738957955104 0.6961677717396776 0 0
6.252599287928992 7.043719152012859 0 0
8.746797834656494 8.964066430969826 0 0
12.52649343325327 12.78003197144514 0 0
14.97643054162736 15.06327308551487 0 0
15.51309613374601 15.58741780620899 0 0
17.043677281747 17.3134916576558 0 0
18.30367757451027 18.33250510247497 0 0
22.77703897341639 23.50853661276259 0 0
23.81494477739331 23.90671904969661 0 0
24.13552248330742 24.51697937806145 0 0
24.55320437741638 24.57187462924324 0 0
25.10520720586723 25.24364574647533 0 0
26.42824694770696 26.59890612315204 0 0
27.92010490828716 27.98529713844579 0 0
29.05503824913631 29.08354152854967 0 0
30.3614778698741 30.40942990946109 0 0
33.80278740796705 33.85647009379926 0 0
4
0.5255373292658363 0.3776643526297434 0 0
7.947730642893283 7.852384818343683 0 0
34.00901753189368 33.9522256733819 0 0
38.16767274352745 38.16022679203078 0 0
34
0.03457836639244505 0.07489436774589109 0 0
0.6032489718951203 0.7198146927079476 0 0
2.995799422802565 3.071063691487889 0 0
3.09285521231425 3.172898995626533 0 0
3.183852029149803 3.232770734682706 0 0
3.309617737601213 3.381080250320175 0 0
4.210605104854897 4.34506742177374 0 0
4.350476677411256 4.362476906830781 0 0
4.514000925626125 4.730911061024869 0 0
4.767753381315634 4.911484086105111 0 0
4.919413384893808 4.960102254832889 0 0
7.549498397440162 7.70716513694434 0 0
8.33078443417131 8.536412403139982 0 0
9.245715045932574 9.327460578879281 0 0
10.09556466650431 10.35787726216003 0 0
12.08133458728957 12.12433927114308 0 0
13.84305189644244 14.19250918459494 0 0
18.00703543055914 18.31827000986554 0 0
18.78837852285879 18.92091346726646 0 0
19.08731736766196 19.12431984238313 0 0
19.50683994003102 19.73817093039785 0 0
20.691299289176 20.9307346926162 0 0
21.50140112913792 21.58686363682683 0 0
21.58921670394776 21.66074947522775 0 0
22.43791078796147 22.47531988134687 0 0
24.59935008058507 24.99668396907515 0 0
30.30526271438124 30.41796658325559 0 0
30.53815765876751 30.65226596576668 0 0
30.76245333139126 30.93790274466946 0 0
31.0435916604344 31.14830463358713 0 0
33.75872870675757 33.80682425253646 0 0
34.94945434378228 35.05725611202837 0 0
37.19545141895349 37.80927635669449 0 0
37.84772518903499 37.91880064323543 0 0
