# Status file for ctqmc. Used to save all times t_s, t_e.
10
7
10.06967119855236 10.00073023372752 0 0
11.82693482083387 11.79410830334249 0 0
13.5520658628654 13.54419254643709 0 0
15.29212775413383 15.28493975169778 0 0
28.58694108742691 28.58511749785755 0 0
33.80563811729037 33.7476389864077 0 0
35.37139113928712 35.27788481726807 0 0
4
1.332597460490462 1.32759370392931 0 0
21.23526724147194 21.0450289712794 0 0
21.30356572570566 21.29617338331688 0 0
37.87928766615263 37.87791314221581 0 0
24
6.342854703234991 6.207718699428682 0 0
7.453464002078054 7.409406124908496 0 0
8.502052316988802 8.50018510746081 0 0
10.63085605200853 10.60874857340299 0 0
10.74719937483088 10.70716974210751 0 0
15.36767744928815 15.3612145061305 0 0
17.7642573811024 17.67737668290114 0 0
20.61090707495035 20.15921627596715 0 0
20.72551992952556 20.7196650239864 0 0
20.75455651929542 20.74726334425318 0 0
20.79956674937759 20.77089181857273 0 0
23.74192656993133 23.73280761223555 0 0
25.78843629675941 25.75556341760069 0 0
26.84629052024705 26.73713586339766 0 0
29.62467013617572 29.54665105158598 0 0
29.78868038376384 29.76463389553048 0 0
30.48776352235602 30.47343698067019 0 0
31.8439653640136 31.82708122875319 0 0
32.19965358374257 32.01172995286463 0 0
32.23922468932039 32.21378703152349 0 0
34.33075253056433 34.33036219083198 0 0
35.51534211214503 35.50150404950111 0 0
35.91562584565764 35.9062697001729 0 0
36.71492384006135 36.69794182415815 0 0
2
20.50519302061016 20.49984029153332 0 0
32.79694185912209 32.77261402504057 0 0
15
1.169811108833784 1.15654945409588 0 0
3.558544149804163 2.904801521029091 0 0
5.730927869550168 5.56072184859509 0 0
5.763618794235133 5.756779500417386 0 0
8.888233374963326 8.875626411009232 0 0
13.00452265660971 12.98059288970416 0 0
15.64405548390795 15.63898612441675 0 0
17.6446749886662 17.62462221630541 0 0
18.02964329318483 18.01891377152321 0 0
24.56279116835745 24.55243817362668 0 0
25.28717171544936 25.28510397385754 0 0
26.96962468274839 26.96581692694405 0 0
29.78739195458945 29.75716118929682 0 0
34.28139354130614 34.28090952325756 0 0
37.84432726674636 37.80510060374471 0 0
1
12.81178503855826 12.8042403411695 0 0
1
5.470493320419876 5.418616256406409 0 0
25
1.83896206533683 2.284777173185894 0 0
3.83751673937176 3.98621370732165 0 0
7.67697105548278 7.71731190984976 0 0
7.773123480056454 7.780085248713387 0 0
9.541726457779127 9.771650706236144 0 0
11.29543906728574 11.30069805705904 0 0
11.3524409897082 11.35653881338583 0 0
11.63241377563695 11.65174530632479 0 0
11.70838256090701 11.73469971697094 0 0
12.9955011627436 13.00637634958071 0 0
13.39251790869008 13.47198419346413 0 0
14.72858021000892 14.78561824868112 0 0
19.30583292618872 19.54932308006206 0 0
20.95591641441519 21.08472405694855 0 0
21.19700670057179 21.25694604806225 0 0
24.17885825249974 24.43944340206356 0 0
24.80432704412658 24.81662558891615 0 0
24.92947893702123 25.42486255210789 0 0
27.43929513413249 27.57540895999966 0 0
32.7848745325799 32.9255534885682 0 0
34.47073523675385 34.78394785667103 0 0
35.27797953914531 35.40646920455643 0 0
37.42981742496553 37.44605557728516 0 0
37.81014766823854 37.84084926466806 0 0
38.00063087136778 38.01090808080908 0 0
3
13.23481337234302 13.21631274693958 0 0
21.79599004683496 21.7176417711587 0 0
23.90281589261181 23.85400411124324 0 0
26
0.6203960026426107 0.7316449754197509 0 0
2.512683369947177 2.852925566407559 0 0
2.896574632290569 3.353637830654758 0 0
3.701748157000151 3.795087829773957 0 0
5.57331855548443 5.630084379427614 0 0
5.681355577115285 5.690544105695166 0 0
5.800412570988844 6.03092894764157 0 0
9.781359889584138 9.825180070683951 0 0
10.98299730546879 11.03590680937275 0 0
12.02994081889435 12.1438538101742 0 0
12.15714893584293 12.21076417637586 0 0
13.03047720624142 13.07306026403735 0 0
13.54398722565708 13.57529554747884 0 0
13.88903861165906 14.0098603723328 0 0
15.07690291473991 15.13299736628182 0 0
15.59193778888298 15.62806266182907 0 0
16.78640218619374 16.9351924287547 0 0
23.07416784295705 23.22739996312627 0 0
23.78375025034716 23.79712960039917 0 0
25.22316935657518 25.29828649148951 0 0
26.10093832778945 26.12325984825676 0 0
26.2365220502287 26.37698530771387 0 0
27.60249654003252 27.60838785044419 0 0
27.87244398380219 27.93473223594942 0 0
31.20767465680276 31.30739249746281 0 0
35.65742989793883 35.66716922504256 0 0
