# Status file for ctqmc. Used to save all times t_s, t_e.
10
0
2
14.48196187474529 14.38170102206322 0 0
32.63358748140956 32.62188400156914 0 0
26
2.402205632462532 2.372891439281553 0 0
3.338421867053666 3.307512219107278 0 0
5.406163092631958 5.403395153792426 0 0
9.02043681208119 8.930438414790128 0 0
9.35863374439505 9.321610262256225 0 0
11.87756166990163 11.86915356185282 0 0
13.93952939230332 13.78601828359313 0 0
15.30397735640003 15.27881437551617 0 0
18.75860730121955 18.71194429182856 0 0
19.6099971227656 19.48534210332833 0 0
20.2388492786332 20.22075961865714 0 0
20.33300972656664 20.33266084386551 0 0
20.77796776204525 20.71740630369159 0 0
21.7062734995905 21.69314727013892 0 0
23.18266253297227 23.16767381652849 0 0
24.08518980273541 24.0817957893774 0 0
25.45968599592227 25.33831094045495 0 0
26.11878013646582 25.83495334082665 0 0
27.31836430603005 27.31166039105515 0 0
27.58413215776315 27.53119625400148 0 0
30.17271138918542 30.15500796593403 0 0
30.59485819279412 30.46911244259631 0 0
31.64239510405959 31.6347979412906 0 0
35.64215874522288 35.59058222999628 0 0
37.07121980670157 37.04983589537769 0 0
37.3389359153424 37.31319831658143 0 0
2
28.97996671436738 28.96757863824588 0 0
36.08964699840232 35.91950594126878 0 0
11
1.161500472250968 1.125585273609761 0 0
6.123127930404698 6.109054685622464 0 0
6.836477562150135 6.829355546115909 0 0
24.43291241085819 24.43085854586213 0 0
26.14164086987468 26.10841164628408 0 0
28.12546107169937 28.09466127747061 0 0
28.22177640141277 28.16254316042463 0 0
29.18110516970984 29.09489712288743 0 0
32.03604417373258 32.00373158846863 0 0
35.95533659583342 35.93639363298455 0 0
36.75920192358407 36.73888041293458 0 0
3
1.156448426672995 1.148458743433778 0 0
12.14251279614202 12.10584066225381 0 0
14.94113006192609 14.94005330082515 0 0
1
8.610429599605379 8.502210636013336 0 0
25
1.632416170019793 1.720888024435939 0 0
7.666058717374398 7.798765929815477 0 0
8.97619573451307 9.015229074078006 0 0
10.14964583588813 10.17305453989885 0 0
10.38983258858059 10.39917198821086 0 0
12.50396228881131 12.52563639611758 0 0
17.54070942091124 17.56476267525922 0 0
18.05761220118166 18.08929306811426 0 0
19.33443209361492 19.66025561875499 0 0
19.82758916414409 19.93662509032728 0 0
20.22119317897987 20.32089506032329 0 0
23.33506049520754 23.43345547434377 0 0
24.22358865826913 24.25163239731891 0 0
24.27161422518926 24.3987279864525 0 0
25.36814241055734 25.40988324209881 0 0
25.81172860952351 25.89830728980578 0 0
26.7465956182887 26.82725767297895 0 0
28.70478624570285 28.75741794154359 0 0
28.80092346114247 28.97531140571511 0 0
30.70323107462822 30.73412337698735 0 0
34.18333783288701 34.25213659959459 0 0
34.62200722003104 34.88585358727261 0 0
35.01615403741567 35.14084676055121 0 0
36.22556577740633 36.24113115956359 0 0
36.44882143068411 36.61316667414883 0 0
3
0.0389208702386185 3.679515113079958 0 0
3.694052577401722 5.603180195827137 0 0
5.690957518493008 38.66437298838883 0 0
25
1.224489643265724 0.2754511116059675 0 0
1.426603792383975 1.26908673658576 0 0
2.482081864273555 1.472798629932712 0 0
2.992405947405929 2.533237737404862 0 0
3.508244576642754 3.158754961350467 0 0
4.896624111736633 3.651878850521634 0 0
7.595980733877503 4.970445399078151 0 0
11.14437238514754 7.638047662469894 0 0
11.3006075400921 11.25003215323093 0 0
11.91565790936182 11.72791840681082 0 0
12.51642337755386 12.38459970521968 0 0
13.3185392579943 12.52464363426468 0 0
17.26027404992034 13.79052600743949 0 0
18.01778160965727 17.4537478369676 0 0
19.40734585259578 18.02521705907811 0 0
21.72104448482602 19.47993968190189 0 0
21.96686448238899 21.82264309697292 0 0
24.66680977856086 22.10325596849929 0 0
25.08348412534431 24.86905910936589 0 0
30.24083693055715 25.45802256418822 0 0
30.33914888545187 30.30903429761443 0 0
31.21813894944195 30.60360413475073 0 0
34.94365421604803 31.27870541428226 0 0
35.15999135628348 34.97969150740278 0 0
38.65367095927672 35.23458614316534 0 0
