# Status file for ctqmc. Used to save all times t_s, t_e.
10
1
33.02998655313328 33.00827625999648 0 0
3
19.16301295723461 19.16160286369042 0 0
20.59322595217312 20.56808550557476 0 0
33.17036191577236 33.08152876099962 0 0
14
2.817752757698822 2.802750709697026 0 0
7.787752433934644 7.782555112040978 0 0
8.020099557066985 8.00422286069446 0 0
8.221861277197196 8.102527141524279 0 0
12.23539798445202 12.19650131595729 0 0
23.65084235781345 23.65082569173011 0 0
29.02513553535628 29.02299129640809 0 0
33.97652620342225 33.97249565702249 0 0
34.17642072177452 34.16437057933914 0 0
34.92386465561769 34.91777650278303 0 0
35.88215565335006 35.88183916189676 0 0
36.63660152113745 36.6320062579448 0 0
37.64676795748306 37.64419030946063 0 0
37.87447958631509 37.85246023882898 0 0
2
17.16709177921192 17.15144853599305 0 0
18.11078835827313 17.92666761755659 0 0
21
0.8993696027693829 0.875895926602549 0 0
2.389286607578955 2.303295289122146 0 0
2.928464129015927 2.915804892502358 0 0
4.376922687313856 4.363460092710699 0 0
9.181225382372354 9.179979402139933 0 0
9.846416601894864 9.842497804909291 0 0
11.38734277568465 11.3419170314766 0 0
11.4439031009547 11.38759125448924 0 0
18.77836796620573 18.77300494399816 0 0
24.64824731010512 24.64112367386576 0 0
24.78452632857829 24.77533447302006 0 0
25.25967532488413 25.25459735499075 0 0
25.8577725311392 25.84744753658223 0 0
25.94085321695342 25.92880784185858 0 0
26.70805611980872 26.58985361977554 0 0
27.30929197987864 27.30176479473137 0 0
27.84900165885765 27.8103579666896 0 0
30.42719923843909 30.25222863126085 0 0
33.00909741833969 33.0053418915447 0 0
35.5844643515308 35.55542037471191 0 0
37.7310157419453 37.71085261080065 0 0
2
0.9812586495241471 0.9809289472081433 0 0
3.421048825974389 3.339905858092909 0 0
3
16.1724117877438 16.05144510155949 0 0
17.21800675144882 17.17121341060777 0 0
23.03097833548637 22.96364234474046 0 0
22
1.659375141169483 1.816965160842714 0 0
3.641169090092967 3.850760230405569 0 0
3.859063142651812 3.98957612473682 0 0
4.278821322984102 4.433377255622842 0 0
6.358094387191627 6.508140778624992 0 0
9.224241293829575 9.432000597695316 0 0
9.48463955946317 9.490006612822519 0 0
9.814203290999366 10.01185268508301 0 0
12.29587309799592 12.58275845125238 0 0
15.35080624049959 15.36049242894194 0 0
21.86921405370803 22.05122324014513 0 0
22.34218285910024 22.7055767826806 0 0
23.81039946742161 23.95193700407775 0 0
25.05316986689878 25.24144581326453 0 0
25.54504672049283 26.05484029291266 0 0
29.38590529107558 29.53740026456478 0 0
29.54986217550162 29.70980227087977 0 0
30.12854862991428 30.22461188779757 0 0
31.49545161813091 31.51520011166455 0 0
32.11992999341947 32.12023854990056 0 0
36.02637336814206 36.2242759412151 0 0
37.44104258678294 37.68213237107518 0 0
3
30.64337854148256 30.56961822604262 0 0
33.9705774279775 33.94986916396687 0 0
37.72540463984961 37.7191081998423 0 0
19
8.033910775175784 8.114894142294634 0 0
9.281894485356371 9.492990737144387 0 0
11.78703296535582 11.84657148380844 0 0
14.31180902665442 14.36535822523271 0 0
14.37234035692462 14.71755386518423 0 0
16.33880775360718 16.49747228182194 0 0
21.06704458317937 21.28453807181273 0 0
21.28647307217737 21.49116247805635 0 0
25.58799589748701 25.59185202393271 0 0
27.339433751294 27.46337604270284 0 0
29.1276065794432 29.21923655483306 0 0
29.63896305394857 29.96372144794834 0 0
30.39999550332097 30.64905091197288 0 0
30.8647766754437 30.89192821044848 0 0
32.75054705085259 32.79303374640999 0 0
36.43857096244036 36.58197640156749 0 0
36.76077602859478 36.83245091412114 0 0
37.02673733801782 37.07084336426546 0 0
37.10561248355344 37.1064841268618 0 0
