# Status file for ctqmc. Used to save all times t_s, t_e.
10
4
12.93712460395164 12.87379801159177 0 0
13.44915762514186 13.44559666235372 0 0
17.85122172907082 17.78715940839417 0 0
26.95327589684386 26.94826952200378 0 0
3
8.744490833541017 8.735576496905686 0 0
25.21250153418494 25.20163453109116 0 0
38.03580326179827 38.01487061876841 0 0
25
0.1353953683818219 0.1034191141077301 0 0
2.400188257318813 2.367639071136617 0 0
3.810579183289151 3.796278692197413 0 0
7.808390301474032 7.791533808768344 0 0
8.17705672834065 8.157319938185744 0 0
13.26035555779868 12.92774423048376 0 0
13.31893155543728 13.30549729752086 0 0
13.44157048276267 13.41014131511208 0 0
16.07234476571832 16.0654220299496 0 0
16.22493872425214 16.19113890415294 0 0
17.13267605200985 17.03098260847437 0 0
17.81883498992659 17.77579756791973 0 0
18.95442596236597 18.92242244323942 0 0
20.09364636372577 20.05079487989661 0 0
21.37778799512727 21.33728731302451 0 0
21.85573695066662 21.85068773438272 0 0
27.48031652944631 27.46473798299678 0 0
29.84083023248728 29.71610700933919 0 0
30.57037172615163 30.49820813828216 0 0
31.6581171519897 31.6515564559628 0 0
32.56383426281209 32.54937301640393 0 0
33.24721343826069 33.24381340125578 0 0
35.55814914783959 35.5568985042936 0 0
36.12189733375268 36.10857510814656 0 0
36.96123960789414 36.93644603986367 0 0
3
22.47558700064539 22.45209546589155 0 0
31.77985666512723 31.58402188176641 0 0
37.07539236111244 37.06790463126595 0 0
24
6.330436779169436 6.322716261922076 0 0
6.960226377920018 6.950618386744143 0 0
9.089471956515029 9.044986691396074 0 0
10.54721078409862 10.34163403690193 0 0
11.32591956808058 11.30422595917556 0 0
11.5589764867747 11.49860770221205 0 0
12.83452638142258 12.82848670645062 0 0
13.22891508785924 13.20866685641522 0 0
15.97307079507587 15.94050692741129 0 0
17.29357972915172 17.21322824166965 0 0
18.79635485638199 18.76895636849684 0 0
18.92553407815998 18.91407853675105 0 0
19.45191656906301 19.38607802886085 0 0
21.12206028755615 21.09196081049173 0 0
21.82440417552978 21.78184516730037 0 0
22.82910490349735 22.78971186343018 0 0
27.27660097390886 27.23947275521536 0 0
28.20386425826151 28.20162733635103 0 0
32.15306379743162 32.15299646786764 0 0
32.98761794092562 32.98586278551957 0 0
34.03796924088309 34.00944774137377 0 0
35.05174675251959 34.98864439836652 0 0
36.35415338620681 36.30626045302568 0 0
37.67130082894263 37.66975755308544 0 0
2
27.14005712866213 27.08851018349552 0 0
27.76152599437341 27.62627720515414 0 0
4
9.556800638962299 9.375431228652658 0 0
10.90583421051257 10.86929243592717 0 0
11.80367964394056 11.77614419741206 0 0
19.09835858081582 19.08956872978285 0 0
22
0.1515596670194981 0.2655224352024064 0 0
2.847962686139181 2.977129501049404 0 0
10.68909143773531 10.72899187458793 0 0
11.67114367524389 11.68756158968912 0 0
12.16536493548929 12.42330671656046 0 0
15.6599982728512 15.66030671860367 0 0
17.87773180180733 17.91084713384946 0 0
18.84043404256206 19.0804125786281 0 0
19.6443725443268 19.71922687997547 0 0
21.36510853534186 21.60389370201985 0 0
24.60861966199354 24.83280294638196 0 0
26.42452357444322 26.73252888716998 0 0
29.30728083406222 29.35495863636775 0 0
29.71165320160516 29.9069604477386 0 0
29.97236229347223 29.97628574906078 0 0
30.64912151974363 30.95812232826821 0 0
32.23595734451447 32.31632584162729 0 0
34.54658148260202 34.61095737051496 0 0
35.68023881917239 35.83769446914653 0 0
36.71901372771607 36.79766605061162 0 0
36.91665055028613 36.92545348674259 0 0
37.61564151714654 37.71449266223753 0 0
3
5.040556977808301 5.019755272863192 0 0
12.74838615296949 12.73378876541918 0 0
37.54153020617018 37.01347648261681 0 0
28
1.875181497508628 2.050205591711972 0 0
2.795328228085946 2.895791827267536 0 0
4.021942081548492 4.095184420113879 0 0
4.26880556965384 4.288478112524702 0 0
5.222113230416544 5.368223758751849 0 0
5.87719426271435 6.030140635167587 0 0
6.05335648792346 6.074462789022324 0 0
6.420927608489019 6.499677707212935 0 0
7.296759788607523 7.448416707480675 0 0
7.467707409492999 7.529257000761003 0 0
8.346521835594739 8.418527762733408 0 0
9.431730078571112 9.506780251048962 0 0
9.551084475942641 10.10088569106697 0 0
11.22261947254903 11.35552683064308 0 0
11.43373784736415 11.50685242299015 0 0
17.24217050820108 17.31268713433967 0 0
19.38186487120305 19.38481488445154 0 0
19.91204582143861 19.95090240471148 0 0
19.98840015611911 19.99803628919746 0 0
24.62895381989367 24.63430109934967 0 0
25.54523339735374 25.55906199430169 0 0
25.59406050953151 25.6384900360974 0 0
26.85622050176934 26.91456448165157 0 0
26.91501440605095 27.02993644386952 0 0
27.06244916776372 27.15147613244457 0 0
27.81334571616219 27.89769426063583 0 0
32.03667190065956 32.2217452345513 0 0
34.37616847634398 34.5165262902012 0 0
