# Status file for ctqmc. Used to save all times t_s, t_e.
10
3
1.524451058560695 1.35481723141403 0 0
6.100307501094553 5.967544781367678 0 0
27.53694051214716 27.48271441772342 0 0
3
5.522323586352989 5.507297111024392 0 0
26.13563257815299 26.12503033748479 0 0
29.49810972163463 29.47954531595018 0 0
20
2.721210618451866 2.693931506704253 0 0
3.604735961661041 3.473909587957801 0 0
4.347362257174706 4.301356289946117 0 0
7.633554339923218 7.568969058846846 0 0
8.295334413785051 8.287214595698599 0 0
10.8049306941179 10.74992997647746 0 0
12.00051450348678 11.97412103204573 0 0
12.54527864127895 12.50613702984462 0 0
13.73274162871503 13.71532674187471 0 0
22.21439101140034 22.1767161299286 0 0
22.49565604305048 22.44963401345214 0 0
23.64195678464463 23.25011635691669 0 0
27.79460760204394 27.77581950779478 0 0
28.22198423194388 28.19821754078149 0 0
28.70578965177259 28.5864026589979 0 0
31.60262590011894 31.5859179418031 0 0
31.90677054753975 31.9031889045932 0 0
36.167003875999 36.16016021312677 0 0
36.65601541165304 36.58347994274985 0 0
38.30025957305939 38.29417161434816 0 0
0
20
0.70078264351831 0.6332492251754545 0 0
2.424721704713464 2.398736659390084 0 0
5.937391054740655 5.93659080054803 0 0
7.3176541440586 7.310123472457873 0 0
7.339366159991412 7.325377551370628 0 0
17.15580485512649 17.1233611771946 0 0
18.30557739049232 18.26720782354042 0 0
18.39929570407112 18.37600032970715 0 0
19.45473960930058 19.387563251054 0 0
20.33811590435739 20.33202087531719 0 0
22.12974875344413 22.08579378615097 0 0
22.16227312235459 22.15160659635781 0 0
23.53980059568785 23.51890525800829 0 0
24.78601617177966 24.77101188336601 0 0
25.35287853855678 25.27135383009828 0 0
34.23260176847949 34.20836868579668 0 0
35.92882295972147 35.88012698461441 0 0
36.73644331390089 36.73366100660925 0 0
37.44505561790314 37.33965455933178 0 0
37.92524689794647 37.92213453245661 0 0
2
24.03869413202578 23.96880510970033 0 0
25.95798875817033 25.92686529646981 0 0
3
28.07472630476328 27.94437158438483 0 0
30.25610510155476 30.18692190156158 0 0
31.91687629004387 31.91659487263489 0 0
19
1.074752120087799 1.232263809732254 0 0
7.112187428085588 7.235386997975763 0 0
11.5445949169494 11.64727917696398 0 0
11.66220635114437 11.71043038064114 0 0
12.45461468649252 12.54094758334209 0 0
12.64277950764929 12.90349035825503 0 0
13.98350812836067 14.00374805559962 0 0
14.00459528241935 14.27600354682506 0 0
22.14093082969446 22.24311999213009 0 0
22.50124280624384 22.57471826367383 0 0
23.13046928226704 23.13650032802332 0 0
25.03593312844929 25.04829890456848 0 0
25.22917391821583 25.34373121421368 0 0
28.54962484745094 28.762964477347 0 0
29.42036363903887 29.42876386242899 0 0
31.72795328048245 31.74912008448699 0 0
32.06570640627186 32.30042930154541 0 0
32.34867565139899 32.40862752443608 0 0
37.75891787140402 37.90777326725619 0 0
7
1.898872607776811 1.874390385233187 0 0
10.73226793587998 10.6780252797291 0 0
15.89344390624767 15.80365716170044 0 0
21.74612264290583 21.69830495500146 0 0
24.09098786777033 24.06196017994281 0 0
24.63108143721351 24.44976163864177 0 0
32.60623909346975 32.5722395851373 0 0
29
3.547920655308219 3.609625874465277 0 0
6.450055775540512 6.489262148314769 0 0
6.602668088608883 6.609934445838072 0 0
8.305625184514204 8.414045784975766 0 0
10.19111527418062 10.19657818979216 0 0
11.58958854724179 11.66809432126424 0 0
12.01743322012399 12.04652712547742 0 0
12.08236596390489 12.10242004768939 0 0
12.95873143137688 13.11036501215727 0 0
15.9114878108567 15.97161605658185 0 0
15.97654320906256 15.98486527993625 0 0
16.87263325248424 16.91086728100757 0 0
17.0107603316342 17.03823761604446 0 0
17.04235170892308 17.16890466948084 0 0
18.17943472711146 18.4976310958549 0 0
19.13117969224987 19.31345374686581 0 0
19.33967006190792 19.66113328353066 0 0
20.4345056284125 20.57924346839513 0 0
22.59582647553389 22.77454531561418 0 0
23.71008326532244 24.09850728794302 0 0
26.36144782981604 26.40454703678754 0 0
26.43640394083962 26.67055217548912 0 0
28.88595932193135 28.95999885208367 0 0
29.38293672431696 29.94429258094653 0 0
31.57185898036158 31.60290965953627 0 0
31.98051616757486 32.51240327519144 0 0
34.55433713405935 34.6181402422384 0 0
34.89173864828707 34.9103247971202 0 0
38.03286742559139 38.15524692434293 0 0
