# Status file for ctqmc. Used to save all times t_s, t_e.
10
3
10.81612652024525 10.78125322952732 0 0
11.40789363218348 11.40442509303091 0 0
25.28274365413426 25.28210922124206 0 0
1
0.138698044788504 0.08542848089943078 0 0
19
0.2117225561864231 0.2105231912143861 0 0
1.00872027905746 0.9251121989480964 0 0
1.109019089295804 1.09298284816178 0 0
1.258008440768827 1.237361714589544 0 0
1.30193957030326 1.28209365388308 0 0
5.574141468587326 5.568872303582443 0 0
9.758122061325103 9.678273013678979 0 0
12.28217024393927 12.24348068369332 0 0
17.33086469739554 17.32634456725532 0 0
17.62867799112952 17.61170560371982 0 0
19.41827498659124 19.40997926549001 0 0
20.16689405521304 20.15257311243753 0 0
22.01614294851059 21.9948050878748 0 0
24.2916065052446 24.28177025724793 0 0
24.450212813994 24.40554995705096 0 0
25.8832183214613 25.83260935674693 0 0
28.54881244873568 28.51869297510484 0 0
32.2984028520979 32.29779969471689 0 0
32.82415906425863 32.80916758287987 0 0
5
0.585363836754901 0.5389155325804467 0 0
3.309389195299774 3.142361343658545 0 0
14.88593159005165 14.61850396754481 0 0
16.76622680920819 16.74541167654974 0 0
24.18523707453653 24.12885433140696 0 0
29
0.4543473599468481 0.4500338371103475 0 0
0.6539691587284628 0.5955630382422268 0 0
2.171258726577208 2.170586621824512 0 0
2.214676792296526 2.193860889939287 0 0
6.367385315190233 6.358384984009408 0 0
6.383721654438345 6.367803370916529 0 0
7.458761931898726 7.383690826029519 0 0
9.013396189175282 8.963857332250637 0 0
9.561857408591113 9.494240246113835 0 0
10.78713406503855 10.77390753846685 0 0
11.59904475302208 11.58828287975044 0 0
11.7442085384725 11.73289237739255 0 0
13.88868433713439 13.86679106100869 0 0
17.81404066524964 17.77920224540822 0 0
22.23289029730331 22.22650877314105 0 0
22.29854578163471 22.29172544341498 0 0
22.82886824454168 22.82833023103693 0 0
22.94801953396238 22.90881044522812 0 0
24.094974698188 24.06040825873998 0 0
24.15735700983128 24.14544001959759 0 0
25.51578776172465 25.32131500119057 0 0
26.65535370680202 26.5965924064656 0 0
27.15965769253225 27.09370221911246 0 0
29.13552027538537 29.13332775685195 0 0
29.35646624479738 29.34671942974597 0 0
29.46404430509524 29.43278930172389 0 0
32.7828145358489 32.70385176761881 0 0
37.06903928409326 37.00474715315276 0 0
38.25326393048226 38.21405922091828 0 0
4
3.263576175310149 3.077477497704393 0 0
3.770481980395637 3.752387752886758 0 0
9.658449944782806 9.590711401775021 0 0
31.38146898931933 31.30844431451794 0 0
3
1.885347935590062 1.837540763570658 0 0
7.80949123193507 7.755623453713189 0 0
24.61974715349711 24.57814667710094 0 0
21
1.881284874274042 1.954739817746142 0 0
2.876564737092582 2.886747253005147 0 0
3.283984978266235 3.447448006223079 0 0
3.506305422708177 3.744663546462914 0 0
4.702638992320283 4.776754588828259 0 0
10.56572531785493 10.65740132198994 0 0
10.69818129343159 10.71041285115745 0 0
12.55009439457625 12.65544716900589 0 0
14.43961963324811 14.78784286033543 0 0
14.95272548577145 15.12957851966908 0 0
15.32199253377284 15.48234577099449 0 0
16.59645114496272 16.62517949668858 0 0
16.98936254729714 17.00293183380801 0 0
18.77818894208253 19.11405770925776 0 0
22.06732078480856 22.07838229530893 0 0
22.7875981070749 23.02286396995307 0 0
23.93380627403728 23.95648222417894 0 0
25.36179050915861 25.43673192564245 0 0
26.3716820708796 26.79509424580117 0 0
30.65857433556782 30.83712160051988 0 0
34.83461660304716 34.86580047996875 0 0
2
4.937771000575481 4.84232822072642 0 0
26.17924656004319 26.054739318626 0 0
29
0.7503492101432057 0.7771355303637196 0 0
1.210068733266873 1.298243654526127 0 0
2.083961675222733 2.738733285817275 0 0
5.762565890023314 5.767547046344482 0 0
5.984791007090198 6.021322777042728 0 0
6.021783016831413 6.648679503167491 0 0
8.283714323064054 8.289640030140157 0 0
9.668953875873209 9.785947342697641 0 0
10.41960315661788 10.46796128798261 0 0
11.28317041840128 11.50212108654389 0 0
11.53099053017834 11.63346220855331 0 0
12.12430953646691 12.13417809344467 0 0
12.29092448293177 12.4375966469777 0 0
15.57670035470058 15.63578052299886 0 0
18.07867171520206 18.16019799748352 0 0
19.28986360477752 19.3365631387172 0 0
19.5023430921027 19.55077246553365 0 0
20.87879289304195 20.90419437933865 0 0
22.24474873509263 22.33610895092681 0 0
25.42775580678378 25.44664694442799 0 0
26.17479465263188 26.25358828197425 0 0
27.49682396104879 27.65539790330751 0 0
33.01094480036975 33.04618063084348 0 0
33.40717197672703 33.42631157997069 0 0
35.86378590677707 35.87773530378341 0 0
36.48696667416891 36.54313469790238 0 0
36.64946578149376 36.91809717747444 0 0
36.99975187352202 37.47748702359705 0 0
38.1217112751677 38.2572928972882 0 0
