# Status file for ctqmc. Used to save all times t_s, t_e.
10
3
11.20087512120971 11.15172298002928 0 0
12.34268874491617 12.03149054898749 0 0
20.11518384100765 20.0917609708368 0 0
2
24.91053482142856 24.85985858198939 0 0
32.78715156996238 32.78087589801169 0 0
27
0.709844314497365 0.7015622698520541 0 0
0.8125475225835799 0.7849776576055798 0 0
2.274623631384075 2.212450880080558 0 0
2.347267678794311 2.326508313687765 0 0
3.544861076265797 3.53749631405536 0 0
5.475308441696266 5.458365637261311 0 0
5.914317222325813 5.902375751705795 0 0
7.414791169603063 7.367274805225206 0 0
10.44243627480506 10.40834703708109 0 0
11.01515947588305 10.99170070193376 0 0
15.76195514876245 15.70684565702201 0 0
18.67282927640001 18.66086839737035 0 0
20.27750829822419 20.18897272020437 0 0
20.61445019943455 20.56818973884829 0 0
20.90822967189419 20.87850081759469 0 0
21.33670926826692 21.3355459429295 0 0
25.69562482835398 25.62289442181647 0 0
25.75905976680378 25.71308456866902 0 0
26.79392645632825 26.77574266931381 0 0
27.21773601155765 27.1414451522071 0 0
28.09231029071919 28.03815414963093 0 0
30.64421683136896 30.54469129710757 0 0
31.51885065593822 31.48545619837006 0 0
31.56698080351979 31.5563110722915 0 0
33.49483979101124 33.48910315062219 0 0
35.04948784602898 35.03269972158248 0 0
36.91255469005112 36.87608178502711 0 0
3
3.474068026230832 3.465238190337679 0 0
11.82361291102696 11.78298534215206 0 0
16.92055419019618 16.87458898502704 0 0
28
0.253750291357072 0.2483063325606594 0 0
1.073879758343384 1.032252887833983 0 0
1.161880625954605 1.154683353208344 0 0
1.239449664758979 1.182247044736717 0 0
3.254234142597887 3.246677085593577 0 0
6.897638651120188 6.864276781326656 0 0
8.550830464411803 8.529640200660056 0 0
10.38379029255815 10.36330905592672 0 0
10.46212315687299 10.4613619853443 0 0
11.18695658357879 11.17711782985014 0 0
14.78229698272879 14.76844966699824 0 0
17.13038010068185 17.08674089376587 0 0
17.6271545791411 17.60378106039964 0 0
18.02851366321071 18.01267199398463 0 0
18.24173779607541 18.20442818503953 0 0
20.39709327292099 20.31217820633403 0 0
26.30695990808989 25.69342849442546 0 0
28.12893960364432 28.0914172431677 0 0
29.47883610553487 29.39623473708692 0 0
29.6110739267186 29.58629948589097 0 0
31.23312974699613 31.19633239391727 0 0
32.02487510621484 31.97945725253241 0 0
32.40708133668068 32.40570805433943 0 0
32.72924424765775 32.72802674378674 0 0
32.95615877679622 32.88925505961993 0 0
35.69629970349555 35.69500069230131 0 0
35.80635314858912 35.78014894833124 0 0
37.90144260026399 37.86077809266239 0 0
1
29.70925210124376 29.66355037784594 0 0
2
2.182291672856564 2.163768142257354 0 0
14.7269235753184 14.71836463812925 0 0
35
1.71643054371485 1.975228158289034 0 0
2.508873046448969 2.768876015922225 0 0
2.857556085298831 2.940573728346628 0 0
3.612044113929755 3.659650502492029 0 0
4.732712431115194 5.475822294989506 0 0
5.682209109828166 5.758410781730858 0 0
5.861270019040703 5.871776477641803 0 0
5.940456960514061 6.098684185971148 0 0
6.154370094507902 6.272048695745521 0 0
7.723291423423502 7.784408171790161 0 0
7.795969238320866 7.821323588318258 0 0
7.842175977578437 7.884071246488962 0 0
9.929298538647807 9.959595761133547 0 0
11.66713715877913 11.69049409217977 0 0
13.81235236639555 13.83766274106769 0 0
15.76695847255014 15.82997119175349 0 0
17.0876383510111 17.20399381403254 0 0
17.30170978701407 17.37661090474991 0 0
18.56171372303307 18.63912646003359 0 0
21.84776269845045 21.93374286758788 0 0
25.503561870261 25.95563783247241 0 0
27.03794362390705 27.26499300713806 0 0
27.42557212123504 27.60381725664895 0 0
29.03427793394506 29.08828378924517 0 0
29.35781811877829 29.62833176457725 0 0
29.77596898266765 29.79684871836589 0 0
29.79831838407993 29.91146730052682 0 0
30.69691276190818 31.52090572072425 0 0
33.22374900604949 33.63159730350322 0 0
33.79383944143875 33.87609929941758 0 0
35.53258836358871 35.83403463005026 0 0
37.24796361136918 37.47996670455674 0 0
37.64384998790606 37.67237465899507 0 0
38.34816491725909 38.35106452772239 0 0
38.42320122823411 38.43677887805419 0 0
1
36.86473216437349 36.82196139079302 0 0
22
2.944848491263895 3.36444654732034 0 0
3.496312399332448 3.511280806231523 0 0
6.258210767217584 6.271793247357078 0 0
7.398924440046516 7.499007391364315 0 0
8.804262611184882 8.810409363940467 0 0
9.166078022415164 9.199158181781636 0 0
10.89478391685668 11.11930609756077 0 0
13.41179482946171 13.43807634651584 0 0
15.76508822280476 16.08083062713727 0 0
16.08360924210505 16.21849012614064 0 0
17.92000374074866 17.97036181310429 0 0
20.24283420490607 20.33313351812934 0 0
20.45462017314092 20.71520798130611 0 0
22.91889877341276 23.02736361151585 0 0
26.74186748143838 26.98012928803203 0 0
28.88255796163717 28.96699338000586 0 0
30.82992686815614 30.97698015460561 0 0
32.9367559840743 33.12968888309931 0 0
34.75920483614615 34.81427097453279 0 0
35.51917117102251 35.95774531256775 0 0
36.20522569505255 36.41858969031441 0 0
36.76975257381284 37.05716326595273 0 0
