# Status file for ctqmc. Used to save all times t_s, t_e.
10
1
31.89980625331411 31.88077654255151 0 0
2
5.741353177782564 5.737310745882183 0 0
17.877011545515 17.83272929572968 0 0
21
2.116336628970139 2.076169154378171 0 0
3.699077268416169 3.683445673682305 0 0
7.371147565435606 7.333880821125421 0 0
7.946143052791081 7.906360566597222 0 0
12.66107889230585 12.63025909567081 0 0
14.57142354468846 14.53628342536032 0 0
18.26409527091162 18.25503025233816 0 0
19.09401812514553 19.09188444343548 0 0
19.76072641051169 19.72187499581381 0 0
21.41666629792837 21.41186267110198 0 0
22.34132763751101 21.77615811368951 0 0
24.2053042084338 24.18024580522464 0 0
26.28716092200746 26.23106967717734 0 0
27.38111579426015 27.3679431276981 0 0
28.11072399246367 28.10753116451754 0 0
28.37200508895009 28.31302522102621 0 0
33.7073981429682 33.65852586534886 0 0
33.98290223956056 33.93004978191866 0 0
35.12279095067867 35.11293040090943 0 0
37.52107215100907 37.52081838218169 0 0
38.64919742398953 38.62574285194548 0 0
0
18
0.9138053593201043 0.8778352117297505 0 0
2.918819717916678 2.786245832405335 0 0
4.324871611727444 4.296065687123926 0 0
5.730502825879051 5.69361048715127 0 0
8.730510128090904 8.665943570571601 0 0
10.205601438555 10.15226239857144 0 0
14.14306815389563 14.13685565011783 0 0
15.96582929498412 15.94729272135543 0 0
17.19942965514732 17.18765095012768 0 0
22.14909127666203 22.14857944302558 0 0
22.57716770504555 22.55969399641621 0 0
25.21934580259941 25.21869228598296 0 0
27.03022068727135 27.00373954066526 0 0
30.17179241017566 30.14511050806482 0 0
33.19036440674879 33.17362903906978 0 0
34.08707090613068 34.05964859894863 0 0
36.81243172290481 36.80995539472393 0 0
37.66210892500359 37.66200243482707 0 0
2
14.60030200135001 14.44408846326421 0 0
25.01690692727957 25.00027496754444 0 0
4
9.547830282476978 9.393065531825258 0 0
9.867866483882381 9.865137708297727 0 0
13.91798222369395 13.83228744680611 0 0
26.17664012558858 26.15702242881868 0 0
24
5.927137987647598 5.966418503197081 0 0
6.964199771855522 7.015846449654708 0 0
7.040802658916828 7.144957572607963 0 0
8.184104624886968 8.187538192979995 0 0
9.199318111538522 9.251409892201449 0 0
10.7072890965612 10.72284562784779 0 0
10.74012637573327 10.74758484505541 0 0
12.56324762913759 12.80353146826821 0 0
15.27264703834614 15.28570967482904 0 0
17.18934695508348 17.21383294583482 0 0
20.38103776497763 20.57180775942305 0 0
20.77205634655284 20.79727751590525 0 0
22.55799094793097 22.5919119740769 0 0
24.93418448479282 25.00549764532735 0 0
27.10975270563747 27.25397975065028 0 0
31.24308144409566 31.25971880748023 0 0
32.04572268249953 32.16621548831363 0 0
33.89360046673978 33.97878331646731 0 0
34.11149201963712 34.44080103584243 0 0
35.69531266084397 35.79803573690764 0 0
36.48265512640801 37.11948879397527 0 0
37.17958555941051 37.20007358088081 0 0
38.0347906387865 38.2499921872013 0 0
38.27066130519158 38.3642876728236 0 0
4
0.9603659740898879 0.9289016225949709 0 0
3.103977768507332 3.094319350195412 0 0
10.53678804957574 10.47245053593981 0 0
12.55518697512466 12.48871350303778 0 0
22
5.610626785970487 5.927255360752877 0 0
6.051978681440686 6.2552704516521 0 0
7.860733372963569 7.873530637743937 0 0
7.953580467923609 7.966231846486281 0 0
8.230096374995743 8.453418339933666 0 0
11.97376418231194 12.21124053701719 0 0
13.27013962205389 13.29713546389738 0 0
13.81749209741273 14.49047727319125 0 0
16.64061172253117 16.78785739998615 0 0
20.8409236754169 20.84161644931432 0 0
25.53477347438597 25.92207170118394 0 0
25.93786730833392 26.08875019404065 0 0
26.47144193681966 26.48709947422659 0 0
27.69181935308576 27.70240212603563 0 0
27.92325422377735 28.22054597959218 0 0
32.41908659828223 32.90437550936413 0 0
33.65401377224655 34.08950622032619 0 0
35.99595788805235 36.02858467638283 0 0
36.5040811751748 36.50899787019077 0 0
37.24258250882934 37.33277725743695 0 0
37.64029539354665 37.73004699042509 0 0
38.04232655727197 38.11089135716085 0 0
