  R1   R2   R3      I1   I2   I3      A1   A2           dist.               Jij
   0    0    0       0    0    0       1    1      0.00000000000000 1355.65225848829004
   0    0    1       0    0    1       1    1      2.48549001633649   7.81410441759151
   0    0   -1       0    0    9       1    1      2.48549001633649   7.81410441759151
   0    1    0       0    1    0       1    1      2.48549001633649   7.81410441759149
   0   -1    0       0    9    0       1    1      2.48549001633649   7.81410441759149
   1    0    0       1    0    0       1    1      2.48549001633649   7.81410441759149
   1    1    1       1    1    1       1    1      2.48549001633649   7.81410441759148
  -1    0    0       9    0    0       1    1      2.48549001633649   7.81410441759150
  -1   -1   -1       9    9    9       1    1      2.48549001633649   7.81410441759148
   0    1    1       0    1    1       1    1      2.86999666000000   5.54218183998482
   0   -1   -1       0    9    9       1    1      2.86999666000000   5.54218183998482
   1    0    1       1    0    1       1    1      2.86999666000000   5.54218183998481
   1    1    0       1    1    0       1    1      2.86999666000000   5.54206462099487
  -1    0   -1       9    0    9       1    1      2.86999666000000   5.54218183998481
  -1   -1    0       9    9    0       1    1      2.86999666000000   5.54206462099487
   0    1   -1       0    1    9       1    1      4.05878820053748   0.01669652269847
   0   -1    1       0    9    1       1    1      4.05878820053748   0.01669652269847
   1    0   -1       1    0    9       1    1      4.05878820053748   0.01669652269846
   1    1    2       1    1    2       1    1      4.05878820053748   0.01658460269616
   1    2    1       1    2    1       1    1      4.05878820053748   0.01669652269847
   1   -1    0       1    9    0       1    1      4.05878820053748   0.01658460269617
   2    1    1       2    1    1       1    1      4.05878820053748   0.01669652269847
  -2   -1   -1       8    9    9       1    1      4.05878820053748   0.01669652269847
  -1    0    1       9    0    1       1    1      4.05878820053748   0.01669652269846
  -1    1    0       9    1    0       1    1      4.05878820053748   0.01658460269617
  -1   -2   -1       9    8    9       1    1      4.05878820053748   0.01669652269847
  -1   -1   -2       9    9    8       1    1      4.05878820053748   0.01658460269616
   1    1   -1       1    1    9       1    1      4.75935103539660  -1.30928300664584
   1    2    0       1    2    0       1    1      4.75935103539660  -1.30928300664584
   2    1    0       2    1    0       1    1      4.75935103539660  -1.30928300664584
   2    2    1       2    2    1       1    1      4.75935103539660  -1.30928300664584
  -2   -2   -1       8    8    9       1    1      4.75935103539660  -1.30928300664584
  -2   -1    0       8    9    0       1    1      4.75935103539660  -1.30928300664584
  -1   -2    0       9    8    0       1    1      4.75935103539660  -1.30928300664584
  -1   -1    1       9    9    1       1    1      4.75935103539660  -1.30928300664584
   0    1    2       0    1    2       1    1      4.75935103539660  -1.30925159905283
   0    2    1       0    2    1       1    1      4.75935103539660  -1.30936165294841
   0   -2   -1       0    8    9       1    1      4.75935103539660  -1.30936165294841
   0   -1   -2       0    9    8       1    1      4.75935103539660  -1.30925159905283
   1    0    2       1    0    2       1    1      4.75935103539660  -1.30936165294841
   1    2    2       1    2    2       1    1      4.75935103539660  -1.30925159905283
   1   -1    1       1    9    1       1    1      4.75935103539660  -1.30925159905284
   1   -1   -1       1    9    9       1    1      4.75935103539660  -1.30936165294841
   2    0    1       2    0    1       1    1      4.75935103539660  -1.30925159905284
   2    1    2       2    1    2       1    1      4.75935103539660  -1.30936165294841
  -2    0   -1       8    0    9       1    1      4.75935103539660  -1.30925159905284
  -2   -1   -2       8    9    8       1    1      4.75935103539660  -1.30936165294841
  -1    0   -2       9    0    8       1    1      4.75935103539660  -1.30936165294841
  -1    1    1       9    1    1       1    1      4.75935103539660  -1.30936165294841
  -1    1   -1       9    1    9       1    1      4.75935103539660  -1.30925159905284
  -1   -2   -2       9    8    8       1    1      4.75935103539660  -1.30925159905283
   0    0    2       0    0    2       1    1      4.97098003267298   0.25722278705292
   0    0   -2       0    0    8       1    1      4.97098003267298   0.25722278705292
   0    2    0       0    2    0       1    1      4.97098003267298   0.25722278705292
   0   -2    0       0    8    0       1    1      4.97098003267298   0.25722278705292
   2    0    0       2    0    0       1    1      4.97098003267298   0.25722278705291
   2    2    2       2    2    2       1    1      4.97098003267298   0.25722278705291
  -2    0    0       8    0    0       1    1      4.97098003267298   0.25722278705291
  -2   -2   -2       8    8    8       1    1      4.97098003267298   0.25722278705291
   0    2    2       0    2    2       1    1      5.73999332000000   0.23974124553227
   0   -2   -2       0    8    8       1    1      5.73999332000000   0.23974124553227
   2    0    2       2    0    2       1    1      5.73999332000000   0.23974124553226
   2    2    0       2    2    0       1    1      5.73999332000000   0.23957372316934
  -2    0   -2       8    0    8       1    1      5.73999332000000   0.23974124553226
  -2   -2    0       8    8    0       1    1      5.73999332000000   0.23957372316933
   0    1   -2       0    1    8       1    1      6.25501270461963   0.12395511429748
   0    2   -1       0    2    9       1    1      6.25501270461963   0.12396013251218
   0   -2    1       0    8    1       1    1      6.25501270461963   0.12396013251218
   0   -1    2       0    9    2       1    1      6.25501270461963   0.12395511429748
   1    0   -2       1    0    8       1    1      6.25501270461963   0.12396013251218
   1    1    3       1    1    3       1    1      6.25501270461963   0.12385430243897
   1    3    1       1    3    1       1    1      6.25501270461963   0.12395511429748
   1   -2    0       1    8    0       1    1      6.25501270461963   0.12385430243897
   2    0   -1       2    0    9       1    1      6.25501270461963   0.12395511429748
   2    2    3       2    2    3       1    1      6.25501270461963   0.12385430243897
   2    3    2       2    3    2       1    1      6.25501270461963   0.12396013251218
   2   -1    0       2    9    0       1    1      6.25501270461963   0.12385430243897
   3    1    1       3    1    1       1    1      6.25501270461963   0.12396013251218
   3    2    2       3    2    2       1    1      6.25501270461963   0.12395511429748
  -3   -2   -2       7    8    8       1    1      6.25501270461963   0.12395511429748
  -3   -1   -1       7    9    9       1    1      6.25501270461963   0.12396013251218
  -2    0    1       8    0    1       1    1      6.25501270461963   0.12395511429748
  -2    1    0       8    1    0       1    1      6.25501270461963   0.12385430243897
  -2   -3   -2       8    7    8       1    1      6.25501270461963   0.12396013251218
  -2   -2   -3       8    8    7       1    1      6.25501270461963   0.12385430243897
  -1    0    2       9    0    2       1    1      6.25501270461963   0.12396013251218
  -1    2    0       9    2    0       1    1      6.25501270461963   0.12385430243897
  -1   -3   -1       9    7    9       1    1      6.25501270461963   0.12395511429748
  -1   -1   -3       9    9    7       1    1      6.25501270461963   0.12385430243897
   1    2    3       1    2    3       1    1      6.41750762695735   0.07068461928650
   1    2   -1       1    2    9       1    1      6.41750762695735   0.07063824513231
   1    3    2       1    3    2       1    1      6.41750762695735   0.07084967988832
   1   -2   -1       1    8    9       1    1      6.41750762695735   0.07091062755966
   1   -1    2       1    9    2       1    1      6.41750762695735   0.07084967988832
   1   -1   -2       1    9    8       1    1      6.41750762695735   0.07084967988832
   2    1    3       2    1    3       1    1      6.41750762695735   0.07091062755966
   2    1   -1       2    1    9       1    1      6.41750762695735   0.07063824513231
   2    3    1       2    3    1       1    1      6.41750762695735   0.07063824513231
   2   -1    1       2    9    1       1    1      6.41750762695735   0.07068461928650
   3    1    2       3    1    2       1    1      6.41750762695735   0.07084967988832
   3    2    1       3    2    1       1    1      6.41750762695735   0.07063824513231
  -3   -2   -1       7    8    9       1    1      6.41750762695735   0.07063824513231
  -3   -1   -2       7    9    8       1    1      6.41750762695735   0.07084967988832
  -2    1   -1       8    1    9       1    1      6.41750762695735   0.07068461928650
  -2   -3   -1       8    7    9       1    1      6.41750762695735   0.07063824513231
  -2   -1    1       8    9    1       1    1      6.41750762695735   0.07063824513231
  -2   -1   -3       8    9    7       1    1      6.41750762695735   0.07091062755966
  -1    1    2       9    1    2       1    1      6.41750762695735   0.07084967988832
  -1    1   -2       9    1    8       1    1      6.41750762695735   0.07084967988832
  -1    2    1       9    2    1       1    1      6.41750762695735   0.07091062755966
  -1   -3   -2       9    7    8       1    1      6.41750762695735   0.07084967988832
  -1   -2    1       9    8    1       1    1      6.41750762695735   0.07063824513231
  -1   -2   -3       9    8    7       1    1      6.41750762695735   0.07068461928650
   0    1    3       0    1    3       1    1      7.03002738049198   0.45076321147649
   0    3    1       0    3    1       1    1      7.03002738049198   0.45085817736868
   0   -3   -1       0    7    9       1    1      7.03002738049198   0.45085817736868
   0   -1   -3       0    9    7       1    1      7.03002738049198   0.45076321147649
   1    0    3       1    0    3       1    1      7.03002738049198   0.45085817736868
   1    1   -2       1    1    8       1    1      7.03002738049198   0.45091884239151
   1    3    0       1    3    0       1    1      7.03002738049198   0.45091884239151
   1   -2    1       1    8    1       1    1      7.03002738049198   0.45076321147649
   2    3    3       2    3    3       1    1      7.03002738049198   0.45076321147649
   2   -1   -1       2    9    9       1    1      7.03002738049198   0.45085817736868
   3    0    1       3    0    1       1    1      7.03002738049198   0.45076321147649
   3    1    0       3    1    0       1    1      7.03002738049198   0.45091884239152
   3    2    3       3    2    3       1    1      7.03002738049198   0.45085817736869
   3    3    2       3    3    2       1    1      7.03002738049198   0.45091884239151
  -3    0   -1       7    0    9       1    1      7.03002738049198   0.45076321147649
  -3   -3   -2       7    7    8       1    1      7.03002738049198   0.45091884239151
  -3   -2   -3       7    8    7       1    1      7.03002738049198   0.45085817736869
  -3   -1    0       7    9    0       1    1      7.03002738049198   0.45091884239152
  -2    1    1       8    1    1       1    1      7.03002738049198   0.45085817736868
  -2   -3   -3       8    7    7       1    1      7.03002738049198   0.45076321147649
  -1    0   -3       9    0    7       1    1      7.03002738049198   0.45085817736868
  -1    2   -1       9    2    9       1    1      7.03002738049198   0.45076321147649
  -1   -3    0       9    7    0       1    1      7.03002738049198   0.45091884239151
  -1   -1    2       9    9    2       1    1      7.03002738049198   0.45091884239151
   0    0    3       0    0    3       1    1      7.45647004900947   1.28121625058184
   0    0   -3       0    0    7       1    1      7.45647004900947   1.28121625058184
   0    3    0       0    3    0       1    1      7.45647004900947   1.28121625058184
   0   -3    0       0    7    0       1    1      7.45647004900947   1.28121625058184
   3    0    0       3    0    0       1    1      7.45647004900947   1.28121625058184
   3    3    3       3    3    3       1    1      7.45647004900947   1.28121625058184
  -3    0    0       7    0    0       1    1      7.45647004900947   1.28121625058184
  -3   -3   -3       7    7    7       1    1      7.45647004900947   1.28121625058184
   0    2    3       0    2    3       1    1      7.45647004900947   0.37536732196770
   0    3    2       0    3    2       1    1      7.45647004900947   0.37529272726766
   0   -3   -2       0    7    8       1    1      7.45647004900947   0.37529272726766
   0   -2   -3       0    8    7       1    1      7.45647004900947   0.37536732196770
   1    3    3       1    3    3       1    1      7.45647004900947   0.37536732196771
   1   -2   -2       1    8    8       1    1      7.45647004900947   0.37529272726765
   2    0    3       2    0    3       1    1      7.45647004900947   0.37529272726766
   2    2   -1       2    2    9       1    1      7.45647004900947   0.37540624009167
   2    3    0       2    3    0       1    1      7.45647004900947   0.37540624009168
   2   -1    2       2    9    2       1    1      7.45647004900947   0.37536732196771
   3    0    2       3    0    2       1    1      7.45647004900947   0.37536732196771
   3    1    3       3    1    3       1    1      7.45647004900947   0.37529272726766
   3    2    0       3    2    0       1    1      7.45647004900947   0.37540624009168
   3    3    1       3    3    1       1    1      7.45647004900947   0.37540624009167
  -3    0   -2       7    0    8       1    1      7.45647004900947   0.37536732196771
  -3   -3   -1       7    7    9       1    1      7.45647004900947   0.37540624009167
  -3   -2    0       7    8    0       1    1      7.45647004900947   0.37540624009168
  -3   -1   -3       7    9    7       1    1      7.45647004900947   0.37529272726766
  -2    0   -3       8    0    7       1    1      7.45647004900947   0.37529272726766
  -2    1   -2       8    1    8       1    1      7.45647004900947   0.37536732196771
  -2   -3    0       8    7    0       1    1      7.45647004900947   0.37540624009168
  -2   -2    1       8    8    1       1    1      7.45647004900947   0.37540624009167
  -1    2    2       9    2    2       1    1      7.45647004900947   0.37529272726765
  -1   -3   -3       9    7    7       1    1      7.45647004900947   0.37536732196771
   0    2   -2       0    2    8       1    1      8.11757640107497  -0.01135944477422
   0   -2    2       0    8    2       1    1      8.11757640107497  -0.01135944477422
   2    0   -2       2    0    8       1    1      8.11757640107497  -0.01135944477422
   2    2    4       2    2    4       1    1      8.11757640107497  -0.01118729983661
   2    4    2       2    4    2       1    1      8.11757640107497  -0.01135944477422
   2   -2    0       2    8    0       1    1      8.11757640107497  -0.01118729983661
   4    2    2       4    2    2       1    1      8.11757640107497  -0.01135944477422
  -4   -2   -2       6    8    8       1    1      8.11757640107497  -0.01135944477422
  -2    0    2       8    0    2       1    1      8.11757640107497  -0.01135944477422
  -2    2    0       8    2    0       1    1      8.11757640107497  -0.01118729983661
  -2   -4   -2       8    6    8       1    1      8.11757640107497  -0.01135944477422
  -2   -2   -4       8    8    6       1    1      8.11757640107497  -0.01118729983661
   1    2    4       1    2    4       1    1      8.48956460889471  -0.02815080683576
   1    2   -2       1    2    8       1    1      8.48956460889471  -0.02810717630213
   1    3   -1       1    3    9       1    1      8.48956460889471  -0.02805697599706
   1    4    2       1    4    2       1    1      8.48956460889471  -0.02822126454873
   1   -3   -1       1    7    9       1    1      8.48956460889471  -0.02815330033036
   1   -2    2       1    8    2       1    1      8.48956460889471  -0.02816288737815
   1   -1    3       1    9    3       1    1      8.48956460889471  -0.02822126454873
   1   -1   -3       1    9    7       1    1      8.48956460889471  -0.02816288737815
   2    1    4       2    1    4       1    1      8.48956460889471  -0.02815330033036
   2    1   -2       2    1    8       1    1      8.48956460889471  -0.02805697599705
   2    3    4       2    3    4       1    1      8.48956460889471  -0.02815080683576
   2    4    1       2    4    1       1    1      8.48956460889471  -0.02810717630213
   2    4    3       2    4    3       1    1      8.48956460889471  -0.02816288737815
   2   -2    1       2    8    1       1    1      8.48956460889471  -0.02815080683576
   2   -2   -1       2    8    9       1    1      8.48956460889471  -0.02815330033036
   2   -1   -2       2    9    8       1    1      8.48956460889471  -0.02822126454873
   3    1   -1       3    1    9       1    1      8.48956460889471  -0.02810717630213
   3    2    4       3    2    4       1    1      8.48956460889471  -0.02815330033036
   3   -1    1       3    9    1       1    1      8.48956460889471  -0.02815080683576
   4    1    2       4    1    2       1    1      8.48956460889471  -0.02816288737815
   4    2    1       4    2    1       1    1      8.48956460889471  -0.02805697599706
   4    2    3       4    2    3       1    1      8.48956460889471  -0.02822126454873
  -4   -2   -3       6    8    7       1    1      8.48956460889471  -0.02822126454873
  -4   -2   -1       6    8    9       1    1      8.48956460889471  -0.02805697599706
  -4   -1   -2       6    9    8       1    1      8.48956460889471  -0.02816288737815
  -3    1   -1       7    1    9       1    1      8.48956460889471  -0.02815080683576
  -3   -2   -4       7    8    6       1    1      8.48956460889471  -0.02815330033036
  -3   -1    1       7    9    1       1    1      8.48956460889471  -0.02810717630213
  -2    1    2       8    1    2       1    1      8.48956460889471  -0.02822126454873
  -2    2    1       8    2    1       1    1      8.48956460889471  -0.02815330033036
  -2    2   -1       8    2    9       1    1      8.48956460889471  -0.02815080683576
  -2   -4   -3       8    6    7       1    1      8.48956460889471  -0.02816288737815
  -2   -4   -1       8    6    9       1    1      8.48956460889471  -0.02810717630213
  -2   -3   -4       8    7    6       1    1      8.48956460889471  -0.02815080683576
  -2   -1    2       8    9    2       1    1      8.48956460889471  -0.02805697599705
  -2   -1   -4       8    9    6       1    1      8.48956460889471  -0.02815330033036
  -1    1    3       9    1    3       1    1      8.48956460889471  -0.02816288737815
  -1    1   -3       9    1    7       1    1      8.48956460889471  -0.02822126454873
  -1    2   -2       9    2    8       1    1      8.48956460889471  -0.02816288737815
  -1    3    1       9    3    1       1    1      8.48956460889471  -0.02815330033036
  -1   -4   -2       9    6    8       1    1      8.48956460889471  -0.02822126454873
  -1   -3    1       9    7    1       1    1      8.48956460889471  -0.02805697599706
  -1   -2    2       9    8    2       1    1      8.48956460889471  -0.02810717630213
  -1   -2   -4       9    8    6       1    1      8.48956460889471  -0.02815080683576
   3    4    2       3    4    2       1    1      8.48956460889471  -0.02805697599706
   4    3    2       4    3    2       1    1      8.48956460889471  -0.02810717630213
  -4   -3   -2       6    7    8       1    1      8.48956460889471  -0.02810717630213
  -3   -4   -2       7    6    8       1    1      8.48956460889471  -0.02805697599706
   0    1   -3       0    1    7       1    1      8.60998998000000   0.06729145790153
   0    3    3       0    3    3       1    1      8.60998998000000   0.19392377492121
   0    3   -1       0    3    9       1    1      8.60998998000000   0.06730624840655
   0   -3    1       0    7    1       1    1      8.60998998000000   0.06730624840655
   0   -3   -3       0    7    7       1    1      8.60998998000000   0.19392377492121
   0   -1    3       0    9    3       1    1      8.60998998000000   0.06729145790153
   1    0   -3       1    0    7       1    1      8.60998998000000   0.06730624840655
   1    1    4       1    1    4       1    1      8.60998998000000   0.06744931968567
   1    4    1       1    4    1       1    1      8.60998998000000   0.06729145790153
   1   -3    0       1    7    0       1    1      8.60998998000000   0.06744931968567
   3    0    3       3    0    3       1    1      8.60998998000000   0.19392377492121
   3    0   -1       3    0    9       1    1      8.60998998000000   0.06729145790153
   3    3    0       3    3    0       1    1      8.60998998000000   0.19387588947697
   3    3    4       3    3    4       1    1      8.60998998000000   0.06744931968567
   3    4    3       3    4    3       1    1      8.60998998000000   0.06730624840655
   3   -1    0       3    9    0       1    1      8.60998998000000   0.06744931968566
   4    1    1       4    1    1       1    1      8.60998998000000   0.06730624840655
   4    3    3       4    3    3       1    1      8.60998998000000   0.06729145790153
  -4   -3   -3       6    7    7       1    1      8.60998998000000   0.06729145790153
  -4   -1   -1       6    9    9       1    1      8.60998998000000   0.06730624840655
  -3    0    1       7    0    1       1    1      8.60998998000000   0.06729145790153
  -3    0   -3       7    0    7       1    1      8.60998998000000   0.19392377492121
  -3    1    0       7    1    0       1    1      8.60998998000000   0.06744931968566
  -3   -4   -3       7    6    7       1    1      8.60998998000000   0.06730624840655
  -3   -3    0       7    7    0       1    1      8.60998998000000   0.19387588947697
  -3   -3   -4       7    7    6       1    1      8.60998998000000   0.06744931968567
  -1    0    3       9    0    3       1    1      8.60998998000000   0.06730624840655
  -1    3    0       9    3    0       1    1      8.60998998000000   0.06744931968567
  -1   -4   -1       9    6    9       1    1      8.60998998000000   0.06729145790153
  -1   -1   -4       9    9    6       1    1      8.60998998000000   0.06744931968567
   1    3    4       1    3    4       1    1      9.07572632267586  -0.10619674817942
   1    4    3       1    4    3       1    1      9.07572632267586  -0.10625361574429
   1   -3   -2       1    7    8       1    1      9.07572632267586  -0.10611324311875
   1   -2   -3       1    8    7       1    1      9.07572632267586  -0.10625361574429
   2    3   -1       2    3    9       1    1      9.07572632267586  -0.10628145327307
   2   -1    3       2    9    3       1    1      9.07572632267586  -0.10625361574429
   3    1    4       3    1    4       1    1      9.07572632267586  -0.10611324311875
   3    2   -1       3    2    9       1    1      9.07572632267586  -0.10628145327307
   3   -1    2       3    9    2       1    1      9.07572632267586  -0.10619674817943
   4    1    3       4    1    3       1    1      9.07572632267586  -0.10625361574429
  -4   -1   -3       6    9    7       1    1      9.07572632267586  -0.10625361574429
  -3    1   -2       7    1    8       1    1      9.07572632267586  -0.10619674817943
  -3   -2    1       7    8    1       1    1      9.07572632267586  -0.10628145327307
  -3   -1   -4       7    9    6       1    1      9.07572632267586  -0.10611324311875
  -2    1   -3       8    1    7       1    1      9.07572632267586  -0.10625361574429
  -2   -3    1       8    7    1       1    1      9.07572632267586  -0.10628145327307
  -1    2    3       9    2    3       1    1      9.07572632267586  -0.10625361574429
  -1    3    2       9    3    2       1    1      9.07572632267586  -0.10611324311875
  -1   -4   -3       9    6    7       1    1      9.07572632267586  -0.10625361574429
  -1   -3   -4       9    7    6       1    1      9.07572632267586  -0.10619674817942
   3    4    1       3    4    1       1    1      9.07572632267587  -0.10628145327307
   4    3    1       4    3    1       1    1      9.07572632267587  -0.10628145327307
  -4   -3   -1       6    7    9       1    1      9.07572632267587  -0.10628145327307
  -3   -4   -1       7    6    9       1    1      9.07572632267587  -0.10628145327307
   0    1    4       0    1    4       1    1      9.40991333145104   0.82216937954457
   0    4    1       0    4    1       1    1      9.40991333145104   0.82210120962628
   0   -4   -1       0    6    9       1    1      9.40991333145104   0.82210120962628
   0   -1   -4       0    9    6       1    1      9.40991333145104   0.82216937954457
   1    0    4       1    0    4       1    1      9.40991333145104   0.82210120962628
   1    1   -3       1    1    7       1    1      9.40991333145104   0.82222233426889
   1    4    0       1    4    0       1    1      9.40991333145104   0.82222233426889
   1   -3    1       1    7    1       1    1      9.40991333145104   0.82216937954457
   3   -1   -1       3    9    9       1    1      9.40991333145104   0.82210120962628
   4    0    1       4    0    1       1    1      9.40991333145104   0.82216937954457
   4    1    0       4    1    0       1    1      9.40991333145104   0.82222233426889
   4    4    3       4    4    3       1    1      9.40991333145104   0.82222233426889
  -4    0   -1       6    0    9       1    1      9.40991333145104   0.82216937954457
  -4   -4   -3       6    6    7       1    1      9.40991333145104   0.82222233426889
  -4   -1    0       6    9    0       1    1      9.40991333145104   0.82222233426889
  -3    1    1       7    1    1       1    1      9.40991333145104   0.82210120962628
  -1    0   -4       9    0    6       1    1      9.40991333145104   0.82210120962628
  -1    3   -1       9    3    9       1    1      9.40991333145104   0.82216937954457
  -1   -4    0       9    6    0       1    1      9.40991333145104   0.82222233426889
  -1   -1    3       9    9    3       1    1      9.40991333145104   0.82222233426889
   3    4    4       3    4    4       1    1      9.40991333145104   0.82216937954457
   4    3    4       4    3    4       1    1      9.40991333145104   0.82210120962629
  -4   -3   -4       6    7    6       1    1      9.40991333145104   0.82210120962629
  -3   -4   -4       7    6    6       1    1      9.40991333145104   0.82216937954457
   2    2   -2       2    2    8       1    1      9.51870207079320  -0.04018977070576
   2    4    0       2    4    0       1    1      9.51870207079320  -0.04018977070576
   4    2    0       4    2    0       1    1      9.51870207079320  -0.04018977070576
   4    4    2       4    4    2       1    1      9.51870207079320  -0.04018977070576
  -4   -4   -2       6    6    8       1    1      9.51870207079320  -0.04018977070576
  -4   -2    0       6    8    0       1    1      9.51870207079320  -0.04018977070576
  -2   -4    0       8    6    0       1    1      9.51870207079320  -0.04018977070576
  -2   -2    2       8    8    2       1    1      9.51870207079320  -0.04018977070576
   0    2    4       0    2    4       1    1      9.51870207079320  -0.04026223529655
   0    4    2       0    4    2       1    1      9.51870207079320  -0.04014599551230
   0   -4   -2       0    6    8       1    1      9.51870207079320  -0.04014599551230
   0   -2   -4       0    8    6       1    1      9.51870207079320  -0.04026223529655
   2    0    4       2    0    4       1    1      9.51870207079320  -0.04014599551230
   2    4    4       2    4    4       1    1      9.51870207079320  -0.04026223529655
   2   -2    2       2    8    2       1    1      9.51870207079320  -0.04026223529655
   2   -2   -2       2    8    8       1    1      9.51870207079320  -0.04014599551230
   4    0    2       4    0    2       1    1      9.51870207079320  -0.04026223529655
   4    2    4       4    2    4       1    1      9.51870207079320  -0.04014599551230
  -4    0   -2       6    0    8       1    1      9.51870207079320  -0.04026223529655
  -4   -2   -4       6    8    6       1    1      9.51870207079320  -0.04014599551230
  -2    0   -4       8    0    6       1    1      9.51870207079320  -0.04014599551230
  -2    2    2       8    2    2       1    1      9.51870207079320  -0.04014599551230
  -2    2   -2       8    2    8       1    1      9.51870207079320  -0.04026223529655
  -2   -4   -4       8    6    6       1    1      9.51870207079320  -0.04026223529655
   0    0    4       0    0    4       1    1      9.94196006534596  -0.15286906425647
   0    0   -4       0    0    6       1    1      9.94196006534596  -0.15286906425647
   0    4    0       0    4    0       1    1      9.94196006534596  -0.15286906425647
   0   -4    0       0    6    0       1    1      9.94196006534596  -0.15286906425647
   4    0    0       4    0    0       1    1      9.94196006534596  -0.15286906425647
   4    4    4       4    4    4       1    1      9.94196006534596  -0.15286906425647
  -4    0    0       6    0    0       1    1      9.94196006534596  -0.15286906425647
  -4   -4   -4       6    6    6       1    1      9.94196006534596  -0.15286906425647
   0    2   -3       0    2    7       1    1     10.24793786877351  -0.06686725783166
   0    3    4       0    3    4       1    1     10.24793786877351  -0.03504874239192
   0    3   -2       0    3    8       1    1     10.24793786877351  -0.06694843304924
   0    4    3       0    4    3       1    1     10.24793786877351  -0.03510088279959
   0   -4   -3       0    6    7       1    1     10.24793786877351  -0.03510088279959
   0   -3    2       0    7    2       1    1     10.24793786877351  -0.06694843304924
   0   -3   -4       0    7    6       1    1     10.24793786877351  -0.03504874239192
   0   -2    3       0    8    3       1    1     10.24793786877351  -0.06686725783166
   1    4    4       1    4    4       1    1     10.24793786877351  -0.03504874239192
   1   -3   -3       1    7    7       1    1     10.24793786877351  -0.03510088279959
   2    0   -3       2    0    7       1    1     10.24793786877351  -0.06694843304924
   2   -3    0       2    7    0       1    1     10.24793786877351  -0.06724815172987
   3    0    4       3    0    4       1    1     10.24793786877351  -0.03510088279959
   3    0   -2       3    0    8       1    1     10.24793786877351  -0.06686725783166
   3    3   -1       3    3    9       1    1     10.24793786877351  -0.03491081733207
   3    4    0       3    4    0       1    1     10.24793786877351  -0.03491081733207
   3   -2    0       3    8    0       1    1     10.24793786877351  -0.06724815172987
   3   -1    3       3    9    3       1    1     10.24793786877351  -0.03504874239192
   4    0    3       4    0    3       1    1     10.24793786877351  -0.03504874239192
   4    1    4       4    1    4       1    1     10.24793786877351  -0.03510088279959
   4    3    0       4    3    0       1    1     10.24793786877351  -0.03491081733207
   4    4    1       4    4    1       1    1     10.24793786877351  -0.03491081733207
  -5   -3   -3       5    7    7       1    1     10.24793786877351  -0.06686725783166
  -5   -2   -2       5    8    8       1    1     10.24793786877351  -0.06694843304924
  -4    0   -3       6    0    7       1    1     10.24793786877351  -0.03504874239192
  -4   -4   -1       6    6    9       1    1     10.24793786877351  -0.03491081733207
  -4   -3    0       6    7    0       1    1     10.24793786877351  -0.03491081733207
  -4   -1   -4       6    9    6       1    1     10.24793786877351  -0.03510088279959
  -3    0    2       7    0    2       1    1     10.24793786877351  -0.06686725783166
  -3    0   -4       7    0    6       1    1     10.24793786877351  -0.03510088279959
  -3    1   -3       7    1    7       1    1     10.24793786877351  -0.03504874239192
  -3    2    0       7    2    0       1    1     10.24793786877351  -0.06724815172987
  -3   -5   -3       7    5    7       1    1     10.24793786877351  -0.06694843304924
  -3   -4    0       7    6    0       1    1     10.24793786877351  -0.03491081733207
  -3   -3    1       7    7    1       1    1     10.24793786877351  -0.03491081733207
  -3   -3   -5       7    7    5       1    1     10.24793786877351  -0.06724815172987
  -2    0    3       8    0    3       1    1     10.24793786877351  -0.06694843304924
  -2    3    0       8    3    0       1    1     10.24793786877351  -0.06724815172987
  -2   -5   -2       8    5    8       1    1     10.24793786877351  -0.06686725783166
  -2   -2   -5       8    8    5       1    1     10.24793786877351  -0.06724815172987
  -1    3    3       9    3    3       1    1     10.24793786877351  -0.03510088279959
  -1   -4   -4       9    6    6       1    1     10.24793786877351  -0.03504874239192
   1    3   -2       1    3    8       1    1     10.34792011804039  -0.03181165582880
   1   -2    3       1    8    3       1    1     10.34792011804039  -0.03168906767230
   2   -3   -1       2    7    9       1    1     10.34792011804039  -0.03182756127827
   2   -1   -3       2    9    7       1    1     10.34792011804039  -0.03168906767230
   3    1   -2       3    1    8       1    1     10.34792011804039  -0.03181165582880
   3   -2    1       3    8    1       1    1     10.34792011804039  -0.03175516620500
  -5   -3   -2       5    7    8       1    1     10.34792011804039  -0.03181165582880
  -5   -2   -3       5    8    7       1    1     10.34792011804039  -0.03168906767230
  -3    2   -1       7    2    9       1    1     10.34792011804039  -0.03175516620500
  -3   -5   -2       7    5    8       1    1     10.34792011804039  -0.03181165582880
  -3   -2   -5       7    8    5       1    1     10.34792011804039  -0.03182756127827
  -3   -1    2       7    9    2       1    1     10.34792011804039  -0.03181165582880
  -2    1    3       8    1    3       1    1     10.34792011804039  -0.03168906767230
  -2    3    1       8    3    1       1    1     10.34792011804039  -0.03182756127827
  -2   -5   -3       8    5    7       1    1     10.34792011804039  -0.03168906767230
  -2   -3   -5       8    7    5       1    1     10.34792011804039  -0.03175516620500
  -1    2   -3       9    2    7       1    1     10.34792011804039  -0.03168906767230
  -1   -3    2       9    7    2       1    1     10.34792011804039  -0.03181165582880
  -5   -4   -3       5    6    7       1    1     10.73854420290554  -0.05759537669438
  -4   -5   -3       6    5    7       1    1     10.73854420290554  -0.05759324951833
   1    2   -3       1    2    7       1    1     10.73854420290554  -0.05759537669438
   1    4   -1       1    4    9       1    1     10.73854420290554  -0.05759324951833
   1   -4   -1       1    6    9       1    1     10.73854420290554  -0.05753344555087
   1   -3    2       1    7    2       1    1     10.73854420290554  -0.05756805499894
   1   -1    4       1    9    4       1    1     10.73854420290554  -0.05758524283354
   1   -1   -4       1    9    6       1    1     10.73854420290554  -0.05756805499894
   2    1   -3       2    1    7       1    1     10.73854420290554  -0.05759324951833
   2   -3    1       2    7    1       1    1     10.73854420290554  -0.05747979401050
   3   -2   -1       3    8    9       1    1     10.73854420290554  -0.05753344555087
   3   -1   -2       3    9    8       1    1     10.73854420290554  -0.05758524283354
   4    1   -1       4    1    9       1    1     10.73854420290554  -0.05759537669438
   4   -1    1       4    9    1       1    1     10.73854420290554  -0.05747979401050
  -5   -3   -4       5    7    6       1    1     10.73854420290554  -0.05758524283354
  -5   -1   -2       5    9    8       1    1     10.73854420290554  -0.05756805499894
  -4    1   -1       6    1    9       1    1     10.73854420290554  -0.05747979401050
  -4   -3   -5       6    7    5       1    1     10.73854420290554  -0.05753344555087
  -4   -1    1       6    9    1       1    1     10.73854420290554  -0.05759537669438
  -3    1    2       7    1    2       1    1     10.73854420290554  -0.05758524283354
  -3    2    1       7    2    1       1    1     10.73854420290554  -0.05753344555087
  -3   -5   -4       7    5    6       1    1     10.73854420290554  -0.05756805499894
  -3   -4   -5       7    6    5       1    1     10.73854420290554  -0.05747979401050
  -2    3   -1       8    3    9       1    1     10.73854420290554  -0.05747979401050
  -2   -1    3       8    9    3       1    1     10.73854420290554  -0.05759324951833
  -2   -1   -5       8    9    5       1    1     10.73854420290554  -0.05753344555087
  -1    1    4       9    1    4       1    1     10.73854420290554  -0.05756805499894
  -1    1   -4       9    1    6       1    1     10.73854420290554  -0.05758524283354
  -1    3   -2       9    3    8       1    1     10.73854420290554  -0.05756805499894
  -1    4    1       9    4    1       1    1     10.73854420290554  -0.05753344555087
  -1   -5   -2       9    5    8       1    1     10.73854420290554  -0.05758524283354
  -1   -4    1       9    6    1       1    1     10.73854420290554  -0.05759324951833
  -1   -2    3       9    8    3       1    1     10.73854420290554  -0.05759537669438
  -1   -2   -5       9    8    5       1    1     10.73854420290554  -0.05747979401050
  -5   -2   -1       5    8    9       1    1     10.73854420290554  -0.05759324951833
  -2   -5   -1       8    5    9       1    1     10.73854420290554  -0.05759537669438
  -5   -4   -2       5    6    8       1    1     11.02243132067805  -0.00792370732046
  -4   -5   -2       6    5    8       1    1     11.02243132067805  -0.00787925896648
   0    1   -4       0    1    6       1    1     11.02243132067805  -0.04593746404973
   0    4   -1       0    4    9       1    1     11.02243132067805  -0.04592257062287
   0   -4    1       0    6    1       1    1     11.02243132067805  -0.04592257062287
   0   -1    4       0    9    4       1    1     11.02243132067805  -0.04593746404973
   1    0   -4       1    0    6       1    1     11.02243132067805  -0.04592257062287
   1   -4    0       1    6    0       1    1     11.02243132067805  -0.04625014876183
   1   -4   -2       1    6    8       1    1     11.02243132067805  -0.00792791787818
   1   -2   -4       1    8    6       1    1     11.02243132067805  -0.00784381251002
   2    3   -2       2    3    8       1    1     11.02243132067805  -0.00792370732046
   2    4   -1       2    4    9       1    1     11.02243132067805  -0.00787925896648
   2   -3   -2       2    7    8       1    1     11.02243132067805  -0.00792791787818
   2   -2    3       2    8    3       1    1     11.02243132067805  -0.00784381251002
   2   -2   -3       2    8    7       1    1     11.02243132067805  -0.00786384693762
   2   -1    4       2    9    4       1    1     11.02243132067805  -0.00786384693762
   3    2   -2       3    2    8       1    1     11.02243132067805  -0.00787925896648
   3   -2    2       3    8    2       1    1     11.02243132067805  -0.00790662125754
   4    0   -1       4    0    9       1    1     11.02243132067805  -0.04593746404973
   4    2   -1       4    2    9       1    1     11.02243132067805  -0.00792370732046
   4   -1    0       4    9    0       1    1     11.02243132067805  -0.04625014876183
   4   -1    2       4    9    2       1    1     11.02243132067805  -0.00790662125754
  -5   -4   -4       5    6    6       1    1     11.02243132067805  -0.04593746404973
  -5   -3   -1       5    7    9       1    1     11.02243132067805  -0.00787925896648
  -5   -2   -4       5    8    6       1    1     11.02243132067805  -0.00786384693762
  -5   -1   -3       5    9    7       1    1     11.02243132067805  -0.00784381251002
  -5   -1   -1       5    9    9       1    1     11.02243132067805  -0.04592257062287
  -4    0    1       6    0    1       1    1     11.02243132067805  -0.04593746404973
  -4    1    0       6    1    0       1    1     11.02243132067805  -0.04625014876183
  -4    1   -2       6    1    8       1    1     11.02243132067805  -0.00790662125754
  -4   -5   -4       6    5    6       1    1     11.02243132067805  -0.04592257062287
  -4   -4   -5       6    6    5       1    1     11.02243132067805  -0.04625014876183
  -4   -2    1       6    8    1       1    1     11.02243132067805  -0.00792370732046
  -4   -2   -5       6    8    5       1    1     11.02243132067805  -0.00792791787819
  -3    2   -2       7    2    8       1    1     11.02243132067805  -0.00790662125754
  -3   -5   -1       7    5    9       1    1     11.02243132067805  -0.00792370732046
  -3   -2    2       7    8    2       1    1     11.02243132067805  -0.00787925896648
  -3   -1   -5       7    9    5       1    1     11.02243132067805  -0.00792791787818
  -2    1   -4       8    1    6       1    1     11.02243132067805  -0.00786384693762
  -2    2    3       8    2    3       1    1     11.02243132067805  -0.00786384693762
  -2    2   -3       8    2    7       1    1     11.02243132067805  -0.00784381251002
  -2    3    2       8    3    2       1    1     11.02243132067805  -0.00792791787818
  -2   -5   -4       8    5    6       1    1     11.02243132067805  -0.00784381251002
  -2   -4    1       8    6    1       1    1     11.02243132067805  -0.00787925896648
  -2   -4   -5       8    6    5       1    1     11.02243132067805  -0.00790662125754
  -2   -3    2       8    7    2       1    1     11.02243132067805  -0.00792370732046
  -1    0    4       9    0    4       1    1     11.02243132067805  -0.04592257062287
  -1    2    4       9    2    4       1    1     11.02243132067805  -0.00784381251002
  -1    4    0       9    4    0       1    1     11.02243132067805  -0.04625014876183
  -1    4    2       9    4    2       1    1     11.02243132067805  -0.00792791787818
  -1   -5   -3       9    5    7       1    1     11.02243132067805  -0.00786384693762
  -1   -5   -1       9    5    9       1    1     11.02243132067805  -0.04593746404973
  -1   -3   -5       9    7    5       1    1     11.02243132067805  -0.00790662125754
  -1   -1   -5       9    9    5       1    1     11.02243132067805  -0.04625014876183
   0    4    4       0    4    4       1    1     11.47998664000000  -0.05006523509462
   0   -4   -4       0    6    6       1    1     11.47998664000000  -0.05006523509462
   4    0    4       4    0    4       1    1     11.47998664000000  -0.05006523509462
   4    4    0       4    4    0       1    1     11.47998664000000  -0.05039689961468
  -4    0   -4       6    0    6       1    1     11.47998664000000  -0.05006523509462
  -4   -4    0       6    6    0       1    1     11.47998664000000  -0.05039689961468
   0   -5   -2       0    5    8       1    1     11.74596755809784  -0.03259254496291
   0   -2   -5       0    8    5       1    1     11.74596755809784  -0.03263803161533
   2    2   -3       2    2    7       1    1     11.74596755809784  -0.03265397004031
   2   -3    2       2    7    2       1    1     11.74596755809784  -0.03263803161533
   3   -2   -2       3    8    8       1    1     11.74596755809784  -0.03259254496291
  -5    0   -2       5    0    8       1    1     11.74596755809784  -0.03263803161533
  -5   -5   -3       5    5    7       1    1     11.74596755809784  -0.03265397004031
  -5   -3   -5       5    7    5       1    1     11.74596755809784  -0.03259254496291
  -5   -2    0       5    8    0       1    1     11.74596755809784  -0.03265397004031
  -3    2    2       7    2    2       1    1     11.74596755809784  -0.03259254496291
  -3   -5   -5       7    5    5       1    1     11.74596755809784  -0.03263803161533
  -2    0   -5       8    0    5       1    1     11.74596755809784  -0.03259254496291
  -2    3   -2       8    3    8       1    1     11.74596755809784  -0.03263803161533
  -2   -5    0       8    5    0       1    1     11.74596755809784  -0.03265397004031
  -2   -2    3       8    8    3       1    1     11.74596755809784  -0.03265397004031
   0   -5   -1       0    5    9       1    1     11.83329937434990  -0.79158252449222
   0   -1   -5       0    9    5       1    1     11.83329937434990  -0.79153005216351
   1    1   -4       1    1    6       1    1     11.83329937434990  -0.79156649263887
   1   -4    1       1    6    1       1    1     11.83329937434990  -0.79153005216351
   4   -1   -1       4    9    9       1    1     11.83329937434990  -0.79158252449221
  -5    0   -1       5    0    9       1    1     11.83329937434990  -0.79153005216351
  -5   -5   -4       5    5    6       1    1     11.83329937434990  -0.79156649263887
  -5   -4   -5       5    6    5       1    1     11.83329937434990  -0.79158252449222
  -5   -1    0       5    9    0       1    1     11.83329937434990  -0.79156649263887
  -4    1    1       6    1    1       1    1     11.83329937434990  -0.79158252449221
  -4   -5   -5       6    5    5       1    1     11.83329937434990  -0.79153005216351
  -1    0   -5       9    0    5       1    1     11.83329937434990  -0.79158252449221
  -1    4   -1       9    4    9       1    1     11.83329937434990  -0.79153005216351
  -1   -5    0       9    5    0       1    1     11.83329937434990  -0.79156649263887
  -1   -1    4       9    9    4       1    1     11.83329937434990  -0.79156649263887
   1   -4   -3       1    6    7       1    1     11.83329937434990  -0.02204669129497
   1   -3   -4       1    7    6       1    1     11.83329937434990  -0.02210095213639
   3    4   -1       3    4    9       1    1     11.83329937434990  -0.02215381108657
   3   -1    4       3    9    4       1    1     11.83329937434990  -0.02210095213639
   4    3   -1       4    3    9       1    1     11.83329937434990  -0.02215381108657
   4   -1    3       4    9    3       1    1     11.83329937434990  -0.02208636439784
  -5   -4   -1       5    6    9       1    1     11.83329937434990  -0.02215381108657
  -5   -1   -4       5    9    6       1    1     11.83329937434990  -0.02210095213639
  -4    1   -3       6    1    7       1    1     11.83329937434990  -0.02208636439784
  -4   -5   -1       6    5    9       1    1     11.83329937434990  -0.02215381108657
  -4   -3    1       6    7    1       1    1     11.83329937434990  -0.02215381108657
  -4   -1   -5       6    9    5       1    1     11.83329937434990  -0.02204669129497
  -3    1   -4       7    1    6       1    1     11.83329937434990  -0.02210095213639
  -3   -4    1       7    6    1       1    1     11.83329937434990  -0.02215381108657
  -1    3    4       9    3    4       1    1     11.83329937434990  -0.02210095213639
  -1    4    3       9    4    3       1    1     11.83329937434990  -0.02204669129497
  -1   -5   -4       9    5    6       1    1     11.83329937434990  -0.02210095213639
  -1   -4   -5       9    6    5       1    1     11.83329937434990  -0.02208636439784
   0    3   -3       0    3    7       1    1     12.17636460161245   0.16331225721308
   0   -5   -3       0    5    7       1    1     12.17636460161245  -0.01290840915952
   0   -3    3       0    7    3       1    1     12.17636460161245   0.16331225721308
   0   -3   -5       0    7    5       1    1     12.17636460161245  -0.01293170593283
   2   -3   -3       2    7    7       1    1     12.17636460161245  -0.01290840915952
   3    0   -3       3    0    7       1    1     12.17636460161245   0.16331225721308
   3    3   -2       3    3    8       1    1     12.17636460161245  -0.01298989658875
   3   -3    0       3    7    0       1    1     12.17636460161245   0.16360543688932
   3   -2    3       3    8    3       1    1     12.17636460161245  -0.01293170593282
  -5    0   -3       5    0    7       1    1     12.17636460161245  -0.01293170593282
  -5   -5   -2       5    5    8       1    1     12.17636460161245  -0.01298989658875
  -5   -3    0       5    7    0       1    1     12.17636460161245  -0.01298989658875
  -5   -2   -5       5    8    5       1    1     12.17636460161245  -0.01290840915952
  -3    0    3       7    0    3       1    1     12.17636460161245   0.16331225721308
  -3    0   -5       7    0    5       1    1     12.17636460161245  -0.01290840915951
  -3    2   -3       7    2    7       1    1     12.17636460161245  -0.01293170593282
  -3    3    0       7    3    0       1    1     12.17636460161245   0.16360543688932
  -3   -5    0       7    5    0       1    1     12.17636460161245  -0.01298989658875
  -3   -3    2       7    7    2       1    1     12.17636460161245  -0.01298989658875
  -2    3    3       8    3    3       1    1     12.17636460161245  -0.01290840915952
  -2   -5   -5       8    5    5       1    1     12.17636460161245  -0.01293170593283
   0    0   -5       0    0    5       1    1     12.42745008168245   0.05429132044936
   0   -5    0       0    5    0       1    1     12.42745008168245   0.05429132044936
   1   -3    3       1    7    3       1    1     12.42745008168245   0.04268157003188
   1   -2    4       1    8    4       1    1     12.42745008168245   0.04269248995695
   2   -4   -1       2    6    9       1    1     12.42745008168245   0.04266874980522
   2   -1   -4       2    9    6       1    1     12.42745008168245   0.04268157003188
   3   -3    1       3    7    1       1    1     12.42745008168245   0.04265868965912
   3   -3   -1       3    7    9       1    1     12.42745008168245   0.04266874980521
   3   -1   -3       3    9    7       1    1     12.42745008168245   0.04269248995695
   4   -2    1       4    8    1       1    1     12.42745008168245   0.04265868965912
  -5    0    0       5    0    0       1    1     12.42745008168245   0.05429132044935
  -5   -5   -5       5    5    5       1    1     12.42745008168245   0.05429132044935
  -4    2   -1       6    2    9       1    1     12.42745008168245   0.04265868965912
  -3    1    3       7    1    3       1    1     12.42745008168245   0.04269248995695
  -3    3    1       7    3    1       1    1     12.42745008168245   0.04266874980521
  -3    3   -1       7    3    9       1    1     12.42745008168245   0.04265868965912
  -2    1    4       8    1    4       1    1     12.42745008168245   0.04268157003188
  -2    4    1       8    4    1       1    1     12.42745008168245   0.04266874980522
  -1    2   -4       9    2    6       1    1     12.42745008168245   0.04269248995695
  -1    3   -3       9    3    7       1    1     12.42745008168245   0.04268157003188
   1    3   -3       1    3    7       1    1     12.42745008168245   0.04271323756727
   1    4   -2       1    4    8       1    1     12.42745008168245   0.04272007249418
   3    1   -3       3    1    7       1    1     12.42745008168245   0.04272007249418
   4    1   -2       4    1    8       1    1     12.42745008168245   0.04271323756727
  -4   -1    2       6    9    2       1    1     12.42745008168245   0.04271323756727
  -3   -1    3       7    9    3       1    1     12.42745008168245   0.04272007249418
  -1   -4    2       9    6    2       1    1     12.42745008168245   0.04272007249418
  -1   -3    3       9    7    3       1    1     12.42745008168245   0.04271323756727
   0    2   -4       0    2    6       1    1     12.51002540923926   0.04993988159129
   0    4   -2       0    4    8       1    1     12.51002540923926   0.04986006216520
   0   -4    2       0    6    2       1    1     12.51002540923926   0.04986006216520
   0   -2    4       0    8    4       1    1     12.51002540923926   0.04993988159129
   2    0   -4       2    0    6       1    1     12.51002540923926   0.04986006216520
   2   -4    0       2    6    0       1    1     12.51002540923926   0.05013565980571
   4    0   -2       4    0    8       1    1     12.51002540923926   0.04993988159130
   4   -2    0       4    8    0       1    1     12.51002540923926   0.05013565980571
  -4    0    2       6    0    2       1    1     12.51002540923926   0.04993988159130
  -4    2    0       6    2    0       1    1     12.51002540923926   0.05013565980571
  -2    0    4       8    0    4       1    1     12.51002540923926   0.04986006216520
  -2    4    0       8    4    0       1    1     12.51002540923926   0.05013565980571
   2    4   -2       2    4    8       1    1     12.83501525391470  -0.02261320427471
   2   -4   -2       2    6    8       1    1     12.83501525391470  -0.02268637924092
   2   -2    4       2    8    4       1    1     12.83501525391470  -0.02263313840877
   2   -2   -4       2    8    6       1    1     12.83501525391470  -0.02263313840877
   4    2   -2       4    2    8       1    1     12.83501525391470  -0.02261320427471
   4   -2    2       4    8    2       1    1     12.83501525391470  -0.02275182520846
  -4    2   -2       6    2    8       1    1     12.83501525391470  -0.02275182520846
  -4   -2    2       6    8    2       1    1     12.83501525391470  -0.02261320427471
  -2    2    4       8    2    4       1    1     12.83501525391470  -0.02263313840877
  -2    2   -4       8    2    6       1    1     12.83501525391470  -0.02263313840877
  -2    4    2       8    4    2       1    1     12.83501525391470  -0.02268637924092
  -2   -4    2       8    6    2       1    1     12.83501525391470  -0.02261320427471
   0   -5   -4       0    5    6       1    1     13.07345697164799   0.04249447458755
   0   -4   -5       0    6    5       1    1     13.07345697164799   0.04254552735930
   1   -4   -4       1    6    6       1    1     13.07345697164799   0.04249447458755
   4    4   -1       4    4    9       1    1     13.07345697164799   0.04260101508533
   4   -1    4       4    9    4       1    1     13.07345697164799   0.04254552735930
  -5    0   -4       5    0    6       1    1     13.07345697164799   0.04254552735930
  -5   -5   -1       5    5    9       1    1     13.07345697164799   0.04260101508533
  -5   -4    0       5    6    0       1    1     13.07345697164799   0.04260101508533
  -5   -1   -5       5    9    5       1    1     13.07345697164799   0.04249447458755
  -4    0   -5       6    0    5       1    1     13.07345697164799   0.04249447458755
  -4    1   -4       6    1    6       1    1     13.07345697164799   0.04254552735930
  -4   -5    0       6    5    0       1    1     13.07345697164799   0.04260101508533
  -4   -4    1       6    6    1       1    1     13.07345697164799   0.04260101508533
  -1    4    4       9    4    4       1    1     13.07345697164799   0.04249447458755
  -1   -5   -5       9    5    5       1    1     13.07345697164799   0.04254552735930
   1    2   -4       1    2    6       1    1     13.07345697164799   0.09155932749724
   1   -5   -1       1    5    9       1    1     13.07345697164799   0.09158425633103
   1   -4    2       1    6    2       1    1     13.07345697164799   0.09164614963240
   1   -1   -5       1    9    5       1    1     13.07345697164799   0.09164614963240
   2    1   -4       2    1    6       1    1     13.07345697164799   0.09158425633103
   2   -4    1       2    6    1       1    1     13.07345697164799   0.09155932749724
   4   -2   -1       4    8    9       1    1     13.07345697164799   0.09158425633103
   4   -1   -2       4    9    8       1    1     13.07345697164799   0.09164614963240
  -5    1   -1       5    1    9       1    1     13.07345697164799   0.09155932749724
  -5   -1    1       5    9    1       1    1     13.07345697164799   0.09155932749724
  -4    1    2       6    1    2       1    1     13.07345697164799   0.09164614963240
  -4    2    1       6    2    1       1    1     13.07345697164799   0.09158425633103
  -2    4   -1       8    4    9       1    1     13.07345697164799   0.09155932749724
  -2   -1    4       8    9    4       1    1     13.07345697164799   0.09158425633103
  -1    1   -5       9    1    5       1    1     13.07345697164799   0.09164614963240
  -1    4   -2       9    4    8       1    1     13.07345697164799   0.09164614963240
  -1   -5    1       9    5    1       1    1     13.07345697164799   0.09158425633103
  -1   -2    4       9    8    4       1    1     13.07345697164799   0.09155932749724
   1   -2   -5       1    8    5       1    1     13.15197693872044  -0.03920419044550
   2    3   -3       2    3    7       1    1     13.15197693872044  -0.03914372324906
   2   -3    3       2    7    3       1    1     13.15197693872044  -0.03920419044550
   3    2   -3       3    2    7       1    1     13.15197693872044  -0.03913230414488
   3   -2   -3       3    8    7       1    1     13.15197693872044  -0.03923400085190
  -5   -2    1       5    8    1       1    1     13.15197693872044  -0.03914372324906
  -3    2    3       7    2    3       1    1     13.15197693872044  -0.03923400085190
  -3   -2    3       7    8    3       1    1     13.15197693872044  -0.03913230414488
  -2    1   -5       8    1    5       1    1     13.15197693872044  -0.03923400085190
  -2    3   -3       8    3    7       1    1     13.15197693872044  -0.03920419044550
  -2   -5    1       8    5    1       1    1     13.15197693872044  -0.03913230414488
  -2   -3    3       8    7    3       1    1     13.15197693872044  -0.03914372324906
   1   -5   -2       1    5    8       1    1     13.15197693872044  -0.03912486783576
   3   -3    2       3    7    2       1    1     13.15197693872044  -0.03909415782931
   3   -3   -2       3    7    8       1    1     13.15197693872044  -0.03912486783576
  -5    1   -2       5    1    8       1    1     13.15197693872044  -0.03909415782931
  -3    3    2       7    3    2       1    1     13.15197693872044  -0.03912486783576
  -3    3   -2       7    3    8       1    1     13.15197693872044  -0.03909415782931
   0    1   -5       0    1    5       1    1     13.46147756470460  -0.79153005216351
   0   -5    1       0    5    1       1    1     13.46147756470460  -0.79158252449222
   1    0   -5       1    0    5       1    1     13.46147756470460  -0.79158252449221
   1   -5    0       1    5    0       1    1     13.46147756470460  -0.79156649263887
  -5    0    1       5    0    1       1    1     13.46147756470460  -0.79153005216351
  -5    1    0       5    1    0       1    1     13.46147756470460  -0.79156649263887
   1   -5   -3       1    5    7       1    1     13.68901160954850  -0.03786885504140
   1   -3   -5       1    7    5       1    1     13.68901160954850  -0.03778270771421
   2   -4   -3       2    6    7       1    1     13.68901160954850  -0.03786885504140
   2   -3   -4       2    7    6       1    1     13.68901160954850  -0.03780617975214
   3   -2    4       3    8    4       1    1     13.68901160954850  -0.03778270771421
   4   -2    3       4    8    3       1    1     13.68901160954850  -0.03783168344705
  -5    1   -3       5    1    7       1    1     13.68901160954850  -0.03783168344705
  -5   -3    1       5    7    1       1    1     13.68901160954850  -0.03787976277911
  -4    2   -3       6    2    7       1    1     13.68901160954850  -0.03783168344705
  -3    1   -5       7    1    5       1    1     13.68901160954850  -0.03780617975214
  -3    2   -4       7    2    6       1    1     13.68901160954850  -0.03778270771421
  -3   -5    1       7    5    1       1    1     13.68901160954850  -0.03781969855919
  -2    3    4       8    3    4       1    1     13.68901160954850  -0.03780617975214
  -2    4    3       8    4    3       1    1     13.68901160954850  -0.03786885504140
   3    4   -2       3    4    8       1    1     13.68901160954851  -0.03787976277911
   4    3   -2       4    3    8       1    1     13.68901160954851  -0.03781969855919
  -4   -3    2       6    7    2       1    1     13.68901160954851  -0.03781969855919
  -3   -4    2       7    6    2       1    1     13.68901160954851  -0.03787976277911
   2    2   -4       2    2    6       1    1     14.06005476098396   0.05013565980571
   2   -4    2       2    6    2       1    1     14.06005476098396   0.04993988159130
   4   -2   -2       4    8    8       1    1     14.06005476098396   0.04986006216520
  -4    2    2       6    2    2       1    1     14.06005476098396   0.04986006216520
  -2    4   -2       8    4    8       1    1     14.06005476098396   0.04993988159130
  -2   -2    4       8    8    4       1    1     14.06005476098396   0.05013565980571
   0    3   -4       0    3    6       1    1     14.27805310618980  -0.07788622091570
   0    4   -3       0    4    7       1    1     14.27805310618980  -0.07789373709254
   0   -4    3       0    6    3       1    1     14.27805310618980  -0.07789373709254
   0   -3    4       0    7    4       1    1     14.27805310618980  -0.07788622091570
   1    1   -5       1    1    5       1    1     14.27805310618980  -0.04625014876183
   1   -5    1       1    5    1       1    1     14.27805310618980  -0.04593746404973
   3    0   -4       3    0    6       1    1     14.27805310618980  -0.07789373709254
   3    3   -3       3    3    7       1    1     14.27805310618980  -0.07786543380103
   3   -4    0       3    6    0       1    1     14.27805310618980  -0.07786543380104
   3   -3    3       3    7    3       1    1     14.27805310618980  -0.07788622091569
   3   -3   -3       3    7    7       1    1     14.27805310618980  -0.07789373709254
   4    0   -3       4    0    7       1    1     14.27805310618980  -0.07788622091569
   4   -3    0       4    7    0       1    1     14.27805310618980  -0.07786543380104
  -5    1    1       5    1    1       1    1     14.27805310618980  -0.04592257062287
  -4    0    3       6    0    3       1    1     14.27805310618980  -0.07788622091569
  -4    3    0       6    3    0       1    1     14.27805310618980  -0.07786543380104
  -3    0    4       7    0    4       1    1     14.27805310618980  -0.07789373709254
  -3    3    3       7    3    3       1    1     14.27805310618980  -0.07789373709254
  -3    3   -3       7    3    7       1    1     14.27805310618980  -0.07788622091569
  -3    4    0       7    4    0       1    1     14.27805310618980  -0.07786543380104
  -3   -3    3       7    7    3       1    1     14.27805310618980  -0.07786543380103
   0   -5   -5       0    5    5       1    1     14.34998330000000  -0.11202239143915
   1    4   -3       1    4    7       1    1     14.34998330000000   0.02985501735841
   1   -3    4       1    7    4       1    1     14.34998330000000   0.02982962291039
   3   -1   -4       3    9    6       1    1     14.34998330000000   0.02982962291039
   4    1   -3       4    1    7       1    1     14.34998330000000   0.02985501735841
  -5    0   -5       5    0    5       1    1     14.34998330000000  -0.11202239143915
  -5   -5    0       5    5    0       1    1     14.34998330000000  -0.11211510521540
  -4   -1    3       6    9    3       1    1     14.34998330000000   0.02985501735841
  -3    1    4       7    1    4       1    1     14.34998330000000   0.02982962291039
  -1    3   -4       9    3    6       1    1     14.34998330000000   0.02982962291039
  -1   -4    3       9    6    3       1    1     14.34998330000000   0.02985501735841
   3   -4   -1       3    6    9       1    1     14.34998330000000   0.02980599106458
   4   -3    1       4    7    1       1    1     14.34998330000000   0.02985668938032
  -4    3   -1       6    3    9       1    1     14.34998330000000   0.02985668938032
  -3    4    1       7    4    1       1    1     14.34998330000000   0.02980599106458
  -5   -4    1       5    6    1       1    1     14.63416897328612   0.01283505779059
  -4   -5    1       6    5    1       1    1     14.63416897328612   0.01283505779059
   1    3   -4       1    3    6       1    1     14.63416897328612  -0.03909415782931
   1   -5   -4       1    5    6       1    1     14.63416897328612   0.01282168430179
   1   -4    3       1    6    3       1    1     14.63416897328612  -0.03923400085190
   1   -4   -5       1    6    5       1    1     14.63416897328612   0.01281417223708
   2   -1   -5       2    9    5       1    1     14.63416897328612  -0.03923400085190
   3    1   -4       3    1    6       1    1     14.63416897328612  -0.03912486783576
   4   -1   -3       4    9    7       1    1     14.63416897328612  -0.03920419044550
  -5    1   -4       5    1    6       1    1     14.63416897328612   0.01282168430179
  -5   -1    2       5    9    2       1    1     14.63416897328612  -0.03909415782931
  -4    1    3       6    1    3       1    1     14.63416897328612  -0.03920419044550
  -4    1   -5       6    1    5       1    1     14.63416897328612   0.01281417223708
  -3   -1    4       7    9    4       1    1     14.63416897328612  -0.03912486783576
  -1    2   -5       9    2    5       1    1     14.63416897328612  -0.03920419044550
  -1    4   -3       9    4    7       1    1     14.63416897328612  -0.03923400085190
  -1   -5    2       9    5    2       1    1     14.63416897328612  -0.03912486783576
  -1   -3    4       9    7    4       1    1     14.63416897328612  -0.03909415782931
   2   -5   -1       2    5    9       1    1     14.63416897328612  -0.03913230414488
   3   -4    1       3    6    1       1    1     14.63416897328612  -0.03914372324906
   4   -3   -1       4    7    9       1    1     14.63416897328612  -0.03913230414488
  -5    2   -1       5    2    9       1    1     14.63416897328612  -0.03914372324906
  -4    3    1       6    3    1       1    1     14.63416897328612  -0.03913230414488
  -3    4   -1       7    4    9       1    1     14.63416897328612  -0.03914372324906
   2   -3    4       2    7    4       1    1     14.84373814643732   0.04216227207414
   2   -2   -5       2    8    5       1    1     14.84373814643732   0.04216227207414
   3   -2   -4       3    8    6       1    1     14.84373814643732   0.04216227207414
  -3    2    4       7    2    4       1    1     14.84373814643732   0.04216227207414
  -2    2   -5       8    2    5       1    1     14.84373814643732   0.04216227207414
  -2    3   -4       8    3    6       1    1     14.84373814643732   0.04216227207414
   0    2   -5       0    2    5       1    1     14.84373814643732  -0.03263803161533
   0   -5    2       0    5    2       1    1     14.84373814643732  -0.03259254496291
   2    0   -5       2    0    5       1    1     14.84373814643732  -0.03259254496291
   2    4   -3       2    4    7       1    1     14.84373814643732   0.04220019887990
   2   -5    0       2    5    0       1    1     14.84373814643732  -0.03265397004031
   2   -5   -2       2    5    8       1    1     14.84373814643732   0.04229951376607
   3   -4   -2       3    6    8       1    1     14.84373814643732   0.04229951376607
   4    2   -3       4    2    7       1    1     14.84373814643732   0.04229951376607
   4   -3    2       4    7    2       1    1     14.84373814643732   0.04220019887990
  -5    0    2       5    0    2       1    1     14.84373814643732  -0.03263803161533
  -5    2    0       5    2    0       1    1     14.84373814643732  -0.03265397004031
  -5    2   -2       5    2    8       1    1     14.84373814643732   0.04220019887990
  -5   -2    2       5    8    2       1    1     14.84373814643732   0.04220019887990
  -4    3   -2       6    3    8       1    1     14.84373814643732   0.04220019887990
  -4   -2    3       6    8    3       1    1     14.84373814643732   0.04229951376607
  -3    4    2       7    4    2       1    1     14.84373814643732   0.04229951376607
  -2   -5    2       8    5    2       1    1     14.84373814643732   0.04229951376607
  -2   -4    3       8    6    3       1    1     14.84373814643732   0.04220019887990
   2   -4   -4       2    6    6       1    1     14.91294009801894   0.01441528305163
   4    4   -2       4    4    8       1    1     14.91294009801894   0.01439894884576
   4   -2    4       4    8    4       1    1     14.91294009801894   0.01441528305163
  -4    2   -4       6    2    6       1    1     14.91294009801894   0.01441528305163
  -4   -4    2       6    6    2       1    1     14.91294009801894   0.01439894884576
  -2    4    4       8    4    4       1    1     14.91294009801894   0.01441528305163
   2    3   -4       2    3    6       1    1     15.38864268923093   0.04265868965912
   2   -4    3       2    6    3       1    1     15.38864268923093   0.04269248995695
   3    2   -4       3    2    6       1    1     15.38864268923093   0.04266874980522
   4   -2   -3       4    8    7       1    1     15.38864268923093   0.04268157003188
  -4    2    3       6    2    3       1    1     15.38864268923093   0.04268157003188
  -3   -2    4       7    8    4       1    1     15.38864268923093   0.04266874980522
  -2    4   -3       8    4    7       1    1     15.38864268923093   0.04269248995695
  -2   -3    4       8    7    4       1    1     15.38864268923093   0.04265868965912
   3   -4    2       3    6    2       1    1     15.38864268923094   0.04271323756727
   4   -3   -2       4    7    8       1    1     15.38864268923094   0.04272007249418
  -4    3    2       6    3    2       1    1     15.38864268923094   0.04272007249418
  -3    4   -2       7    4    8       1    1     15.38864268923094   0.04271323756727
   1    2   -5       1    2    5       1    1     15.45540501002557  -0.05747979401050
   2    1   -5       2    1    5       1    1     15.45540501002557  -0.05753344555087
   1   -5    2       1    5    2       1    1     15.45540501002557  -0.05758524283354
   2   -5    1       2    5    1       1    1     15.45540501002557  -0.05759537669438
   2   -5   -3       2    5    7       1    1     15.45540501002557   0.03042572517481
   2   -3   -5       2    7    5       1    1     15.45540501002557   0.03041290890838
  -5    1    2       5    1    2       1    1     15.45540501002557  -0.05756805499894
  -5    2    1       5    2    1       1    1     15.45540501002557  -0.05759324951833
  -5    2   -3       5    2    7       1    1     15.45540501002557   0.03042572517481
  -5   -3    2       5    7    2       1    1     15.45540501002557   0.03039507873418
  -3    2   -5       7    2    5       1    1     15.45540501002557   0.03041290890839
  -3   -5    2       7    5    2       1    1     15.45540501002557   0.03039507873418
   3   -3    4       3    7    4       1    1     15.71961910646485   0.02982962291039
   3   -3   -4       3    7    6       1    1     15.71961910646485   0.02982962291039
  -3    3    4       7    3    4       1    1     15.71961910646485   0.02982962291039
  -3    3   -4       7    3    6       1    1     15.71961910646485   0.02982962291039
   3    4   -3       3    4    7       1    1     15.71961910646485   0.02985668938032
   3   -4   -3       3    6    7       1    1     15.71961910646485   0.02985501735841
   4    3   -3       4    3    7       1    1     15.71961910646485   0.02980599106458
   4   -3    3       4    7    3       1    1     15.71961910646485   0.02985501735841
  -4    3   -3       6    3    7       1    1     15.71961910646485   0.02985501735841
  -4   -3    3       6    7    3       1    1     15.71961910646485   0.02980599106458
  -3    4    3       7    4    3       1    1     15.71961910646485   0.02985501735841
  -3   -4    3       7    6    3       1    1     15.71961910646485   0.02985668938032
   1   -5   -5       1    5    5       1    1     15.91490136550155   0.04254552735930
  -5    1   -5       5    1    5       1    1     15.91490136550155   0.04249447458755
  -5   -5    1       5    5    1       1    1     15.91490136550155   0.04260101508533
   0    4   -4       0    4    6       1    1     16.23515280214994   0.01441528305163
   0   -4    4       0    6    4       1    1     16.23515280214994   0.01441528305163
   4    0   -4       4    0    6       1    1     16.23515280214994   0.01441528305163
   4   -4    0       4    6    0       1    1     16.23515280214994   0.01439894884576
  -4    0    4       6    0    4       1    1     16.23515280214994   0.01441528305163
  -4    4    0       6    4    0       1    1     16.23515280214994   0.01439894884576
   1    4   -4       1    4    6       1    1     16.42430659511887  -0.03783168344705
   1   -4    4       1    6    4       1    1     16.42430659511887  -0.03780617975214
   2    2   -5       2    2    5       1    1     16.42430659511887  -0.06724815172987
   2   -5    2       2    5    2       1    1     16.42430659511887  -0.06686725783166
   2   -5   -4       2    5    6       1    1     16.42430659511887  -0.03783168344705
   2   -4   -5       2    6    5       1    1     16.42430659511887  -0.03778270771421
   3   -5   -1       3    5    9       1    1     16.42430659511887  -0.03781969855919
   3   -1   -5       3    9    5       1    1     16.42430659511887  -0.03780617975214
   4    1   -4       4    1    6       1    1     16.42430659511887  -0.03786885504140
   4   -4    1       4    6    1       1    1     16.42430659511887  -0.03787976277912
   4   -4   -1       4    6    9       1    1     16.42430659511887  -0.03781969855919
   4   -1   -4       4    9    6       1    1     16.42430659511887  -0.03778270771421
  -5    2    2       5    2    2       1    1     16.42430659511887  -0.06694843304924
  -5    2   -4       5    2    6       1    1     16.42430659511887  -0.03786885504140
  -5    3   -1       5    3    9       1    1     16.42430659511887  -0.03787976277911
  -5   -4    2       5    6    2       1    1     16.42430659511887  -0.03781969855919
  -5   -1    3       5    9    3       1    1     16.42430659511887  -0.03783168344705
  -4    1    4       6    1    4       1    1     16.42430659511887  -0.03778270771421
  -4    2   -5       6    2    5       1    1     16.42430659511887  -0.03780617975215
  -4    4    1       6    4    1       1    1     16.42430659511887  -0.03781969855919
  -4    4   -1       6    4    9       1    1     16.42430659511887  -0.03787976277912
  -4   -5    2       6    5    2       1    1     16.42430659511887  -0.03787976277911
  -4   -1    4       6    9    4       1    1     16.42430659511887  -0.03786885504140
  -1    3   -5       9    3    5       1    1     16.42430659511887  -0.03778270771421
  -1    4   -4       9    4    6       1    1     16.42430659511887  -0.03780617975214
  -1   -5    3       9    5    3       1    1     16.42430659511887  -0.03786885504140
  -1   -4    4       9    6    4       1    1     16.42430659511887  -0.03783168344705
   0    3   -5       0    3    5       1    1     16.48687560872490  -0.01293170593283
   0   -5    3       0    5    3       1    1     16.48687560872490  -0.01290840915952
   3    0   -5       3    0    5       1    1     16.48687560872490  -0.01290840915951
   3    3   -4       3    3    6       1    1     16.48687560872490   0.16360543688932
   3   -5    0       3    5    0       1    1     16.48687560872490  -0.01298989658875
  -5    0    3       5    0    3       1    1     16.48687560872490  -0.01293170593282
  -5    3    0       5    3    0       1    1     16.48687560872490  -0.01298989658875
  -3   -3    4       7    7    4       1    1     16.48687560872490   0.16360543688932
   3   -4    3       3    6    3       1    1     16.48687560872490   0.16331225721308
   4   -3   -3       4    7    7       1    1     16.48687560872490   0.16331225721308
  -4    3    3       6    3    3       1    1     16.48687560872490   0.16331225721308
  -3    4   -3       7    4    7       1    1     16.48687560872490   0.16331225721308
   3   -5   -2       3    5    8       1    1     16.73481246282669   0.03039507873418
   3   -2   -5       3    8    5       1    1     16.73481246282669   0.03041290890839
  -5    3   -2       5    3    8       1    1     16.73481246282669   0.03039507873418
  -5   -2    3       5    8    3       1    1     16.73481246282669   0.03042572517481
  -2    3   -5       8    3    5       1    1     16.73481246282669   0.03041290890838
  -2   -5    3       8    5    3       1    1     16.73481246282669   0.03042572517481
   1    3   -5       1    3    5       1    1     16.91838079685192  -0.00790662125754
   1   -5    3       1    5    3       1    1     16.91838079685192  -0.00786384693762
   3    1   -5       3    1    5       1    1     16.91838079685192  -0.00792791787818
   3   -5    1       3    5    1       1    1     16.91838079685192  -0.00792370732046
   3   -4   -4       3    6    6       1    1     16.91838079685192  -0.07788622091569
   4    4   -3       4    4    7       1    1     16.91838079685192  -0.07786543380103
   4   -3    4       4    7    4       1    1     16.91838079685192  -0.07789373709254
  -5    1    3       5    1    3       1    1     16.91838079685192  -0.00784381251002
  -5    3    1       5    3    1       1    1     16.91838079685192  -0.00787925896648
  -4    3   -4       6    3    6       1    1     16.91838079685192  -0.07789373709254
  -4   -4    3       6    6    3       1    1     16.91838079685192  -0.07786543380103
  -3    4    4       7    4    4       1    1     16.91838079685192  -0.07788622091569
   2    4   -4       2    4    6       1    1     16.97912921778942  -0.02275182520846
   2   -4    4       2    6    4       1    1     16.97912921778942  -0.02263313840877
   4    2   -4       4    2    6       1    1     16.97912921778942  -0.02268637924092
   4   -4    2       4    6    2       1    1     16.97912921778942  -0.02261320427471
   4   -4   -2       4    6    8       1    1     16.97912921778942  -0.02261320427471
   4   -2   -4       4    8    6       1    1     16.97912921778942  -0.02263313840877
  -4    2    4       6    2    4       1    1     16.97912921778942  -0.02263313840877
  -4    4    2       6    4    2       1    1     16.97912921778942  -0.02261320427471
  -4    4   -2       6    4    8       1    1     16.97912921778942  -0.02261320427471
  -4   -2    4       6    8    4       1    1     16.97912921778942  -0.02268637924092
  -2    4   -4       8    4    6       1    1     16.97912921778942  -0.02263313840877
  -2   -4    4       8    6    4       1    1     16.97912921778942  -0.02275182520846
   3   -5   -3       3    5    7       1    1     17.39843011435543   0.04220019887990
   3   -3   -5       3    7    5       1    1     17.39843011435543   0.04216227207415
  -5    3   -3       5    3    7       1    1     17.39843011435543   0.04229951376607
  -5   -3    3       5    7    3       1    1     17.39843011435543   0.04229951376607
  -3    3   -5       7    3    5       1    1     17.39843011435543   0.04216227207415
  -3   -5    3       7    5    3       1    1     17.39843011435543   0.04220019887990
   2    3   -5       2    3    5       1    1     17.69184759937819  -0.03175516620500
   2   -5    3       2    5    3       1    1     17.69184759937819  -0.03168906767230
   2   -5   -5       2    5    5       1    1     17.69184759937819  -0.01293170593283
   3    2   -5       3    2    5       1    1     17.69184759937819  -0.03182756127827
   3   -5    2       3    5    2       1    1     17.69184759937819  -0.03181165582880
  -5    2    3       5    2    3       1    1     17.69184759937819  -0.03168906767230
  -5    2   -5       5    2    5       1    1     17.69184759937819  -0.01290840915952
  -5    3    2       5    3    2       1    1     17.69184759937819  -0.03181165582880
  -5   -5    2       5    5    2       1    1     17.69184759937819  -0.01298989658875
   3    4   -4       3    4    6       1    1     17.86558513178150   0.04265868965912
   3   -4    4       3    6    4       1    1     17.86558513178150   0.04268157003188
   4    3   -4       4    3    6       1    1     17.86558513178150   0.04266874980522
   4   -4    3       4    6    3       1    1     17.86558513178150   0.04272007249418
   4   -4   -3       4    6    7       1    1     17.86558513178150   0.04271323756727
   4   -3   -4       4    7    6       1    1     17.86558513178150   0.04269248995695
  -4    3    4       6    3    4       1    1     17.86558513178150   0.04269248995695
  -4    4    3       6    4    3       1    1     17.86558513178150   0.04271323756727
  -4    4   -3       6    4    7       1    1     17.86558513178150   0.04272007249418
  -4   -3    4       6    7    4       1    1     17.86558513178150   0.04266874980522
  -3    4   -4       7    4    6       1    1     17.86558513178150   0.04268157003188
  -3   -4    4       7    6    4       1    1     17.86558513178150   0.04265868965912
   0    4   -5       0    4    5       1    1     18.32083223431061   0.04254552735930
   0   -5    4       0    5    4       1    1     18.32083223431061   0.04249447458755
   4    0   -5       4    0    5       1    1     18.32083223431061   0.04249447458755
   4   -5    0       4    5    0       1    1     18.32083223431061   0.04260101508533
  -5    0    4       5    0    4       1    1     18.32083223431061   0.04254552735930
  -5    4    0       5    4    0       1    1     18.32083223431061   0.04260101508533
   3   -5   -4       3    5    6       1    1     18.37694517499732  -0.03909415782931
   4   -5   -1       4    5    9       1    1     18.37694517499732   0.01283505779059
  -5    3   -4       5    3    6       1    1     18.37694517499732  -0.03912486783576
  -5    4   -1       5    4    9       1    1     18.37694517499732   0.01283505779059
  -5   -4    3       5    6    3       1    1     18.37694517499732  -0.03913230414488
  -4   -5    3       6    5    3       1    1     18.37694517499732  -0.03914372324906
   3   -4   -5       3    6    5       1    1     18.37694517499732  -0.03920419044550
   4   -1   -5       4    9    5       1    1     18.37694517499732   0.01281417223708
  -5   -1    4       5    9    4       1    1     18.37694517499732   0.01282168430179
  -4    3   -5       6    3    5       1    1     18.37694517499732  -0.03923400085190
  -1    4   -5       9    4    5       1    1     18.37694517499732   0.01281417223708
  -1   -5    4       9    5    4       1    1     18.37694517499732   0.01282168430179
   4   -5    1       4    5    1       1    1     18.59970415875662  -0.02215381108657
  -5    4    1       5    4    1       1    1     18.59970415875662  -0.02215381108657
   1    4   -5       1    4    5       1    1     18.59970415875663  -0.02208636439784
   1   -5    4       1    5    4       1    1     18.59970415875663  -0.02210095213639
   4    1   -5       4    1    5       1    1     18.59970415875663  -0.02204669129497
  -5    1    4       5    1    4       1    1     18.59970415875663  -0.02210095213639
   3    3   -5       3    3    5       1    1     18.76503811385889  -0.06724815172987
   3   -5    3       3    5    3       1    1     18.76503811385889  -0.06694843304924
   4   -5   -2       4    5    8       1    1     18.76503811385889  -0.03787976277911
   4   -2   -5       4    8    5       1    1     18.76503811385889  -0.03780617975215
  -5    3    3       5    3    3       1    1     18.76503811385889  -0.06686725783166
  -5    4   -2       5    4    8       1    1     18.76503811385889  -0.03781969855919
  -5   -2    4       5    8    4       1    1     18.76503811385889  -0.03786885504140
  -2    4   -5       8    4    5       1    1     18.76503811385889  -0.03778270771421
  -2   -5    4       8    5    4       1    1     18.76503811385889  -0.03783168344705
   4    4   -4       4    4    6       1    1     19.03740414158639   0.05013565980571
  -4   -4    4       6    6    4       1    1     19.03740414158639   0.05013565980571
   4   -4    4       4    6    4       1    1     19.03740414158640   0.04986006216520
   4   -4   -4       4    6    6       1    1     19.03740414158640   0.04993988159130
  -4    4    4       6    4    4       1    1     19.03740414158640   0.04993988159130
  -4    4   -4       6    4    6       1    1     19.03740414158640   0.04986006216520
   2    4   -5       2    4    5       1    1     19.19896916689537  -0.00790662125754
   2   -5    4       2    5    4       1    1     19.19896916689537  -0.00784381251002
   4    2   -5       4    2    5       1    1     19.19896916689537  -0.00792791787819
   4   -5    2       4    5    2       1    1     19.19896916689537  -0.00787925896648
  -5    2    4       5    2    4       1    1     19.19896916689537  -0.00786384693762
  -5    4    2       5    4    2       1    1     19.19896916689537  -0.00792370732046
   4   -5   -3       4    5    7       1    1     19.46526439858737  -0.03914372324906
  -5    4   -3       5    4    7       1    1     19.46526439858737  -0.03913230414488
   4   -3   -5       4    7    5       1    1     19.46526439858738  -0.03923400085190
  -5   -3    4       5    7    4       1    1     19.46526439858738  -0.03912486783576
  -3    4   -5       7    4    5       1    1     19.46526439858738  -0.03920419044550
  -3   -5    4       7    5    4       1    1     19.46526439858738  -0.03909415782931
   3   -5   -5       3    5    5       1    1     19.62330702833295  -0.03263803161533
  -5    3   -5       5    3    5       1    1     19.62330702833295  -0.03259254496291
  -5   -5    3       5    5    3       1    1     19.62330702833295  -0.03265397004031
   3    4   -5       3    4    5       1    1     20.08997662000000  -0.05747979401050
   3   -5    4       3    5    4       1    1     20.08997662000000  -0.05756805499894
   4    3   -5       4    3    5       1    1     20.08997662000000  -0.05753344555087
   4   -5    3       4    5    3       1    1     20.08997662000000  -0.05759324951833
  -5    3    4       5    3    4       1    1     20.08997662000000  -0.05758524283354
  -5    4    3       5    4    3       1    1     20.08997662000000  -0.05759537669438
   4   -5   -4       4    5    6       1    1     20.44557903415470   0.09155932749724
   4   -4   -5       4    6    5       1    1     20.44557903415470   0.09164614963240
  -5    4   -4       5    4    6       1    1     20.44557903415470   0.09158425633103
  -5   -4    4       5    6    4       1    1     20.44557903415470   0.09158425633103
  -4    4   -5       6    4    5       1    1     20.44557903415470   0.09164614963240
  -4   -5    4       6    5    4       1    1     20.44557903415470   0.09155932749724
   4    4   -5       4    4    5       1    1     21.23603600852830  -0.04625014876183
   4   -5    4       4    5    4       1    1     21.23603600852830  -0.04592257062287
  -5    4    4       5    4    4       1    1     21.23603600852830  -0.04593746404973
   4   -5   -5       4    5    5       1    1     21.66799961278004  -0.79153005216351
  -5    4   -5       5    4    5       1    1     21.66799961278004  -0.79158252449222
  -5   -5    4       5    5    4       1    1     21.66799961278004  -0.79156649263887
