# Status file for ctqmc. Used to save all times t_s, t_e.
10
18
1.457089448824033 1.43448969478911 0 0
2.151132984016134 2.13394364260797 0 0
4.260694481742484 4.251606864319123 0 0
4.506545170714519 4.462989277658555 0 0
4.578368289534841 4.573324826115065 0 0
5.465099134287389 5.06814788230181 0 0
6.273998049643434 6.261979656239498 0 0
8.243319280572136 8.106293279593467 0 0
9.096450701920585 9.061680494233306 0 0
13.72782412717997 13.65095717364246 0 0
15.05127679206859 14.69036225177113 0 0
18.08212054033894 18.06891827207127 0 0
18.19518687152902 18.11515428441456 0 0
19.67859895817949 19.06949602768 0 0
22.092695324567 21.09720030359571 0 0
22.65149863393646 22.1092430107189 0 0
27.23658106604225 27.2121694218019 0 0
28.16318303521755 28.13045046713474 0 0
28
1.054670325497085 0.9630334756270511 0 0
3.470695316268053 3.373627344043603 0 0
5.394794896865847 5.317537060171804 0 0
9.795837162699423 9.765618001366825 0 0
10.2440012120826 10.18690442882799 0 0
11.52373007170621 10.43462596449421 0 0
11.76081739404889 11.76032924017553 0 0
12.92541905698182 12.85715924206531 0 0
13.60059332397784 13.00610325650892 0 0
14.68149772795091 14.24664574522794 0 0
15.27129586151814 15.21319343155307 0 0
16.38171095669626 16.22046323708808 0 0
18.67159875571852 18.58747985757518 0 0
19.0119483169085 18.81072165251107 0 0
19.29851649118391 19.24177258565885 0 0
20.32264652439795 19.91245064683091 0 0
20.456507287016 20.37346599597093 0 0
20.59304316235432 20.54570608337105 0 0
20.66352850716718 20.63845314233891 0 0
20.9873623311152 20.91204344216435 0 0
21.8801929759889 21.44767886596657 0 0
22.11611739104018 22.06168009490099 0 0
23.04659782939812 22.99715062843688 0 0
23.88555429049899 23.7748521731796 0 0
26.16520733578212 25.60257568117216 0 0
27.10997476013123 26.55955551875715 0 0
29.34475575444112 28.13838303697877 0 0
30.01937560803719 29.86714018136527 0 0
11
4.880059957313629 4.852307921617584 0 0
10.22606489797196 10.20705304715066 0 0
11.91482592919768 11.83436073114701 0 0
12.28138041391072 12.20051147251832 0 0
12.69599034980465 12.57489627528201 0 0
15.41058761077957 15.40645805115492 0 0
15.85043278034376 15.84803492586952 0 0
22.72043165235532 22.68888706455807 0 0
23.09294224776743 23.03921314083745 0 0
25.34598794692598 24.37774232404643 0 0
27.25404821390386 27.0750751427433 0 0
14
5.276975468341059 5.008654481575368 0 0
6.21364721207945 5.92144331983367 0 0
8.236752880237461 8.180889108680024 0 0
9.12506070142364 9.02757145360752 0 0
11.17842947991869 11.04102635781962 0 0
12.63327848929451 12.35280468053555 0 0
14.31002974122559 13.98698403871207 0 0
15.19551567935379 15.1456527541421 0 0
15.36733403228625 15.20054062900851 0 0
18.00667143143441 17.94200878834839 0 0
25.63010861038313 25.52187073019164 0 0
26.55253291181065 26.28941047841585 0 0
28.19839138391728 27.28275996985413 0 0
28.6701785151656 28.65159520630907 0 0
12
7.371126329143239 7.360298273365141 0 0
8.522725508321058 8.396660409518264 0 0
8.919014348216137 8.907457297371337 0 0
11.30688412220087 11.25226454298573 0 0
11.81975287797649 11.73382589558891 0 0
12.06205660690405 12.05068349838878 0 0
15.5903735398639 15.47820903919752 0 0
22.86576119409901 22.56729637337106 0 0
27.41796656514979 27.16323046441726 0 0
28.12837127446784 28.11527421821465 0 0
28.44605353571908 28.44381764213803 0 0
29.62520141656238 29.58944684745068 0 0
36
0.4327843658902921 0.302393130571037 0 0
1.106996014708195 0.5168714045909989 0 0
1.244061358366628 1.230474218018102 0 0
1.672157992937983 1.644972458744146 0 0
2.590002499834857 2.588679456714721 0 0
3.15303153535785 2.853218313929977 0 0
4.161898727467285 4.026878136408451 0 0
4.401285781104857 4.385821174912615 0 0
6.025490753624529 5.445814170029379 0 0
6.705508155055842 6.692205120824307 0 0
6.88977630930849 6.786476863217795 0 0
11.3041254193826 11.2828737797784 0 0
11.73783979347658 11.72225315275439 0 0
12.03578871742595 11.9331268796993 0 0
12.33423366852912 12.15989563749 0 0
13.96761256330121 12.91043747019687 0 0
15.5227024642378 15.50906687509069 0 0
15.81163954182079 15.60928344104512 0 0
15.92915809606916 15.83006163704562 0 0
17.54830602267393 17.54336003479175 0 0
18.36152278208753 18.15588807657574 0 0
19.51336534881214 19.41725995670016 0 0
19.91456807138941 19.75486965174007 0 0
21.33431988127058 20.82181139905271 0 0
21.88476501679063 21.74864926124806 0 0
22.19087545436158 21.99084216950128 0 0
22.3061495881937 22.19877256593956 0 0
24.50474026446403 22.87471645667529 0 0
24.92461485633909 24.87599183373475 0 0
25.48453737758604 24.97842000717966 0 0
25.89310028329819 25.71479353128287 0 0
26.5682236401206 26.40792054079375 0 0
26.75735416350002 26.58750603419526 0 0
27.76265094651846 27.7153766511809 0 0
29.24689050945873 28.82721567578649 0 0
29.40730224453839 29.38025815264489 0 0
22
2.004307761587539 1.977654983472075 0 0
2.252692743361276 2.223212852165419 0 0
3.261020410536382 2.969530635694515 0 0
3.365324893477148 3.287258085383408 0 0
6.838331838748768 6.623435498135779 0 0
9.146118199121107 8.954770423812523 0 0
12.78667531779349 12.76504767726146 0 0
13.88274061405419 13.8080557736327 0 0
13.96076796525482 13.90463806170752 0 0
15.08232250563638 14.65057831209216 0 0
15.78297097521734 15.6864755106492 0 0
16.80424042417828 16.15562485082078 0 0
17.86030461031828 17.11867257540811 0 0
18.60866296334952 18.37402238325881 0 0
19.11197103330322 19.00067177633088 0 0
19.29998496624895 19.23947309978597 0 0
21.39741480495418 21.09956336508776 0 0
23.61864629991854 23.07876744725809 0 0
25.80973599940616 25.8085622902508 0 0
27.09534983800821 27.06790906991188 0 0
28.40112183675283 28.16004276654128 0 0
29.46508792835376 29.46332984025031 0 0
14
1.095186225626597 1.086624837964824 0 0
1.287057207802213 1.260842909995267 0 0
1.791227726681313 1.739540974288051 0 0
2.830184560850909 1.980294667270475 0 0
8.772562638232728 3.638864748389086 0 0
10.61537012902903 10.44442886453479 0 0
13.89390556776554 13.83825873681695 0 0
17.47878492056803 16.83620188973682 0 0
18.17481899654814 18.05799405586679 0 0
18.42105368681737 18.33764875382006 0 0
18.67569182258931 18.56159168153045 0 0
22.62271182637306 22.57374961367929 0 0
23.87825979093665 23.53270323804713 0 0
25.86366465207659 25.77886376862842 0 0
29
0.1405791187161647 0.2843218377706194 0 0
0.7406745167063433 6.282196396877619 0 0
6.283838426783597 6.302307285153447 0 0
6.534175381241096 6.724893428211282 0 0
6.932184538638001 7.121366371709155 0 0
7.314204592315821 7.344549383752322 0 0
7.402963169957509 7.901344286630818 0 0
7.924029086155721 8.968075376936637 0 0
9.405401922470595 9.569824045192449 0 0
10.60208865796742 11.18495294103716 0 0
11.28022178611358 11.54110570696526 0 0
12.19703633386231 14.51510807511651 0 0
14.52465414205323 15.02079904216885 0 0
15.18943327661011 16.77438718470232 0 0
16.89785193341391 17.38209173793828 0 0
17.57217621195426 18.33054540740959 0 0
18.49899261628208 18.55341390413722 0 0
18.89535909237522 18.95413128482316 0 0
19.2564717976687 19.32024190636898 0 0
19.33211386624568 20.04606164195681 0 0
20.5652316253075 21.26835698986082 0 0
21.3392472831488 22.49978648220437 0 0
24.69591082783767 25.4261740456248 0 0
26.55289367736571 26.78021992243225 0 0
27.37118774927347 28.19664035553132 0 0
28.21980489084581 28.42911481746085 0 0
28.44001188549862 28.53881726167756 0 0
28.56036585968462 28.80255929155765 0 0
28.93616771673744 29.27935709630085 0 0
11
0.2716066256650826 1.727859483594021 0 0
2.142653028206265 2.728717456128263 0 0
2.982475385414537 4.304950340438815 0 0
4.325258625855227 6.823996836614379 0 0
6.884253048423973 11.69233237067525 0 0
11.72353646427107 12.59808347417416 0 0
13.12348720233847 14.14409298353779 0 0
14.16721137322057 24.18994998924635 0 0
24.87622817794218 25.35130840073492 0 0
25.72661744349917 29.46129085589777 0 0
29.50370999578845 29.66428802972992 0 0
