# Status file for ctqmc. Used to save all times t_s, t_e.
10
16
1.383529808978322 1.354432456261605 0 0
1.868017060483212 1.862110971217678 0 0
5.310526330652963 5.110221580179176 0 0
5.869844320352174 5.856304644398453 0 0
7.71157058999103 7.254998722672446 0 0
8.410998702122038 7.916218355299857 0 0
8.652119352508782 8.645658836936567 0 0
11.15971222724475 10.7105892625079 0 0
11.69445972716274 11.24769969083829 0 0
12.21083878772913 11.82465230828979 0 0
12.39534577995502 12.25865158314915 0 0
14.14686489373501 14.14269416240507 0 0
20.16057831240567 19.70828894144685 0 0
22.3192173001887 22.2714722994226 0 0
22.88192969746107 22.54711219745017 0 0
23.29771002740309 23.02251047908398 0 0
18
4.063376255081384 3.364440533532697 0 0
5.554705568359013 5.389013209834524 0 0
5.69165979333222 5.59519467652502 0 0
6.778966261016059 5.825040780059819 0 0
8.127397803019235 8.099985590197974 0 0
9.877534857328863 9.829260933663482 0 0
10.61363692227313 10.51356714615905 0 0
13.99555039643867 13.90033764986523 0 0
14.07105788372323 14.05705378463542 0 0
15.86085754939869 15.80515015024029 0 0
17.57855539936791 17.25125487098689 0 0
17.64390322550936 17.59231305373179 0 0
21.92666493861159 21.92615299594399 0 0
23.71998372722767 23.70618441047122 0 0
26.04254716460744 25.95899268494777 0 0
26.24111674747222 26.2211664256022 0 0
28.09809879991604 28.01770463486525 0 0
28.58942158633525 28.13873349677077 0 0
10
1.849654580902548 1.108138845952727 0 0
2.826614676129283 2.12589196176447 0 0
3.449736943486964 2.972275124028702 0 0
5.239982543831175 5.079587774271175 0 0
6.111906824147942 5.943396355696027 0 0
9.262878595702897 9.225234349012581 0 0
10.71492356588204 10.29767269828833 0 0
18.37319495081801 18.11894482352523 0 0
22.42336616814815 22.26693282781682 0 0
29.75715279104245 29.7022611847833 0 0
15
0.5746824692823038 0.37488800880989 0 0
0.9663109546704608 0.6243843411439843 0 0
1.227185652741749 1.194687513319516 0 0
4.600695662012714 4.46532887211427 0 0
5.165204399822407 5.087954606320883 0 0
5.873984797660669 5.271710014740673 0 0
6.520798983755828 6.421565844062599 0 0
8.63864284382578 8.616848869571404 0 0
11.64989468215413 11.63591574431734 0 0
17.06892411026466 16.9111445109998 0 0
18.11059290708754 18.05491626404943 0 0
20.40903764796639 20.39959166061355 0 0
21.57644479799404 21.53473956749668 0 0
23.85384767563889 23.40137611831009 0 0
25.51952483432179 25.44272871320844 0 0
19
0.8479460015543958 3.463556981534862 0 0
3.487105513592748 4.47434546651952 0 0
4.588080181482091 4.732042264299184 0 0
4.747105033142822 10.57377147756519 0 0
10.83987760641416 12.78322782325542 0 0
12.93133705266734 13.08215046201846 0 0
13.13017007577927 14.97996472875338 0 0
14.98711472241993 16.59227634080706 0 0
16.60776635652974 19.1527346977438 0 0
19.29677590651794 20.68725316063862 0 0
20.84910422700998 20.87853530808835 0 0
21.62112357021458 21.92524257644577 0 0
22.72631012487158 23.76093580317616 0 0
23.93137268038764 24.08748410995794 0 0
24.18237465447065 25.08617951930877 0 0
25.10641295029722 25.8167525288064 0 0
25.82559291951548 28.94869857789057 0 0
29.08083819155026 29.65221678221797 0 0
29.66438022756592 29.83067619980261 0 0
20
3.272910797541403 2.470184926878443 0 0
3.581697788918736 3.563669263458614 0 0
8.888368921367437 8.769833616153546 0 0
10.38593666849313 9.366723585164317 0 0
10.49762043190979 10.39512142989179 0 0
11.49744166692575 11.43698162800194 0 0
11.97365634895491 11.62118974125833 0 0
12.51886686364105 12.40828238416834 0 0
13.07520272661211 12.57278364011645 0 0
13.82657268588795 13.31761870064952 0 0
14.21785361078017 14.13537314917756 0 0
15.05621355183461 14.99781422988034 0 0
17.31114141741868 17.24437152929148 0 0
20.91959964269622 20.82838275498607 0 0
23.46231779734193 23.36982835887385 0 0
25.09792584459077 25.09741014945749 0 0
25.54953852744306 25.38965780996977 0 0
28.13855205461403 27.91954732135133 0 0
28.93165995916525 28.89158173168208 0 0
29.78243943265495 29.74882296638058 0 0
25
0.02832833343590124 2.243316992108689 0 0
2.33420581998164 3.798543724262401 0 0
5.08233161382436 6.024635026981018 0 0
6.084834587571311 6.784533752939774 0 0
6.837910025332603 8.175280088475771 0 0
8.19295714867456 8.716998580321293 0 0
8.753987768360087 8.998679740424155 0 0
9.131588413405538 9.258675843816869 0 0
9.473961477717117 12.23383176818 0 0
12.91823216095205 13.62607368948824 0 0
13.81971014600582 13.97800673086603 0 0
14.88978333106212 14.94901906539971 0 0
15.14663348563973 15.86555367745973 0 0
15.88964552687051 18.41739384868591 0 0
18.4308643273633 18.57565762793369 0 0
18.78385826577729 20.16327996556684 0 0
20.16493150733495 20.18100877341467 0 0
20.22754686030345 20.95181013957315 0 0
21.57574871804686 22.16999865417276 0 0
22.22816355138316 22.44513780654849 0 0
22.60842141065944 22.69955241262649 0 0
23.02046022475955 26.37818134767603 0 0
26.77177775691633 27.05892894699935 0 0
27.18126562521212 27.25431730379719 0 0
27.71277483752285 29.97383565441902 0 0
24
2.237951414196064 2.150447668572784 0 0
3.30201299219033 3.299611791450849 0 0
4.620169004287004 3.774999024403946 0 0
6.252600834177347 5.520387244024893 0 0
6.892392791469228 6.878129358186807 0 0
7.640631775944275 7.631725221806049 0 0
9.454839948991449 9.3178368199969 0 0
10.41406203100062 9.543788512591201 0 0
10.44408735205597 10.43511581817486 0 0
11.6777610596087 11.49681234582893 0 0
13.44918414827568 13.34382851838479 0 0
13.72746098318236 13.68299361633363 0 0
14.16968241298516 14.15154637196772 0 0
16.27902433033648 16.2637748592018 0 0
16.6657881127432 16.65105000132253 0 0
17.9962558909121 17.68151950417436 0 0
19.04151773423002 18.47440888457129 0 0
24.55126418386851 23.29020683835511 0 0
24.65976821205403 24.64496331956776 0 0
25.20229206637649 24.72539437661444 0 0
26.51856336326685 25.69066444978614 0 0
27.41260936465544 26.56042571673246 0 0
29.60801739072231 28.29343033623429 0 0
30.02725000834868 30.01190146819519 0 0
21
0.3661742360143612 0.843045093499681 0 0
1.100138346571296 1.542146384671641 0 0
1.544627149642233 2.504114936169706 0 0
2.522017269681569 4.301384452180193 0 0
4.490142797247045 4.936049281631852 0 0
4.991608339166165 7.739782198608673 0 0
8.018074499349952 8.369535233588374 0 0
8.695286219280407 10.38386232096043 0 0
10.76984711054859 10.9744918011579 0 0
11.4063165701266 11.61057279905447 0 0
11.64880263730915 12.09041946221767 0 0
13.578072334494 13.70836092453095 0 0
13.72494420024164 14.96791732407933 0 0
15.03754554549093 15.74136675184976 0 0
16.04231856626481 16.15490976965089 0 0
16.81711199922718 19.0567139731093 0 0
19.47818860257886 21.20786069371519 0 0
21.22728727101709 21.57922781839736 0 0
21.83964449359938 25.29586467721667 0 0
25.29921782825812 25.91573089008551 0 0
26.11211516948494 29.90028451380889 0 0
26
0.3795610010175743 0.3447775255472436 0 0
1.11765162252504 1.099486709235598 0 0
2.207760606561278 1.197473182247745 0 0
6.646778312472219 6.451323023087868 0 0
8.393498705259915 8.386280634137366 0 0
11.02798098717455 11.00840060549578 0 0
12.07242620653562 12.01406750576072 0 0
12.66974545697044 12.61394221289203 0 0
14.78114257058564 14.48302207860187 0 0
14.8812859751862 14.80414205744394 0 0
15.8385075342359 15.70216816984223 0 0
16.51394191952385 15.92958009914116 0 0
18.77051944250081 18.6587268954234 0 0
19.62024868673896 19.42801108748571 0 0
19.80363460748166 19.78013677938416 0 0
20.68882361740497 19.95399413850993 0 0
22.55239945085363 22.41018643003236 0 0
23.28489334636389 23.12094568035919 0 0
23.65679878056552 23.48041486426277 0 0
24.46499052817085 24.06092580002074 0 0
24.8094858874691 24.6153523380936 0 0
25.69433976508002 25.55149685597777 0 0
26.99159100954449 26.66745636456962 0 0
27.1263589962121 27.12108987603453 0 0
29.226160797172 28.3034968759778 0 0
29.46770030966355 29.44154175719741 0 0
