# Status file for ctqmc. Used to save all times t_s, t_e.
10
21
0.07726407241485599 0.04364604316128862 0 0
2.296573678907186 2.261503392083259 0 0
4.101697318904844 3.62443338484578 0 0
9.872915366285747 9.777948670341841 0 0
10.20179299380895 10.11617889381398 0 0
10.56029492611314 10.54338642867464 0 0
11.02629437738928 11.0217809717743 0 0
12.42748484750636 12.41921316747624 0 0
15.54792326200334 15.4565924316008 0 0
16.47965981021671 16.37457959950233 0 0
17.65927478669894 17.5588523660163 0 0
18.11006427787985 18.10960270899245 0 0
19.00018148783446 18.9410038599042 0 0
19.34135058045132 19.13483100576514 0 0
19.62713916903504 19.50977638173354 0 0
20.47463401941948 20.23599523484942 0 0
22.07304797896517 21.76534577540481 0 0
25.03109510551672 24.96202377220023 0 0
25.55975246221189 25.30953639806532 0 0
26.91023348517317 26.32596975456687 0 0
28.13707149357585 28.11316108910125 0 0
27
1.163654306410013 1.128788249234139 0 0
1.283169242116152 1.216947171534583 0 0
2.510647040927425 2.182991963002063 0 0
3.972918520334552 3.708162246876736 0 0
4.613430567558657 4.002773744024985 0 0
7.342719904111474 7.324669815424875 0 0
8.304353939661576 8.088061712981467 0 0
9.658861365637888 9.633820883260265 0 0
10.04980897372443 9.939426962668843 0 0
13.24420188668439 13.16019069496468 0 0
14.47198792848123 14.2978225419981 0 0
15.31646148605319 15.28323795135019 0 0
15.46375629956562 15.34894779619732 0 0
18.58613714084286 17.73624157305151 0 0
18.89834314631518 18.86586003002861 0 0
19.32555832500686 19.2937698547558 0 0
19.91809150913155 19.325755295598 0 0
20.65373303780672 20.58927463602238 0 0
20.81649087948872 20.77744242144886 0 0
21.41916598957359 21.01664590746355 0 0
22.12389482836662 22.03865734591624 0 0
22.41165578155716 22.35583150499117 0 0
23.03481390406198 22.92448275402866 0 0
23.10126584551102 23.04810320627562 0 0
24.11530848600081 23.81350340870559 0 0
24.98120825041665 24.97486949420085 0 0
28.44220512620323 28.42936446631507 0 0
8
2.843556214441615 2.749365206305361 0 0
3.834107448942768 3.795854615096924 0 0
4.735483329591575 4.080540604474762 0 0
5.062255119117137 5.017459741294063 0 0
11.97911297441337 11.92492084273551 0 0
17.73520342936499 17.54860398444024 0 0
18.49381032635028 18.46165599192674 0 0
21.04772935738321 21.04307757582297 0 0
14
0.3673776173429673 0.1823421279127047 0 0
3.626654891541767 3.326395784106366 0 0
4.700324901715502 4.280402986273332 0 0
5.583825636680614 5.508262453553503 0 0
6.102969144464242 6.037084702552436 0 0
9.33993208150561 9.33494716843202 0 0
11.1162392278486 11.01038034873599 0 0
14.21302615897117 14.18700316605628 0 0
19.30206062622512 19.23141697820339 0 0
20.29927752980198 19.99214513827918 0 0
20.39710753914653 20.32313887860153 0 0
25.95814270805318 25.94965050628659 0 0
28.02971663594839 27.99048244289981 0 0
29.41702205462371 29.39159346112573 0 0
11
4.867329123108084 4.666806557517013 0 0
7.947048610068448 7.919102808065902 0 0
14.83958020188263 14.78573060583422 0 0
17.29537219017102 16.59291568807721 0 0
20.48236425735933 20.46779867754876 0 0
24.85865110011746 24.8120244339632 0 0
25.25509457714971 25.09515136046911 0 0
28.2666337954366 28.15116636741705 0 0
28.99232913520269 28.99173072473329 0 0
29.37517271769471 29.23355517647188 0 0
29.81928505911393 29.68802352130554 0 0
22
0.9016600647271711 0.3346398043635652 0 0
1.403364965948593 1.004926553871968 0 0
2.014111837013079 1.508485908647761 0 0
3.109847537333898 2.299065684947392 0 0
3.249708922298232 3.158354751205072 0 0
3.573896684581687 3.437140863036191 0 0
5.114401838847133 5.092660741412622 0 0
6.077547296057069 5.405726151564777 0 0
6.298512514228674 6.185692011860101 0 0
7.576647733869454 7.230683436728789 0 0
9.656232626083765 8.924555060460188 0 0
10.44413100470589 9.659520704791689 0 0
11.17131991685637 11.10734929212898 0 0
17.08200270430811 16.50701379825678 0 0
18.5938183371883 17.82398306219371 0 0
20.16319920978452 19.58810515716937 0 0
21.04982098011682 21.04367649347521 0 0
21.60593551114885 21.2990923587628 0 0
23.86157279566213 23.05585655972815 0 0
25.90180921032965 25.86654947505969 0 0
27.84941588419948 27.740282735135 0 0
29.26983553610776 28.38051992323853 0 0
29
0.1160408230046208 0.007237375202677754 0 0
0.9937602717887456 0.9783527009041547 0 0
1.285600487551218 1.1405426134962 0 0
3.425634464078726 2.993097273892071 0 0
4.326151662665055 4.310625967784054 0 0
7.611928972111913 7.518494663724736 0 0
8.396102559493567 8.300040794489295 0 0
8.858899655074925 8.459256427692997 0 0
9.141272854463397 9.074187319292641 0 0
10.37624777604302 10.28077757552568 0 0
12.18178870439168 11.27424030132353 0 0
13.03122660581774 12.8898564314921 0 0
13.59052189262103 13.50863510225424 0 0
14.23611331420965 14.21078314174722 0 0
15.34280435059735 14.25104978476455 0 0
16.11990801599396 15.47667777433187 0 0
16.69713879672284 16.60392208958213 0 0
18.10305288499963 17.90068923643638 0 0
19.31566603676133 19.29950472894364 0 0
19.69881115843433 19.68406136876991 0 0
20.67283028462595 20.56158599670453 0 0
21.77503567949835 21.70271204025737 0 0
23.01878305672135 21.98086648550083 0 0
23.9534501896246 23.30773172885536 0 0
24.53471068602675 24.40295244027374 0 0
25.76449754130493 24.54438030378646 0 0
27.49939384609204 27.44352853603414 0 0
27.87093541870021 27.77637653623465 0 0
28.90934622829222 28.48492036490068 0 0
14
0.9726352031389651 0.4054279925916311 0 0
1.795646832484508 1.435965528536298 0 0
3.563319784687839 3.481827171867454 0 0
5.592273994846242 5.574979636709941 0 0
6.145735798816026 6.127637126221037 0 0
7.24581329051181 6.768688736334131 0 0
8.621766711787963 8.561935725016735 0 0
9.365413298788329 9.05586721621186 0 0
10.1638384612068 9.812327391356494 0 0
15.96317421396468 15.93089316752451 0 0
18.06677300639103 17.96134843748529 0 0
22.82029433106121 22.68090210355395 0 0
23.023824947081 22.89962499174886 0 0
24.6326404401985 24.45225815722585 0 0
24
0.2074680066365566 0.7823589844717288 0 0
0.9618217785574134 1.503904722335881 0 0
1.955884593598294 2.855930512311528 0 0
2.909737856367741 3.114891406283311 0 0
3.228415881588929 3.642621231254338 0 0
3.651069045626472 4.040516807360325 0 0
4.31572914116883 5.903237981267058 0 0
6.856295229320151 8.777051547102033 0 0
9.088344319552707 9.140175758304471 0 0
9.680103902869917 9.959693197291392 0 0
10.04068797851961 10.08790789876162 0 0
11.03377860300062 11.70997140344936 0 0
12.27484109591564 13.40112494307484 0 0
13.86622415513951 15.06069199921657 0 0
15.49776247230955 15.72476776742895 0 0
18.11800377249503 19.08473104650562 0 0
19.53830718333778 21.31200707996431 0 0
22.12051545785553 25.34756251180824 0 0
25.5598437997393 25.616603283357 0 0
25.70142218943354 25.75561328851305 0 0
25.77968669214841 26.8170053333743 0 0
27.73185073459427 27.78739807211514 0 0
28.36550464511648 28.43169729728665 0 0
28.77907250870181 29.33717373673411 0 0
17
0.5421498431911783 0.5323769067932461 0 0
3.126813221025514 3.0700784958748 0 0
5.756372051218626 5.729407787142189 0 0
6.662122859275564 6.312771349137059 0 0
7.779463611010896 7.750916963782032 0 0
9.296542254749994 9.252081522778685 0 0
10.72179491575171 10.68333274300578 0 0
13.17257679881894 12.93326844424284 0 0
14.1443476697965 13.3178929752243 0 0
16.36539408461806 14.91593588040643 0 0
17.55602104563179 17.47369275901179 0 0
18.44995624225591 18.41575998413132 0 0
18.98929330261147 18.95849864858173 0 0
24.41168733293099 24.31360029279959 0 0
25.66320513078484 25.60845206835315 0 0
26.9379946343866 26.85028840881495 0 0
29.65458704978325 29.27765021531497 0 0
