# Status file for ctqmc. Used to save all times t_s, t_e.
10
25
1.085604420741284 0.9953031370346253 0 0
2.081568998217509 1.331767511362195 0 0
2.744785727485557 2.674949111791493 0 0
3.012791740598889 2.799461395845989 0 0
3.52934635932715 3.487590825173577 0 0
7.245259695226854 7.181779814816982 0 0
10.18124130687107 10.12608941437954 0 0
11.63069719606722 11.497724194185 0 0
13.17826734726347 13.1677439353176 0 0
13.58999257095431 13.56349841465362 0 0
14.63611594958791 14.3358982246523 0 0
14.68495552571125 14.64332913198392 0 0
15.28102776217699 15.26812330350064 0 0
15.63693835028696 15.62823140904098 0 0
20.21302851007798 19.40572002755884 0 0
20.81592638035263 20.7177172072608 0 0
22.98309849864538 22.82778060355987 0 0
23.07707364749764 23.05672001056064 0 0
23.41695370333285 23.34136152689902 0 0
24.4487705765123 24.37308908239321 0 0
25.64836604838091 24.90170203764431 0 0
26.47033312434943 26.46445687536101 0 0
26.90560193883875 26.79332012683906 0 0
27.91760037079781 27.79818726634383 0 0
28.8063849821555 28.74990075517891 0 0
19
1.614627143749941 1.415852308523565 0 0
2.057501146495619 1.665462043041539 0 0
4.414765819362817 4.236452044041496 0 0
6.315456473263773 6.279846030948756 0 0
6.86569391260108 6.584359338283149 0 0
7.125738889419339 7.02164706495306 0 0
7.737638159456626 7.22104904344891 0 0
10.91260961960383 10.48109432345821 0 0
11.73803200720107 11.71067571524209 0 0
14.01709775454229 13.97098198817525 0 0
14.56877245101473 14.55047645811037 0 0
18.24921394329278 17.15720250669011 0 0
18.60304770077504 18.4371226033882 0 0
19.1260431003215 19.09298639407976 0 0
21.0075703993019 20.81705311749349 0 0
27.36929828706844 27.05655202255375 0 0
28.09019953018901 27.93015102950629 0 0
29.0533661644926 28.98693666313836 0 0
29.59833542709648 29.43722877743593 0 0
9
1.857863602073031 1.835999108662367 0 0
3.387504214132427 3.357176380226016 0 0
12.827292712249 12.49351553670673 0 0
14.05586234709511 13.86117226738861 0 0
17.19051383401391 17.14587723133478 0 0
18.51887303598691 18.42717676366228 0 0
20.22848502281708 20.00816281510368 0 0
21.65190002696735 20.91185718174283 0 0
28.04668593513206 28.02250037598828 0 0
24
2.365210294721551 2.337920360578085 0 0
2.59412980208794 2.548997571328022 0 0
3.239531861245859 3.17093570149969 0 0
4.424883586016566 3.911928201634937 0 0
5.612435429892917 5.266097710910375 0 0
6.718944513109724 6.706947931567659 0 0
7.494370782329502 7.325373074194784 0 0
8.284455417749621 7.850796870965665 0 0
9.891429738521413 9.825363331791561 0 0
11.93066385220818 11.87498822692565 0 0
13.1966021738431 12.77740998211331 0 0
15.48516525156878 15.07406447185461 0 0
16.95745460499565 16.53061236059324 0 0
17.56741507791704 17.52804074825718 0 0
19.02883645735895 18.92137939327095 0 0
19.29657770547952 19.21730140484835 0 0
19.94397845826078 19.64951467169028 0 0
21.22655104084921 20.93910833551291 0 0
21.41559044528886 21.41405612642435 0 0
23.68636514726336 23.68056143865634 0 0
23.98988032826361 23.98445525461789 0 0
24.7847224300521 24.63769022639045 0 0
29.04167744252875 29.02670136049096 0 0
29.16843328117845 29.15306791234616 0 0
10
5.033262274503532 4.782109158539978 0 0
5.514865358514299 5.416727713364327 0 0
9.933084594638579 9.919253598628902 0 0
14.20031031908574 14.18076170049839 0 0
15.49846486684768 15.40152588731602 0 0
18.28203283604519 18.22133090344511 0 0
21.58588125364595 21.5272651167309 0 0
27.28135418307107 27.22488638916665 0 0
28.11046827486298 28.08045744321672 0 0
29.24322619635574 28.44749094434669 0 0
14
0.7257680564593407 0.7049373700880359 0 0
1.187746605942808 1.121831773798165 0 0
1.88210619977677 1.867957216370023 0 0
3.188202758620494 2.991186275232547 0 0
5.635791965124847 5.539342836941585 0 0
6.242562876522027 6.026488469104702 0 0
7.212042204982269 6.888269417059385 0 0
9.425915288955739 9.007382556583455 0 0
14.08780327274763 14.06263260266265 0 0
15.12327135419848 14.57680360156484 0 0
16.64439824206728 15.49339533019302 0 0
17.41291695709687 16.94169728696989 0 0
26.05785654997098 26.0071020950486 0 0
26.75316265054284 26.32472121651022 0 0
28
0.9979651508257509 0.4409458454397481 0 0
1.650792937100187 1.640106050847468 0 0
2.873961319987586 2.023458060188373 0 0
3.617824983160979 3.606707169942963 0 0
3.963627193309622 3.946615388428705 0 0
4.108341630615496 4.061528573159852 0 0
5.765127986922955 4.764849723390167 0 0
6.845880996731317 6.762345020572807 0 0
8.166251682004575 8.104499529875689 0 0
8.503701572393011 8.395046582767502 0 0
12.27128614117237 11.86164447911039 0 0
14.36010368230082 13.58285847422012 0 0
14.47620228317707 14.41884999630495 0 0
17.66193712292931 17.65287282864939 0 0
19.24357971897698 19.08709293645116 0 0
19.82875015326042 19.77252292271212 0 0
20.41885003259144 20.306705266717 0 0
21.95959633486524 21.83746073171563 0 0
22.71324502954912 22.57059892347644 0 0
23.81676236410782 23.43969375108204 0 0
23.84880442140362 23.83405354556892 0 0
25.3220058113573 24.11294744618273 0 0
25.68600259872392 25.53468260203853 0 0
26.6009836856459 26.35702202753604 0 0
26.95097419379795 26.79780026735869 0 0
28.0103409739612 27.90517875233504 0 0
28.9847324362106 28.96896262943032 0 0
29.88922040889988 29.29931405850047 0 0
14
0.09106467926461548 1.555577668934398 0 0
1.600059876743492 1.926287957335447 0 0
1.937966683622035 2.674451185404777 0 0
2.87968340028492 3.223756782916356 0 0
3.671590089516511 5.375636739688114 0 0
5.390131890283953 13.96089776178872 0 0
13.98983205420776 14.66090114897847 0 0
14.75501927530205 15.97371128935804 0 0
16.0298501845512 16.44228974275434 0 0
16.47780750133867 17.5709794988589 0 0
17.59186333930321 18.10584161305474 0 0
18.23063654766667 21.65780125274335 0 0
21.67604743615357 22.94373451388463 0 0
23.06083205600454 30.04074834097598 0 0
34
1.373485845916708 1.590197892334831 0 0
2.002606846431068 2.053036844519577 0 0
2.395652762205069 3.043326315953195 0 0
4.175805075347404 5.188126495318926 0 0
5.485664082509207 8.492832058874674 0 0
9.279208558547127 10.59842686335154 0 0
10.87891600203491 10.94863050781288 0 0
11.07775108151756 11.13401999408492 0 0
11.14384268398802 11.85555299454554 0 0
12.49195975092662 12.70368712521503 0 0
12.74434435130947 13.20336335665962 0 0
13.4006272077784 13.49537797244891 0 0
13.93845415707726 14.70546790652639 0 0
14.72486980370013 15.04348263568901 0 0
15.12567919873441 15.15054646003505 0 0
15.22638893842383 15.28595191365562 0 0
15.29216871020785 15.62091527954243 0 0
15.70034377410079 15.81057711006499 0 0
16.12944191989296 16.1675545406808 0 0
16.17882122284136 16.1904596987776 0 0
16.24977956591788 17.03896620296256 0 0
17.06822477859979 18.65823529381147 0 0
18.76015346411254 19.40482337626842 0 0
19.4765856885878 19.79723997663725 0 0
20.03710760605762 20.10542447378415 0 0
20.8228977589492 21.73179366318917 0 0
21.77534634094676 22.01233785664082 0 0
22.4904111673879 22.64140584452844 0 0
22.76954615347757 22.97895378278045 0 0
23.38999658785175 23.57825112507748 0 0
23.72912939695584 23.78093076058842 0 0
24.20343480695093 25.36787129940489 0 0
25.69342742765383 26.41778060313192 0 0
26.57952451068602 30.00309492848661 0 0
13
0.6349197949631389 0.5447067485528763 0 0
1.921792180512255 1.821148124630664 0 0
2.469301756897384 2.298939489758484 0 0
4.510580580245206 3.487069691028717 0 0
8.004657171814829 7.851791264143817 0 0
10.99522797822584 10.96345427777599 0 0
11.50893244263376 11.25528444784941 0 0
16.10771404547386 15.99201917384197 0 0
18.34003519832979 18.33690124863432 0 0
19.43582339607889 19.42905575012626 0 0
25.85292351677629 25.73747712748356 0 0
27.6506231257617 27.62179432457962 0 0
29.71036034547518 29.3760486973618 0 0
