# Status file for ctqmc. Used to save all times t_s, t_e.
10
16
1.90063091515162 1.823951380951183 0 0
2.993089971365254 2.962833526478142 0 0
4.723190063118721 4.308598882511355 0 0
5.339278514073385 5.288827159136742 0 0
5.813567512056628 5.765376163075565 0 0
6.503003322515244 6.344962141778266 0 0
10.74203512607053 10.69753831084304 0 0
11.90343057350847 11.82665019189644 0 0
12.67317533726188 12.66901873859421 0 0
13.8300960565777 13.82411344430316 0 0
17.94685523429563 17.50818241725681 0 0
20.40885686708473 19.66747394849119 0 0
21.86014089298081 21.0734146664413 0 0
22.82730748937579 22.75554995665535 0 0
24.15779770873612 24.10907933244993 0 0
26.9735620272154 26.793091837568 0 0
19
1.518092465948757 1.488593751238117 0 0
1.695426924605211 1.522406848029992 0 0
3.170385187837941 3.100449060986785 0 0
6.768647098767734 6.764512665007651 0 0
7.112415198876626 7.043601416213503 0 0
11.11865889233257 10.91849542106937 0 0
12.508371402375 12.49237862399243 0 0
12.8667988820903 12.83355885537973 0 0
13.30110308712524 13.02025118554288 0 0
13.82654854032616 13.80044729201931 0 0
14.66056008334717 14.27381026226788 0 0
14.75355343273161 14.70043841865816 0 0
14.85963937109711 14.8464572721301 0 0
15.21710287961408 14.9375275132751 0 0
20.11271568269709 19.98555255362253 0 0
20.9083784249636 20.65330765038328 0 0
22.60692504273744 22.51644391171048 0 0
27.58817934482601 27.58684065326316 0 0
27.72538472187856 27.70128563122886 0 0
11
3.662682985504507 3.616116202571479 0 0
4.700887690059216 4.545903553055126 0 0
6.289756210708394 5.838081957289625 0 0
11.02115510233716 10.9999686512447 0 0
11.84045484896724 11.68822694313676 0 0
17.25961863661118 17.24198790429882 0 0
22.13854014663282 21.74085219125674 0 0
24.07314754934648 24.01795169437118 0 0
26.46504536850776 26.41071583048447 0 0
28.51033076745921 28.39931872113206 0 0
29.36486300507948 29.21368203459631 0 0
18
1.060939539908063 0.8396343768103129 0 0
1.873539869303521 1.827013999221873 0 0
2.919142022762919 2.759883607938282 0 0
3.369068053732092 3.125088813641041 0 0
4.062081882901725 3.763065528012145 0 0
4.451874422116324 4.15201314844879 0 0
4.664507853638459 4.522547930683881 0 0
5.56005374371641 4.930636565742681 0 0
6.533724058340566 6.007793611875376 0 0
8.370234091169662 8.270460813940554 0 0
10.85596917062667 10.79434451802859 0 0
13.80752676581913 13.08574348042186 0 0
14.22138268567485 14.20770312462645 0 0
16.32966196172099 16.28559615708756 0 0
17.58876316448436 17.46453095804561 0 0
22.27259267189051 22.21905555134997 0 0
24.41472324407223 24.14730930030986 0 0
28.77283244527011 28.73422367313535 0 0
13
6.81348086563107 6.416430529861835 0 0
6.9827979782193 6.835997535510958 0 0
7.416073202354094 7.1924994190701 0 0
9.483926660688269 9.471314352296062 0 0
11.67338017882363 11.65289681622134 0 0
14.44356859042089 14.32642153782289 0 0
15.95954049712761 15.95804487734531 0 0
20.01707870035942 19.92138127570612 0 0
21.21221487788516 20.78878210691247 0 0
22.9377104544804 22.88327086687108 0 0
23.66718704082525 23.40446302111991 0 0
26.91153858704196 26.81349072937281 0 0
29.90442935701826 29.87745273359625 0 0
25
1.350964047053046 0.5103119512568419 0 0
1.915067069731529 1.645132854338789 0 0
2.453264518336309 2.41581815039005 0 0
5.668500101553064 5.617204137286175 0 0
7.163338331205821 7.10260203955474 0 0
11.57445210542621 9.618417175547382 0 0
13.57236492838488 13.52275645839893 0 0
14.72229378802931 13.84836846416732 0 0
15.10093060016974 14.91872535936304 0 0
15.48527208774894 15.10639468013299 0 0
16.80409606387827 16.62130254984489 0 0
17.04509447724801 16.85389044309302 0 0
18.81539937630957 18.00692970058443 0 0
18.89173227771875 18.84288038269062 0 0
20.60997880079415 20.5107259644356 0 0
21.85970860257068 21.41537269418639 0 0
22.82485409830854 22.77620052580481 0 0
23.02587156364638 23.01941767198907 0 0
23.76772818190203 23.24986409744199 0 0
25.41208792337044 24.16938433362 0 0
26.3516637731528 25.62676163220077 0 0
26.51185022138115 26.41347955929127 0 0
27.17580256084137 27.10575058182979 0 0
27.58767383227075 27.54269801017375 0 0
29.53666707924529 27.61773340929955 0 0
21
2.702800272579446 1.957720291864526 0 0
3.678066608351674 3.334084818731423 0 0
5.029967370015751 5.01291777343589 0 0
8.02385071676091 7.966296104780566 0 0
9.362705834741874 9.222518157353889 0 0
11.71641951015016 11.67229492387735 0 0
12.92909093760018 12.27675659075251 0 0
13.01409565524162 12.9711865162115 0 0
16.21859337621665 15.79118429756294 0 0
16.95898343113029 16.91096127052974 0 0
17.41860362228246 17.38031383606134 0 0
20.01698815121568 17.84591614131224 0 0
20.39883868871344 20.3856107229442 0 0
21.57133045408534 21.42756896293935 0 0
23.54794764781717 21.60788468641414 0 0
25.44507548505062 24.94257942836136 0 0
25.83807683707739 25.49603672696425 0 0
27.07295695529948 26.97262349237253 0 0
27.5731742637321 27.12987189506939 0 0
27.95417839601489 27.73322253476941 0 0
29.51600418852229 28.73547305925918 0 0
10
0.7992775355310613 2.213918654253978 0 0
2.351439693448231 3.016963095523927 0 0
3.045436988645307 4.496510852958652 0 0
4.529856985410876 6.433905299610831 0 0
6.441528542554581 13.18236883764688 0 0
13.34828275965964 20.15318129513325 0 0
20.20463763998216 24.05628160910686 0 0
24.11089895335154 24.29937332886707 0 0
25.77146923297721 29.09929978871006 0 0
29.11364760903499 29.44488631213331 0 0
22
0.5317061834952158 0.4952300171151307 0 0
4.569229380111162 4.530580050370121 0 0
6.436246215618447 6.339941285493621 0 0
7.120233116041482 7.018464949515391 0 0
7.938051740485454 7.263689991624116 0 0
8.183744928485696 8.01048060468197 0 0
8.385509186314692 8.22778446593785 0 0
9.037361918825656 9.022702644972298 0 0
9.35174450587264 9.158749958949038 0 0
10.32555452053012 10.23435006858481 0 0
12.86017688090398 12.66141446859873 0 0
13.1686533826422 12.88354406730741 0 0
15.44961076869606 14.68465395965593 0 0
15.80408499777439 15.6513917432756 0 0
17.83400735282637 17.78970510715021 0 0
18.04604581615192 17.87871285970704 0 0
19.31181587901632 18.1614912441632 0 0
19.37545238706184 19.36598229188092 0 0
19.54370192938992 19.49286639395532 0 0
22.63441041321556 22.39052979193833 0 0
22.81572577583309 22.70425926359223 0 0
27.99901513657563 25.87280571374287 0 0
13
0.4967245489999043 0.4092012199376995 0 0
1.559432951363075 0.7812895685649026 0 0
2.034949116628737 1.897971292736527 0 0
3.90656679008665 3.862282793531514 0 0
4.334561301798444 4.312872742921965 0 0
4.617676829560035 4.595147588283983 0 0
7.662407000670945 7.495258885289516 0 0
8.331844499543163 7.827796178474298 0 0
13.45386703872404 13.41734833952171 0 0
14.62160871762428 14.52686480464627 0 0
14.96403946688379 14.89718775647131 0 0
25.04583236469432 24.97334886915198 0 0
29.51331348533234 29.50631965950872 0 0
