# Status file for ctqmc. Used to save all times t_s, t_e.
10
20
1.020384462589631 0.9585737825165381 0 0
1.269934006453189 1.101696266264398 0 0
2.094453570039194 1.727943618064282 0 0
2.912631539827195 2.600200573956192 0 0
3.479170111705436 3.446440720811696 0 0
3.944978386484742 3.835229293255556 0 0
5.831016371230398 5.597713374705049 0 0
7.56742302579136 7.425607213364336 0 0
8.180706885907766 7.620734572690801 0 0
11.77183278118545 11.40961819657687 0 0
12.31526499645358 12.20773085031991 0 0
13.2587556322577 13.24106151812477 0 0
14.90458585298252 14.76619403648327 0 0
15.17949163640879 15.09417522129965 0 0
17.57816980773098 17.5765403975875 0 0
20.74255068986735 20.71964852866418 0 0
21.39199564072344 21.37691284897769 0 0
27.5500928822842 27.5409493780475 0 0
28.15903235767927 28.04716257396399 0 0
29.01643733182643 28.62693862812697 0 0
21
0.6816869453800301 0.5225654660703363 0 0
1.959075899305868 1.567533051790547 0 0
2.292577028951604 2.009587705325329 0 0
3.808048849996028 3.741059599576516 0 0
4.478525889586715 4.254636553979741 0 0
5.381012894075329 5.185052609444033 0 0
5.846628465596711 5.759857448399486 0 0
6.927309163764964 6.487811107609895 0 0
7.479959068758568 7.026177193460937 0 0
8.774678982411768 8.751473125695723 0 0
12.53333530430816 12.23010874773292 0 0
12.63427815156388 12.58008920624562 0 0
12.84475582858962 12.73837151752348 0 0
17.28187593432447 16.21695708327811 0 0
18.84438141356668 18.64488038952833 0 0
22.02246737121135 21.9944182533391 0 0
22.86893243362492 22.69585260390514 0 0
23.08539974228243 23.06674272828271 0 0
24.95326920870409 24.8808747076887 0 0
26.38814794304372 26.11042155604231 0 0
27.35152264415965 27.29292805155445 0 0
17
1.177608336932751 0.7338883296733968 0 0
1.63571513743541 1.467584737117774 0 0
2.447444085679618 2.331204522313469 0 0
2.739629176522057 2.475024725142342 0 0
4.793723480193004 4.61281562263807 0 0
6.869316689866674 6.801831380458484 0 0
11.45906749856196 11.37366673638909 0 0
15.65310180052607 15.50377098995776 0 0
16.02091352948695 15.96687769471736 0 0
16.25572002450689 16.25267619330665 0 0
25.86505510962117 25.84227056035881 0 0
26.05125976833673 26.04543765202512 0 0
26.82349277956842 26.74058565720439 0 0
28.04254255416965 27.31080641829267 0 0
28.65222766861409 28.61224745185504 0 0
28.79955824970931 28.68953336569308 0 0
30.00421649250859 30.00174175037776 0 0
17
0.8594893474934118 0.6453094716334355 0 0
2.173392901877231 1.979403913132758 0 0
3.374536151600149 3.24645618568133 0 0
3.997920809457239 3.841633297645846 0 0
4.149585011784284 4.118994109746597 0 0
8.507560522541528 8.488183908191901 0 0
8.63456323258046 8.60205923082275 0 0
12.07874736209567 11.97398367941182 0 0
15.42245490877874 15.39617342495819 0 0
19.71382049397038 19.67127632268707 0 0
20.24619095184989 20.1270282529267 0 0
21.23338575762448 20.75537238605921 0 0
23.29967636190191 23.23449790386529 0 0
27.66866869974731 26.94405896970984 0 0
28.49016065436829 27.81281293052251 0 0
29.71822531575298 29.61510660395982 0 0
29.99281440966664 29.98572031676419 0 0
17
0.2527176069658807 0.2210706867302612 0 0
0.8569984093399706 0.8181024562262991 0 0
1.510546505542053 1.49882995997012 0 0
5.807941308927419 5.801710998412125 0 0
7.671586994854485 7.600495366755217 0 0
10.92929749650634 10.91322071441064 0 0
13.13744570047344 13.10304551259779 0 0
15.07577043496869 15.04497526298122 0 0
16.57173161389656 15.87077445027692 0 0
17.31158860747959 16.73872303076877 0 0
18.00567278262051 17.75617603780917 0 0
21.35187360970173 21.3221371049028 0 0
22.4110810509757 22.40583808227745 0 0
23.36775198783407 23.23392365930732 0 0
23.61504939626846 23.52791194338033 0 0
25.32461296839766 25.26956665670308 0 0
25.94133621585946 25.94061756461302 0 0
25
0.3068845697477505 0.1230957413078393 0 0
0.8289855476771113 0.4229250889240639 0 0
3.47963188899824 2.244586683432869 0 0
5.031291612028442 3.690051659666437 0 0
6.298351077194154 6.164899841643518 0 0
8.212790297432427 6.420582453924639 0 0
10.04521312819381 8.324478673034832 0 0
11.2521146434127 10.47371201708293 0 0
12.36252695927779 12.29240216874527 0 0
12.81156428778458 12.36390069948493 0 0
14.48515538880171 14.04015931198421 0 0
14.78659336196397 14.77430061801684 0 0
15.39843067286341 15.34641305238025 0 0
20.8613130760709 20.84358297449661 0 0
22.906873477334 22.72144973443427 0 0
23.5393063872461 23.50500284372126 0 0
23.73630185126912 23.73538968160191 0 0
24.39040418789888 24.366464241433 0 0
24.47902247746628 24.44766830696388 0 0
27.29755962722465 27.19381912242149 0 0
27.36892692829217 27.35677375551936 0 0
28.4183780006077 27.92256017777376 0 0
29.4691141898538 29.05613243069174 0 0
29.53300670218896 29.51150973208718 0 0
29.81354529923605 29.56942545149936 0 0
18
0.5762457229427904 0.4786339213753524 0 0
1.905499544505082 1.900076364104088 0 0
2.236562566006655 1.94804716249828 0 0
3.362297482990199 2.439618987566853 0 0
4.772160734751377 4.757671415254292 0 0
9.161951079414841 9.133380055530294 0 0
14.41795023739296 14.25229827713283 0 0
15.41396994365021 14.97568332760845 0 0
17.50946575961995 17.45715674933367 0 0
18.27132431520449 17.81594313641399 0 0
18.95096396989693 18.8473066532656 0 0
20.74440616402071 18.96165313337247 0 0
20.93727305192135 20.92957004250938 0 0
21.05642413736242 21.05066633103117 0 0
26.74385995485024 21.30347577287716 0 0
27.75081312905091 27.71242164216949 0 0
28.77599270152434 28.77109862008182 0 0
29.12531442933193 29.07107088023917 0 0
18
0.2666579364469812 0.1476097240025744 0 0
0.5125611142371298 0.5121508564673172 0 0
4.49652592571316 4.484628939191158 0 0
4.573598656972337 4.573438972782671 0 0
9.748203168641135 9.47845936641149 0 0
12.97932690129669 12.59518508298065 0 0
14.0181861935195 13.91438982718561 0 0
15.69782288838015 15.63987014060424 0 0
16.16157649972314 16.11327625654216 0 0
17.7744533040871 17.65498551203928 0 0
18.46005981718151 18.44790853564363 0 0
18.82626051466092 18.74342871683041 0 0
21.0944828927032 21.0428249534453 0 0
22.85732150633975 21.67790242730523 0 0
24.04958687552682 23.89277152865133 0 0
29.14169478780175 29.0986180692467 0 0
29.48433885335337 29.37766035366374 0 0
29.58356677121146 29.56388349042167 0 0
22
0.5811811646814107 0.6190248501999414 0 0
0.7540901823883425 3.624941756188416 0 0
3.794731623501905 3.973393020120453 0 0
4.257018896362725 4.983572244841028 0 0
5.526747471033966 5.67396911107228 0 0
6.989291473600259 7.285915238945455 0 0
7.786517051819309 8.815838545098089 0 0
9.053016099292124 11.17244896851224 0 0
11.23343238780988 11.76036466445932 0 0
12.16540138851503 12.51625996595806 0 0
12.61074714255609 12.79957550830921 0 0
12.82032331891613 13.40503400078468 0 0
13.83378470597406 14.22202341507126 0 0
14.24621194584164 14.81817020856582 0 0
14.89866675399576 15.64080199684144 0 0
15.80304074750378 16.36061855419824 0 0
16.51780380041533 20.71643578072694 0 0
20.7466686345009 25.74539293737813 0 0
25.79527459509368 27.2922285963839 0 0
27.33337221499248 29.01174478434669 0 0
29.29577733071988 29.78058250716856 0 0
29.92048253788855 30.05773006265599 0 0
11
1.270742751632118 1.174463896347782 0 0
10.09299782102591 9.920159134216249 0 0
10.42624533323706 10.41230673630062 0 0
10.93326117029697 10.8801041062061 0 0
14.94965269056295 14.44425106684185 0 0
17.4397870827913 17.22218213469326 0 0
20.12038442785944 20.11291513649884 0 0
22.51440933579699 22.4991255483001 0 0
24.51089775424458 24.44393640702048 0 0
24.59837271411861 24.51185053031698 0 0
24.72469965746239 24.6962572935551 0 0
