# Status file for ctqmc. Used to save all times t_s, t_e.
10
16
0.60980867326899 0.6094070564792915 0 0
2.016428748445184 1.991320040562323 0 0
4.138115974682498 2.534885181866026 0 0
4.355102691942895 4.279944913693829 0 0
6.085657033919559 4.592477201887086 0 0
11.22673392285521 11.17507577593636 0 0
12.06152097795143 12.03463167927231 0 0
13.31931195439331 12.59918436482433 0 0
13.82241319632126 13.73322652239433 0 0
16.9377651197535 16.83227564294631 0 0
18.4627065694707 18.17747344648249 0 0
19.45903507470993 18.81143110186174 0 0
20.74236190888529 20.48492056310129 0 0
22.90917877672089 22.86212289781173 0 0
25.18144844234775 25.10916823513788 0 0
25.30984836358342 25.30739668134205 0 0
13
4.357037008231939 4.046233084871919 0 0
4.994713533076834 4.855854918570855 0 0
7.77384613449534 7.752673008709357 0 0
12.34133126894902 11.09115268171247 0 0
13.8343442612802 13.76810579213817 0 0
15.34339788701696 15.24557436136318 0 0
17.95769442277673 17.21182286454277 0 0
18.32206606890944 18.25025061661365 0 0
19.16216796017275 19.15748147904567 0 0
20.36265968696144 20.31663274470839 0 0
25.28213390102108 25.28169652108357 0 0
26.72216153362491 26.489240419055 0 0
27.193768866541 27.02881839528669 0 0
15
2.055560850008857 2.05125478820123 0 0
4.542105535090307 4.38207802273239 0 0
11.15779952232105 10.56246818847551 0 0
14.01929270874557 13.9506138042933 0 0
15.32141720472539 15.30837800880513 0 0
16.46657218076376 16.45643408392624 0 0
19.13511385621084 19.12282912381751 0 0
19.91543546808263 19.84619396431775 0 0
21.42314127716677 21.40264210531793 0 0
22.03760838690083 21.88404031277874 0 0
22.47821054301255 22.26880110352214 0 0
23.15002418954329 23.14991600661601 0 0
23.91411525284925 23.87544559960575 0 0
27.74695004063611 27.15792656338076 0 0
29.42916618510273 28.88040001669518 0 0
24
0.9524009250741128 0.8102352733589022 0 0
1.80623504438313 1.715199590799647 0 0
3.27377894088219 2.613512073673578 0 0
6.009663451554721 5.964325487536893 0 0
8.676361239261997 8.658599377902307 0 0
11.07846548907048 10.96186598957916 0 0
12.97584130854842 12.81676034968088 0 0
13.23611775253062 13.0899128385136 0 0
13.64940360053623 13.62072980367582 0 0
14.52806681726164 14.10127660402402 0 0
15.84318488796868 15.59446406625198 0 0
17.35660358394372 17.11809314917764 0 0
19.0305094837718 19.01750926481395 0 0
19.2184102867086 19.19225958109563 0 0
21.48884591174066 21.4456987504734 0 0
22.74359699258077 22.68638222572886 0 0
23.29154633858866 22.96756241230351 0 0
24.65178630613269 24.54514491403923 0 0
26.50041362931746 26.32748990933899 0 0
27.0009431377298 26.97347955867372 0 0
27.90379290665252 27.77166423530582 0 0
28.32166227405591 28.19059367053698 0 0
29.47385514415432 29.24988063545408 0 0
29.92042042841333 29.9018837562635 0 0
13
0.24834438158328 0.1630699257614694 0 0
4.064558921862559 4.049214851139755 0 0
5.625012248756412 5.613309748328904 0 0
6.991712152587032 6.93770834494589 0 0
9.744930630377416 9.621131279255287 0 0
10.22259743571238 10.11704940500552 0 0
15.55535780467459 15.44767931853687 0 0
16.12943310478282 16.10228358309924 0 0
17.16829271678901 17.1366942366379 0 0
17.63588766729915 17.6179858720474 0 0
20.34863678088772 20.34592558648142 0 0
24.38060005505563 23.83928542995848 0 0
27.79395063124005 27.63655369385149 0 0
19
0.7585025727141306 4.193928631214594 0 0
4.349353573937342 4.990818137374057 0 0
5.030731129467503 7.608626747557563 0 0
8.345155551074287 8.386499812398656 0 0
8.551552706954746 11.17137755862479 0 0
11.18238127104488 12.14296253811211 0 0
12.3071689682712 14.59996268348448 0 0
17.56152168813135 18.24898781570333 0 0
18.93354065607437 19.37350060126342 0 0
19.45783709682512 20.02322221773942 0 0
20.12252284844542 23.55527874959553 0 0
23.59805527454059 23.74392016554416 0 0
24.26820218937506 24.68186460362907 0 0
24.71329013767912 25.88790867195776 0 0
26.04941468809141 27.46047915894603 0 0
27.62595529921892 27.73174295104542 0 0
27.85488262600173 28.04050988642856 0 0
28.11999280383347 28.29284477750651 0 0
29.15974392167931 29.47848561818592 0 0
18
2.237220516952678 2.215966230226783 0 0
3.664170270556757 3.60492638535996 0 0
6.83625669682085 6.604472399320861 0 0
8.165117345107115 8.056144570777001 0 0
9.193832798803269 9.181893602066463 0 0
11.60668959679479 11.32973662775186 0 0
15.03297973720326 14.86415014119134 0 0
18.88217484900706 17.65689603592518 0 0
19.26384682504158 19.2565662884173 0 0
19.41177703886143 19.39007329158766 0 0
20.75233560408059 20.37120132447744 0 0
21.32353474859582 20.82738096865085 0 0
22.83897266944494 22.70169967924197 0 0
23.71693921117156 23.64180818475845 0 0
24.84542143425254 24.41218599951629 0 0
25.76699877576711 25.02425558977174 0 0
26.61359616280297 26.60987434828362 0 0
27.18915351369339 26.94093916870644 0 0
23
2.996137642507106 2.965743655414532 0 0
3.517705631444638 3.426018828473019 0 0
4.125003551154482 4.067904641198834 0 0
5.202427664414807 5.192909385422141 0 0
8.162751901506851 7.819154697064079 0 0
9.653609787042102 8.171609263122674 0 0
10.15844520432131 9.699271392701641 0 0
10.24585987682952 10.22631205875682 0 0
11.08884288207402 10.98753860944615 0 0
13.96287255866633 12.76941033600093 0 0
14.00668873079776 14.00118952429394 0 0
14.20051879805975 14.14384695633828 0 0
17.57274801837645 17.41606610934678 0 0
19.01258096903356 19.00878319066584 0 0
20.1102994619936 19.79457832733673 0 0
20.47148380190785 20.33694265595693 0 0
24.28362169807525 23.2494859575988 0 0
25.81017868634805 25.79458314035411 0 0
26.79184594619145 26.70495478851219 0 0
27.65642938225685 27.63005524898552 0 0
28.01897554353343 27.81659034270818 0 0
28.48838579706111 28.27981643394922 0 0
29.60898479184096 29.60141464201833 0 0
23
0.6722978032672842 1.653690451403669 0 0
1.851128495158991 4.421989236499632 0 0
4.670987166492738 4.948631874952741 0 0
5.080459082865394 6.01121855925505 0 0
6.136711188358158 6.224187814295209 0 0
6.327857793933157 6.555638506286563 0 0
7.405496795404929 7.500258781735718 0 0
7.574783417215662 10.25406958267459 0 0
10.47644437541127 10.69582341011503 0 0
11.11086267271699 13.19315936748007 0 0
13.37080574757859 14.75532725824401 0 0
14.883431885988 15.22643237342081 0 0
15.33852773818509 16.02614055057208 0 0
16.02654196735825 16.33499976938462 0 0
16.79546384592956 18.75647251371982 0 0
18.88155211240772 19.5250113512472 0 0
19.57557157506118 19.69142011564957 0 0
19.94393903535559 21.3790489362203 0 0
21.94750666940036 22.45495982053316 0 0
22.48789999685231 24.82440804435506 0 0
24.93731202284053 26.51503330928413 0 0
27.05139820969753 27.60493836425766 0 0
27.61822424821483 28.55547036972539 0 0
20
1.741425836961199 0.6691129749039888 0 0
1.917108206456523 1.826104078181569 0 0
3.845323249541603 3.514737971006751 0 0
4.153773674479853 4.051316966011797 0 0
5.083427731040513 4.648834174925657 0 0
6.518141302718541 5.612380649997338 0 0
7.244682438299088 7.051814199944956 0 0
11.15231442964062 11.15073605054755 0 0
12.57608445233936 12.57392095886616 0 0
15.84575830243109 15.8219069376098 0 0
16.42498582848746 16.23758967647225 0 0
18.34630684562927 18.3195222173597 0 0
19.76094312252503 19.68221411192684 0 0
22.19561285908462 20.68363749439973 0 0
23.91447029751748 22.52058893640312 0 0
24.98669472701946 24.87551233398905 0 0
25.86818634553514 25.53299299843966 0 0
27.04904488320124 27.04090537779476 0 0
28.53392271070884 27.9875515722967 0 0
29.26828616024827 29.23829842410118 0 0
