# Status file for ctqmc. Used to save all times t_s, t_e.
10
22
0.01873302023175327 2.364213212720156 0 0
2.37361277275754 6.264165026721741 0 0
6.277197512175851 6.524361464404536 0 0
6.613851520226881 7.509458809300528 0 0
7.558692898000307 8.300675963499152 0 0
8.440342123589211 9.354147429978688 0 0
9.359413995776105 9.634374247366948 0 0
9.636980009359576 9.722100808223612 0 0
9.733178248190535 10.4788893572683 0 0
10.49117753833556 11.56599966289808 0 0
11.6802382608317 13.35406910770829 0 0
13.40044579242471 15.45604783931007 0 0
15.72921091936735 17.17370092775899 0 0
17.34986371647571 18.97322198049629 0 0
19.78264268469186 20.06585783868489 0 0
20.22653520767102 22.506436903884 0 0
22.70245196341794 23.48582874277789 0 0
23.60795470953862 24.9734503235373 0 0
25.0741554758967 25.47936450293278 0 0
25.52756554944835 26.95903958489002 0 0
27.29095764517324 28.61081407152485 0 0
28.85171354881088 30.01921227161531 0 0
13
0.5327334169876679 0.454128156460019 0 0
1.798745886507598 1.68627689351761 0 0
7.292407979206024 7.279398822238407 0 0
8.038173391952164 7.994376659348624 0 0
10.03447674164742 9.834016036485533 0 0
10.15702912528914 10.10734327825214 0 0
11.90088219930317 11.82253752450939 0 0
21.54259650625339 21.45404256446757 0 0
21.91106351516677 21.70209989495025 0 0
23.211526956936 23.20233364034467 0 0
24.43456997595256 24.38060315749495 0 0
26.69146661477277 26.64410708722034 0 0
29.9826391300125 29.94130514951826 0 0
12
4.66745966848407 4.103617174361307 0 0
11.14316732532449 11.10859216421762 0 0
14.41202474733992 14.03709288816905 0 0
16.00207654008593 15.97116249928366 0 0
17.87505656292968 17.78259897223019 0 0
22.26501593518782 22.25935267836823 0 0
25.07790066434828 25.02437451716642 0 0
26.81975843419817 26.77445131883492 0 0
27.10487822817458 27.07259370613172 0 0
28.1945872044725 28.14792858639166 0 0
29.7926336600411 28.54026469939239 0 0
29.99564507435278 29.85029368283595 0 0
14
0.3759070710105163 0.3093284840910151 0 0
1.150688206861408 1.12217346514572 0 0
3.245264223232095 3.218516763074424 0 0
3.631616638906046 3.445254607630733 0 0
5.113110888154322 5.105270158298215 0 0
9.238398305032714 9.090797716344007 0 0
14.1274842505409 13.58389086639093 0 0
14.57390634587009 14.5580540602055 0 0
16.39987400385914 16.32069079570191 0 0
19.76456022827508 19.71350675798193 0 0
20.24750037249164 20.0982033410348 0 0
21.80898849545632 21.6502787099592 0 0
28.61235637000665 28.56191864806894 0 0
29.47069745205367 29.27916405848007 0 0
13
2.471480886963558 2.281174752403277 0 0
2.94998998724998 2.931275349280872 0 0
9.487839420967795 9.387636417678298 0 0
10.06685732027329 10.00322663469068 0 0
11.74944532202956 11.52707117204925 0 0
15.66211228241271 15.49541192018851 0 0
17.17580071198072 16.20831005381469 0 0
18.99281278918545 18.64442449400815 0 0
22.84688928308209 22.75572753641121 0 0
23.10358227785935 23.06553310749224 0 0
24.35167558541857 24.32867664625014 0 0
25.14879471482033 25.03278542044528 0 0
28.67317570607429 28.62152283762522 0 0
37
0.9008654952249429 0.3566343723451482 0 0
2.211733920038842 1.771315936194966 0 0
2.523578887268601 2.222224561992575 0 0
3.083621012924344 2.995712104020282 0 0
3.271030028362476 3.226978478055908 0 0
3.47705970146177 3.300077285103255 0 0
3.509823217816327 3.507177497441942 0 0
4.150718578766623 4.039965084287095 0 0
5.729535044465536 5.24003265841875 0 0
6.073735714652059 6.033957204611944 0 0
6.819812812475146 6.560312323735722 0 0
7.105031678259043 6.976519146466628 0 0
7.315989339893095 7.197272421743808 0 0
7.929403733712627 7.916182033379207 0 0
8.803015013215457 8.574055583621297 0 0
9.034994430676134 8.997156305189733 0 0
10.93412177489336 9.818914327834923 0 0
11.71293930874222 11.70330064408863 0 0
12.20615186478904 12.18788852033425 0 0
13.7880618469924 12.49905981937517 0 0
15.18014289661866 13.92663883405102 0 0
16.20126526737487 15.91597573467867 0 0
16.84342221089213 16.43591542529055 0 0
18.50296807951608 18.43005603676452 0 0
19.62409696147173 19.56412499332778 0 0
19.83160989647167 19.69674750509493 0 0
20.35291473689266 20.20610902757075 0 0
21.56484321698699 20.75021219254969 0 0
21.75542023340891 21.75395205608659 0 0
22.40754422481677 21.89530620679894 0 0
22.82002200967745 22.79134242974865 0 0
24.66847497134497 23.8077746288469 0 0
25.07146187456024 24.9992960459099 0 0
26.36399616107094 25.92678514373484 0 0
26.85650499949186 26.75833192473617 0 0
29.46759753461791 28.97636392728784 0 0
30.03387481976345 29.95086637016723 0 0
19
0.1278055987191822 0.03909295243071043 0 0
0.3257553613774356 0.3154180303364975 0 0
2.13244538910982 0.7179379484647412 0 0
3.972572946909443 2.663457726430913 0 0
6.428908578201117 4.188003236080447 0 0
8.090525899492505 6.828419966126587 0 0
11.69524852160848 10.92933514096925 0 0
12.30735328659076 11.96993785821413 0 0
16.24347348837243 16.17412842114019 0 0
18.80083842988265 17.67127263694535 0 0
21.51151006685291 20.25715520501253 0 0
22.4015971032907 21.87283569089858 0 0
22.44337384217018 22.41159436436307 0 0
22.56822148720377 22.51953198570763 0 0
23.82212861617957 23.60420130207228 0 0
24.75272066751932 24.72869271211766 0 0
25.79274919007394 24.82193516412968 0 0
27.2693251386487 26.97526287445555 0 0
27.84261940428886 27.37291292336284 0 0
14
0.207531810240507 0.164303394891693 0 0
0.345229275127433 0.3446649351136086 0 0
0.4015773523900079 0.3487701643990881 0 0
5.802984253351483 5.654179078993607 0 0
9.533561888844369 9.203351592406289 0 0
12.27656856486753 12.25488703159058 0 0
15.2633290745102 15.18238138176871 0 0
18.96887775420485 18.87847694935348 0 0
19.57523774574501 19.55815426811954 0 0
20.00319406389168 19.84807975725045 0 0
24.04822396672669 22.15069520305881 0 0
25.16202478346394 25.13902786347766 0 0
26.44623463116149 26.42505772786612 0 0
28.67715392772969 28.14782846857324 0 0
21
0.7906735120065311 0.3287798341975865 0 0
1.603609169438692 0.8433243676965954 0 0
2.013936784660488 1.876404908845258 0 0
2.522053134906969 2.104165391350427 0 0
3.175176312690192 2.894790362398523 0 0
5.196996057004565 5.167707210894139 0 0
6.305999820717259 6.087350702007368 0 0
6.964198928806457 6.414084594209518 0 0
8.081996734956912 7.133166437102132 0 0
8.320010039579454 8.136297808475911 0 0
11.18440896229913 10.93078816696437 0 0
11.42855698589037 11.41570321041826 0 0
11.82634631990422 11.70952783514348 0 0
15.62226287520089 15.58503237662559 0 0
16.96722769524941 16.92618017270052 0 0
17.86872726378337 17.49292617671358 0 0
22.25138044830329 22.19114327144099 0 0
22.80013247608406 22.78715058632316 0 0
24.0086923905942 23.875226448383 0 0
24.3132038270717 24.12317760819995 0 0
25.86523305571544 25.84882913201879 0 0
11
4.720982804769029 4.288618131270644 0 0
6.007556516011333 5.794440455254103 0 0
6.632716367220448 6.629898308569351 0 0
7.187756074059186 7.136484476657236 0 0
7.355162153442292 7.348312417901897 0 0
8.50981659965084 7.36964614643959 0 0
8.90028484777603 8.881134079979784 0 0
19.17512694412431 19.03537942608439 0 0
22.64729659839719 22.6455847424228 0 0
22.69860549911456 22.68301287271418 0 0
23.83380980200493 23.83317823052909 0 0
