# Status file for ctqmc. Used to save all times t_s, t_e.
10
23
0.320161907596589 0.2959696047731519 0 0
0.5445531398636726 0.5391581005657289 0 0
1.531073235095798 1.397914676771607 0 0
2.105945188576693 1.742098229619083 0 0
5.450941696448989 5.30605093921246 0 0
6.019833318308716 5.458347646369291 0 0
6.148372172399947 6.144544884493552 0 0
6.637778060226797 6.606483931336228 0 0
6.931251572037267 6.712903620402874 0 0
7.218898938520376 7.212892201840496 0 0
8.251760104798816 8.240894682267955 0 0
11.09092221750311 11.03004304252162 0 0
11.39312753571192 11.19086204338228 0 0
12.76194239076132 12.73515233684654 0 0
17.04520614779824 17.00566133557298 0 0
20.87243482155851 20.49391155655167 0 0
21.72640817191236 21.57162903695002 0 0
22.02714216547198 21.99762236820917 0 0
23.47469898519685 22.22952025718143 0 0
24.10121075632865 23.55597066648427 0 0
24.85474761647732 24.69206821793118 0 0
26.18259828587219 26.0457916131903 0 0
26.9975137107136 26.92173060256989 0 0
15
1.376425309089469 1.32189128669098 0 0
1.514476268639902 1.431086254342465 0 0
4.065688006183031 4.04056955538806 0 0
5.950461779814058 4.63389857243006 0 0
9.083105810077342 9.067128399076338 0 0
13.67087023442066 12.49368866549701 0 0
13.80933721608218 13.80077788968261 0 0
15.14784470664085 15.13208210501547 0 0
15.77935326335022 15.77153001432923 0 0
18.5967394723928 18.51244521722271 0 0
19.92038872192406 19.9168541140784 0 0
20.55058548761487 20.44557500163322 0 0
25.92737396036592 25.89934174116889 0 0
28.99802114111393 28.76635967384225 0 0
29.96977172131779 29.96801683192914 0 0
22
0.3564943415830406 0.3535001489750549 0 0
0.5346661217240118 0.4888452891611514 0 0
3.338074389640711 3.33590805007469 0 0
3.797948244127119 3.756255369899375 0 0
4.95054837418629 4.950120405948644 0 0
7.470243112593808 7.221073533407131 0 0
8.18108552374315 8.149982292248113 0 0
8.499967680408227 8.493895007778061 0 0
9.699684398091311 9.68436398382668 0 0
13.82521288220003 13.6011624196703 0 0
14.30985770637134 14.2860126982557 0 0
16.36695663034048 16.32569600205133 0 0
16.54022002048437 16.48100538305683 0 0
17.2426312055456 17.04037615234682 0 0
23.07115062476862 22.99410228243844 0 0
23.18172460646712 23.16520715336335 0 0
24.61970568631391 23.77547929493696 0 0
24.66165229569431 24.6533031778242 0 0
26.42923295327722 26.40213522476541 0 0
27.81328014941926 27.74668412178492 0 0
29.05947149622029 28.92869167459295 0 0
30.04410030890038 30.01962100032805 0 0
16
0.1217961021761361 0.09181106975948915 0 0
0.7476117604391881 0.5332255595902152 0 0
2.952695773519156 2.898847559380833 0 0
3.934621655462013 3.908550483027964 0 0
6.76665306936622 6.756208067648801 0 0
7.126633233123091 7.084968385573672 0 0
9.325521087414854 9.281803372044237 0 0
11.6764213188707 11.5444570143687 0 0
12.67010851706566 12.49974584808017 0 0
16.46296385097972 16.45628270188717 0 0
18.52081981331345 18.50467619990475 0 0
24.68150307431371 24.43872893686359 0 0
25.92923159859451 25.856524987203 0 0
26.76199150258132 26.66212193589062 0 0
27.42484552792765 27.34646310998727 0 0
29.37071013736392 28.8361152062184 0 0
10
3.4728437909538 3.1721317236623 0 0
4.644890774460615 4.446257849706776 0 0
6.956087644801329 6.22095906500348 0 0
18.56874580768814 18.29572862392309 0 0
22.96628248147362 22.88065162645568 0 0
23.77981557179203 23.31793394605626 0 0
25.80977134368292 25.57739249607404 0 0
26.06518495719422 25.94933915299532 0 0
27.1543414628042 27.12337673795628 0 0
29.12661784659559 29.08444282215806 0 0
22
0.3649007964687065 0.3383627999739853 0 0
3.13322214467463 2.942915075383998 0 0
3.906417723409543 3.861308202605993 0 0
5.196193786839455 4.025551738182402 0 0
5.405839833918465 5.336988631975952 0 0
8.020637066140809 5.756883824925991 0 0
8.407915925153473 8.255331621387784 0 0
8.749266039235394 8.482754943698456 0 0
10.35603809804538 10.07765503553741 0 0
12.50253268767475 12.14463598349265 0 0
12.90799958474436 12.90343411120358 0 0
15.3622739488278 15.32889122760618 0 0
17.03619510249531 16.9870499392559 0 0
17.16830963961883 17.12972588083824 0 0
20.15395363323413 18.77181704541329 0 0
21.58458217404139 20.91198901761148 0 0
22.52008776989062 22.50942932001747 0 0
22.93457496295804 22.92584688285326 0 0
24.63406634433676 24.31982449323805 0 0
26.78832787331979 26.54838803686413 0 0
27.54904981150028 27.48407855324577 0 0
28.38825785777285 28.19016164336427 0 0
31
1.653067360119425 1.529751997672701 0 0
2.255185500652427 2.099439695774797 0 0
3.696912185451771 3.035850289857798 0 0
4.323069130498681 4.171018814422749 0 0
5.452138999076028 5.203098401443485 0 0
6.014211483873314 5.906464287091382 0 0
6.400455949134876 6.330581747292009 0 0
7.088856280464269 6.936350944903143 0 0
7.265860366357924 7.163866208767523 0 0
8.129763633332475 8.016476725528628 0 0
8.274888417010644 8.167074877769648 0 0
9.509628457075518 8.422280621863271 0 0
10.14503734685438 9.539961532845911 0 0
10.60154879043107 10.53934106308953 0 0
14.49300903752176 14.40216051848016 0 0
15.61323661329138 15.38237773283816 0 0
16.87218512761138 15.70966340714983 0 0
17.76821972841401 17.11159593726538 0 0
18.18147200721625 17.98269762527387 0 0
19.23741594082979 18.73046904803227 0 0
20.01996529121585 19.85964558322055 0 0
20.36646139655995 20.18878762421202 0 0
21.11903673313894 20.59780741313457 0 0
21.80668959744016 21.35978255302174 0 0
22.31566786880512 22.26854426384783 0 0
25.5761956234538 25.54382645644724 0 0
25.87425836216126 25.82416066939445 0 0
26.94596030523065 26.71959567142487 0 0
29.18501568989219 29.17321685730096 0 0
29.21619653898912 29.20102353356574 0 0
29.48353858947741 29.37243762598413 0 0
14
2.289910013443379 2.212860730619564 0 0
3.671957381157039 3.594719581219572 0 0
4.878239372477896 3.838497739260237 0 0
7.589820789596344 7.343533602524453 0 0
10.23065370767746 10.18723304488685 0 0
11.06854605230021 10.27962250196683 0 0
12.09795334478432 12.09221707789718 0 0
15.71120938996972 15.68752833511153 0 0
18.04878213182865 17.55605191745072 0 0
18.6988927995494 18.49750083459675 0 0
22.5108498979162 22.46432261188711 0 0
24.20495258105775 24.18184668352227 0 0
26.06849074648861 26.04383709805477 0 0
30.05457597938453 30.0404413564633 0 0
26
0.8360279458102369 0.7551050991695369 0 0
1.320122061549306 0.9556377766545445 0 0
2.888503818527555 2.33868353541408 0 0
3.328048595253207 2.930503956880397 0 0
4.945261690565006 4.942744808837563 0 0
5.618809454115179 5.615743274402712 0 0
7.724758727846469 7.618757104301665 0 0
10.16060977458111 9.246747387665859 0 0
11.01428556992934 10.17618041719723 0 0
11.9160822847851 11.75701080542276 0 0
12.42978489653547 11.92035855308137 0 0
13.71261682127071 13.23045883319262 0 0
13.76925363753949 13.75527422525383 0 0
13.96696263423372 13.80728107835576 0 0
16.16447641870835 14.00647370074591 0 0
17.84385500667985 17.55233038570703 0 0
17.96388179386623 17.93841168566201 0 0
19.1083849711688 18.45336135402386 0 0
20.55005919410053 20.06340435705954 0 0
22.3596393170846 21.55786816137757 0 0
24.7163065209425 24.51380162477928 0 0
25.3215913731433 25.23432143945671 0 0
25.50791231759053 25.40022306263681 0 0
27.96580452394705 26.35837373805801 0 0
28.55065284609298 28.47547163676887 0 0
29.17014077477799 29.04060347854875 0 0
17
0.4094688298981168 1.619586006405153 0 0
1.798046208345275 1.839731502045539 0 0
2.198766574163547 2.526879769836963 0 0
2.651230742843046 7.668073049498489 0 0
7.794307498565744 7.868804727228792 0 0
8.215376981205193 12.35731692275364 0 0
12.92230551138636 13.26616269154131 0 0
13.59357479878994 14.06958489572711 0 0
14.15089860039278 15.8140653136854 0 0
16.23353575479715 16.77239542602534 0 0
16.91793115137685 17.73880755672198 0 0
17.75325772911735 19.59155517585489 0 0
20.59031543245128 21.05846708319006 0 0
21.3515793295819 21.74824528414418 0 0
21.94032183559938 23.00821996488226 0 0
23.26662053668266 27.5369798488603 0 0
28.06949038415904 29.18015237678444 0 0
