# Status file for ctqmc. Used to save all times t_s, t_e.
10
24
1.573162042317851 1.52047365112174 0 0
2.217943398060872 1.923232983100708 0 0
6.041230849744826 6.0299758736855 0 0
6.327727702399923 6.313826312239756 0 0
8.806633685676465 8.806121234626424 0 0
12.24504890544608 12.19847866002189 0 0
12.43071992425824 12.38645939554415 0 0
14.27771816903688 13.89438264070348 0 0
15.10186335594473 14.34216565058451 0 0
15.34592977234475 15.16565990735953 0 0
16.42392593442307 16.19875315634729 0 0
16.85195386069732 16.81568451124622 0 0
16.96580715317363 16.95878985784413 0 0
17.93091241548624 17.93003900784569 0 0
18.46001653475999 18.26676180316386 0 0
21.70006423558765 21.3879300953332 0 0
21.96724452128527 21.76474382733555 0 0
22.25107249218594 22.13721107459013 0 0
23.14907258209314 23.11047349531583 0 0
25.85273844128299 25.70613177408592 0 0
27.86018675143442 27.32098784051302 0 0
28.49216172938104 28.45293730136846 0 0
28.84854708636549 28.63595515686796 0 0
29.83334025929927 29.55285118154867 0 0
12
3.864666174927067 3.73050517295245 0 0
5.481480552501471 4.623049991116771 0 0
7.644902189564691 7.597275421432819 0 0
8.691056461289723 8.676154502452652 0 0
9.579276318944595 9.552749687548333 0 0
14.3710031150313 14.32207295827825 0 0
15.8318634105556 15.65398682228343 0 0
22.15370985887151 22.10063486735467 0 0
23.37044337489832 23.22096881289767 0 0
24.06246621207723 23.71946619205782 0 0
26.71126124576776 26.51946683598014 0 0
26.95485823454825 26.7422144066465 0 0
10
0.6706270252823253 0.651386810053161 0 0
5.712478176743776 5.386400800599393 0 0
7.501265761345326 6.55121679707655 0 0
9.25684126007989 8.790097205388845 0 0
10.44262929523702 10.33641220857456 0 0
11.15582238362991 11.02999369182875 0 0
15.65354422828372 15.4818268755448 0 0
17.46313752648758 17.42380434910682 0 0
25.15815244247421 24.88420461780678 0 0
26.07773962516494 26.00325987673765 0 0
22
0.9640050551153934 0.8796748590024315 0 0
1.582749651523684 1.531908267474771 0 0
2.313787090503876 2.263408461231429 0 0
3.442096531112607 3.351391682581911 0 0
4.140552362692393 4.139632529818177 0 0
6.637010823361665 6.590223819219326 0 0
7.186420028826465 7.158884876500876 0 0
7.329158108728316 7.306136321330745 0 0
8.181512405608455 8.03906132475189 0 0
9.451471328082565 9.354988216434364 0 0
12.50972607692824 12.48985814372476 0 0
12.9656809222006 12.8364366345687 0 0
17.90391115043784 17.832056538444 0 0
18.66814875721981 18.64478202143844 0 0
19.3939543182905 19.28966639672318 0 0
21.1837093846096 21.04684861534262 0 0
23.24781785045816 22.96529793329234 0 0
24.54469870515663 24.18220516889661 0 0
25.88871994929336 25.83771016075607 0 0
27.42591344480742 27.25252335009414 0 0
28.47041583527609 28.38862300683171 0 0
28.97587862826002 28.95567314566457 0 0
8
0.04798174243872921 1.491421676780488 0 0
1.655019566102948 4.202198038850197 0 0
5.85415856283285 10.04941210215199 0 0
10.07873123615467 11.80745744461345 0 0
11.84355363970252 15.69519303266718 0 0
15.70197901330867 19.82472635227603 0 0
19.84859481441651 25.91851662711277 0 0
26.6741245350596 29.62053056121075 0 0
24
0.3438098405958065 0.1817100365848781 0 0
0.9120840738235891 0.7855624288312271 0 0
1.189604577975747 1.172789982691512 0 0
2.801298452679132 2.795551622624494 0 0
5.422360345336631 5.416601982022402 0 0
5.893663009909616 5.840223422084669 0 0
6.704043534562378 6.590775802388311 0 0
7.899753175367761 7.119405236876744 0 0
9.185074551860742 8.330697949696376 0 0
11.28939656329371 11.10764907425592 0 0
12.69849480174554 11.29949143167033 0 0
13.32106277186655 13.27408968154753 0 0
14.17434685325691 14.17163668419505 0 0
15.47178446409929 15.15856149614186 0 0
16.11426202703882 15.7848398573256 0 0
17.20616063030599 17.14905797428296 0 0
23.96520647869063 23.80639045465211 0 0
24.93737873544289 24.44186908884303 0 0
25.43138467765911 25.19826818313051 0 0
25.55218664995463 25.54921793707576 0 0
25.92734574602528 25.57960181082148 0 0
26.50689782594798 26.28980194609913 0 0
26.81123159665868 26.63495935844158 0 0
27.75983863018102 27.71625316032666 0 0
23
0.7554555916985741 1.440982041780261 0 0
1.467289828078365 2.401105019453082 0 0
3.262258988404549 3.278213237719436 0 0
3.308980048279023 4.754721309641485 0 0
4.768519596894462 9.303567544130388 0 0
9.362061887265684 12.9201412487323 0 0
13.01915408123021 14.4861299017007 0 0
14.57407642748481 15.03983911378649 0 0
15.06493833671148 17.97324133456036 0 0
18.14781490305266 19.09971604341176 0 0
19.26326189422023 19.38415202235105 0 0
20.18428354355799 20.22382671183532 0 0
20.24849867020529 20.99826877922191 0 0
21.01726971695033 21.77497117943318 0 0
21.79418569309141 22.6267420259201 0 0
22.64040753118496 23.08605393722028 0 0
23.26896616330241 23.43386991094164 0 0
23.63472668023375 24.73403803009172 0 0
24.8344577248518 24.85487741567343 0 0
24.92157528926517 25.54290057080224 0 0
25.63524017674728 26.06959101380706 0 0
26.24950852366324 26.73492581381852 0 0
29.64217521150013 29.79291961208507 0 0
18
0.744754625532676 0.6431549842445712 0 0
1.291593887940774 0.9683798764256071 0 0
5.935989242930059 5.900718384076391 0 0
8.234902157545914 8.197445240360718 0 0
8.257354229907497 8.244856153687834 0 0
10.1291780244468 10.11740718513504 0 0
10.82724327496403 10.74723103538815 0 0
11.60972887752088 11.59222389563553 0 0
16.06084121443199 14.87213911225128 0 0
20.47071321508813 20.41056660416103 0 0
21.44398916197399 21.36663515924584 0 0
22.41444614568854 22.36195437263031 0 0
22.65118419865095 22.49710406663579 0 0
22.67877289182583 22.65279062112844 0 0
25.08591571660827 25.02010442402361 0 0
25.75645268580337 25.73542493006812 0 0
26.20421642113315 25.98283584180966 0 0
26.54116330713085 26.38478305980427 0 0
31
0.403733727095414 0.1519588331485622 0 0
1.268225176536333 1.147902189999549 0 0
3.052582124789023 2.479740717677898 0 0
3.845271710836903 3.141268362834781 0 0
4.816898645965879 3.8836002648086 0 0
5.284057175335342 5.094600262354081 0 0
6.989776565130039 6.833000269511596 0 0
7.408341774362595 7.193639929840928 0 0
7.69387416982571 7.689772582141509 0 0
7.798463084451497 7.733839415236323 0 0
8.703071995065583 7.967269369505247 0 0
9.77557201904375 9.58933261735416 0 0
11.92472959861319 10.06060972177428 0 0
13.97897861564235 12.17539496038725 0 0
15.15244564795707 14.71666302293971 0 0
16.60341957131473 15.39274155446679 0 0
17.03845793588882 17.02149069348974 0 0
19.33144296333764 19.32626836860681 0 0
19.8103439809208 19.80734932254168 0 0
21.03332133246201 20.06702480533075 0 0
21.80402654779316 21.42080118855197 0 0
22.41501129049241 22.02218494918885 0 0
24.21457069385571 24.13260078203107 0 0
24.84843190529583 24.46499481088701 0 0
25.97699313509816 25.56959306587201 0 0
26.01427663703243 25.99713875778845 0 0
26.38649176130272 26.18783282625856 0 0
26.52816852608211 26.49142805447477 0 0
27.55694509313559 27.37172425933356 0 0
28.01648392937273 27.91501114555479 0 0
29.52040647465311 29.51199511740288 0 0
14
7.791875408897061 5.910435877097148 0 0
8.502626257662511 7.92833547187324 0 0
9.003618118832247 8.605429949025233 0 0
10.68764291138122 10.2887522323706 0 0
11.20249925066136 11.18671522995158 0 0
11.90959913561179 11.59772771178161 0 0
19.0052710942237 15.61384768048075 0 0
19.09674437222466 19.04983175170122 0 0
22.1910003265512 19.35909287354468 0 0
23.32784072560121 22.71041355571603 0 0
24.27401290725753 23.95959568423482 0 0
25.99426090139851 25.51851549073543 0 0
28.49468476615617 27.82025366904308 0 0
30.03015428205843 29.74964212280818 0 0
