# Status file for ctqmc. Used to save all times t_s, t_e.
10
19
1.174082067935501 1.15274661999667 0 0
1.891407088538862 1.27467327577904 0 0
2.493751272907033 1.991349914074567 0 0
4.171740477411614 3.726289735367603 0 0
4.289442893290073 4.222831985932831 0 0
4.992469207520796 4.763885997099955 0 0
7.732159722163535 7.705029858908276 0 0
9.305721867041809 9.001797203798716 0 0
11.34140659734006 11.26807546153996 0 0
11.55851815507545 11.48064069836235 0 0
11.98012270082893 11.97783782977676 0 0
14.9694375501964 13.91353853218875 0 0
15.15255864947532 15.00660049446695 0 0
15.53585267144103 15.34644292638139 0 0
16.8175996548933 16.59633093320913 0 0
22.22517379570429 22.21632957487221 0 0
26.91762959059292 26.65593611244132 0 0
27.55618441327543 27.41079644403462 0 0
27.78220262844696 27.71180945289472 0 0
13
2.185239782617625 2.153085196797277 0 0
6.047587233865112 5.990369503372616 0 0
7.696920752615462 7.399678514399053 0 0
8.793586753142023 8.777010904142704 0 0
11.22015035216388 11.05591211600117 0 0
13.26870322029482 13.25328520094226 0 0
14.99848373578575 14.5959871326159 0 0
16.58434735574787 15.12373951116545 0 0
19.72239683221387 19.65030843106309 0 0
24.08045890284003 23.9955274950079 0 0
24.5085891511409 24.10412790076875 0 0
25.67000306458413 25.66348882834739 0 0
28.10861111335582 28.10458958531709 0 0
16
0.2491095298619967 0.09914051122245127 0 0
2.220349741057682 2.190565703860205 0 0
6.298867658352018 5.959260803144038 0 0
8.454070316251062 8.43296930776823 0 0
9.044665827279971 9.023953037778952 0 0
9.257004145731759 9.217723591036668 0 0
9.306224694875089 9.270204572908565 0 0
11.12625166781007 11.11787943339827 0 0
11.97611131680892 11.91995347007215 0 0
12.95194683422241 12.79938350104205 0 0
20.00020162227174 19.94827993885148 0 0
20.96587515107159 20.85479247379715 0 0
24.21319453402518 24.17665982429381 0 0
26.11366768483829 26.00629049352598 0 0
27.58226155684099 27.47008648355207 0 0
28.25051289728728 28.23493193493237 0 0
27
0.3461743417600063 0.3390722409985436 0 0
2.45697499362228 2.061374616894325 0 0
3.645774447316661 3.578013209639944 0 0
6.148116223536769 5.688568986562425 0 0
7.6312515705891 7.614665713124249 0 0
9.519483847963036 9.512556595845609 0 0
9.797331599526787 9.62304743579436 0 0
10.30158720847091 10.28247133756937 0 0
10.99924227370175 10.99785781598172 0 0
13.36495440179159 13.3512132655183 0 0
14.7972723613036 14.7834933749944 0 0
14.95017953119765 14.84717656241317 0 0
15.68557758441454 15.26337176138389 0 0
15.99461911840003 15.99176893950774 0 0
16.64748038817822 16.61267069788841 0 0
16.9383951450483 16.91533751072071 0 0
17.0111482286664 16.97896241766554 0 0
17.45443827476173 17.41324322829006 0 0
17.90781282924087 17.85887218597763 0 0
18.86175758000087 18.82932251586226 0 0
19.28600731303455 19.20128508517855 0 0
19.87830585527525 19.77227093245268 0 0
23.31775940392943 23.31300095456265 0 0
26.65956899372355 26.61072167293756 0 0
28.38088711789602 28.32670068594853 0 0
28.41101249060898 28.38091482259717 0 0
28.73863740166554 28.67960675512369 0 0
18
0.8394086081236324 0.3190589694604604 0 0
1.18528186975183 1.08121122857257 0 0
1.735426699147408 1.23654507202649 0 0
1.758393932961871 1.746164835722018 0 0
2.382449581527024 2.381587298658662 0 0
2.622980689875142 2.535916853385519 0 0
3.028671787671609 3.02710419057107 0 0
3.753892501675049 3.738277579015256 0 0
6.69264896763029 6.581404131297676 0 0
9.314937654761479 9.168648538813969 0 0
9.448521818425011 9.350262639494261 0 0
10.96491010094713 10.92919357912246 0 0
12.42993591297776 12.40497659762712 0 0
13.07104835293985 12.97815047237338 0 0
16.74544237828842 16.64416387017571 0 0
19.56846982922283 19.562475810288 0 0
22.9841915157912 22.54801425169632 0 0
29.81290284627455 29.68878588520877 0 0
21
1.397335738347047 1.394721912878411 0 0
2.367448661452316 2.33600099101129 0 0
3.771600631368468 3.637617580561864 0 0
5.648397238492176 4.418472442532478 0 0
6.67184617722561 6.115786893917784 0 0
9.547460477208002 9.520767269757636 0 0
14.18078930008131 14.07295251100888 0 0
15.11087439396236 15.02256364920116 0 0
15.15578469604814 15.11188417241441 0 0
16.35300480168835 16.32361056804615 0 0
16.81083757853733 16.70985587422096 0 0
17.93319024914436 17.91665480683343 0 0
18.73007710436076 18.2180767439288 0 0
19.86728643771844 19.17975012485392 0 0
20.80960410929461 20.41195735992218 0 0
21.55339364973977 21.24903370186556 0 0
24.08609403329309 24.02093738981325 0 0
24.44717831916628 24.41558968115984 0 0
26.26162955194131 26.15130528889306 0 0
28.29292169509977 27.00272540363586 0 0
29.05383407948831 29.05074106356659 0 0
20
1.012048332952058 0.1530826424762139 0 0
4.356696407835908 2.816638395260794 0 0
4.782686460822217 4.764221245037428 0 0
5.468911060948992 4.930117956211133 0 0
5.685374393744663 5.583551047708719 0 0
7.818063035293557 7.33197938705103 0 0
8.48325447013009 8.173583930835047 0 0
9.179075383203655 8.69327583847147 0 0
10.52077798205195 10.26784360626447 0 0
12.50513565379149 11.73941785534637 0 0
13.28703029450318 12.95223800058771 0 0
13.44539729794416 13.33399934014944 0 0
15.46863262952938 15.40846977138307 0 0
15.99126238543351 15.61003738419689 0 0
19.70770293569081 19.22052562870804 0 0
20.92294812036999 20.61161491959894 0 0
22.38621489543587 22.06555501053056 0 0
23.36495998026881 22.78438178628039 0 0
26.95291256926421 24.59133467893089 0 0
27.74854317966489 27.74050251207301 0 0
13
4.445086493354051 3.313298874182716 0 0
4.509169388215987 4.497410228515468 0 0
4.722908848486237 4.702155698850875 0 0
4.889039221196482 4.773783375475023 0 0
8.194631894561827 8.105054446215471 0 0
11.02927745847207 9.400702705682702 0 0
14.40569420143017 11.11302737401104 0 0
17.90076140757621 16.90938562870735 0 0
18.68340272881751 18.54449429570261 0 0
22.96851186024499 22.94297417614103 0 0
26.40635825341833 25.73027323859331 0 0
27.74585865798311 26.48590590111245 0 0
29.54167774509446 27.97424407150534 0 0
25
2.812601654287696 2.805670985447803 0 0
7.100061586008676 7.089682563173305 0 0
8.825206903950907 8.41663876924229 0 0
9.75641963878256 9.695671681061029 0 0
10.71853679238305 10.1498225645544 0 0
11.33042877589834 11.21342580099926 0 0
11.64703175636385 11.53951937101975 0 0
14.26743487654614 14.18914795355121 0 0
15.62021500432778 15.60020753802633 0 0
16.25190181973178 16.17339544902377 0 0
16.96330697806189 16.928710358687 0 0
18.01694142605766 17.38773246602862 0 0
19.45121693890289 19.43074238818311 0 0
19.88884378035845 19.78601091026915 0 0
20.51601244362746 20.50780691333417 0 0
20.60937549507662 20.60810234744947 0 0
22.00382736397238 21.88598561860843 0 0
22.86678182884118 22.33834156813524 0 0
25.0498928478778 23.2613937709287 0 0
25.20042399644645 25.05306660026664 0 0
25.7916550756277 25.45702345081959 0 0
26.24338718199135 26.10205959567796 0 0
27.30452687919711 27.29872559410434 0 0
27.75807198652853 27.73955861791163 0 0
28.04821654846457 27.91830748873699 0 0
19
0.2583536384602354 0.661094455028077 0 0
0.7220292844049563 1.050772747287672 0 0
1.329829148646289 5.820873462966491 0 0
5.902702068030584 6.781189832717381 0 0
7.44829868876388 7.870242739929314 0 0
8.866216300895504 9.153691614992182 0 0
9.177685086430902 9.432546411854332 0 0
9.567943688515474 11.49686656812127 0 0
11.94004512715403 12.08996628843793 0 0
12.09741500813391 12.10310970545882 0 0
12.27140741080216 12.47446091149131 0 0
12.53073391508477 13.09381213708118 0 0
14.03202646580226 16.50937102279471 0 0
16.63998998080973 17.18956966294934 0 0
17.194601469526 18.04448950081446 0 0
19.01446415406863 20.0557209323972 0 0
21.74665065355456 22.05374847268975 0 0
22.1496244916792 24.77415808137699 0 0
24.7801697504218 28.50175419069434 0 0
