# Status file for ctqmc. Used to save all times t_s, t_e.
10
19
3.323840348267748 2.312583556801254 0 0
5.787266980972327 5.492923491382283 0 0
8.043829167276726 7.953220648321072 0 0
9.372214995611877 9.14654371445976 0 0
11.03555373190042 10.8282666326353 0 0
13.11227803582695 13.06892866789375 0 0
13.73815575890905 13.73165695982561 0 0
15.67495409468816 15.4413210594416 0 0
18.24055679892538 18.16549347636956 0 0
19.00114026631423 18.84740305099896 0 0
19.01614238558576 19.0014718953035 0 0
20.36517889629717 20.35490145060316 0 0
21.29346888456246 21.2654715699922 0 0
23.97367202235723 23.90447024334386 0 0
24.50042701981975 24.49872826754541 0 0
26.45714922024381 26.4097280107456 0 0
27.9129222536633 27.82699293227506 0 0
28.43861457051935 28.00757077370352 0 0
28.65951825767013 28.61651124529623 0 0
9
2.835057132518369 2.772746098337617 0 0
3.632822160401227 3.237729121797943 0 0
4.901418268414385 4.827340531485694 0 0
13.67758748299223 13.60728599060841 0 0
16.15884519160355 16.12885436508404 0 0
22.10109672748523 22.07966501970529 0 0
25.13203089993172 25.10839177835031 0 0
28.01059553023578 27.26443982866937 0 0
28.64226555591489 28.46817009541775 0 0
14
2.674785530491383 2.604230235739461 0 0
4.856015138295877 4.705734606922259 0 0
7.093800013647 7.027409819899021 0 0
10.05867337035595 10.01196688260026 0 0
10.97295066322767 10.94372852538448 0 0
11.38206767090386 11.33754283364478 0 0
11.91491221267004 11.52731623680306 0 0
20.70850641186081 20.57690597756643 0 0
21.30861621689788 21.29160361896593 0 0
22.08809541964331 22.06817483983614 0 0
26.10478258535079 26.05217063767161 0 0
26.47934181562164 26.47074187049528 0 0
26.73354184144778 26.71623471857676 0 0
28.27879099773891 28.15075293474045 0 0
18
0.564691482098832 0.47659505233382 0 0
1.133879495505777 1.092979004386078 0 0
2.695878834751343 2.509622210660852 0 0
3.363961404120885 3.345195461514067 0 0
3.761979975949655 3.52824291589964 0 0
5.213602121543668 5.142953430262973 0 0
7.659259770564245 7.61415639809984 0 0
8.060294204686691 7.820851355670441 0 0
8.989154350884249 8.980919384843249 0 0
13.16399988315312 13.11501973116631 0 0
15.80987066254671 15.54680107816118 0 0
16.02395568444228 16.0166426537389 0 0
17.47642740861744 17.41106856751153 0 0
18.17384846059954 18.11364898745573 0 0
18.42651516994544 18.35820932609483 0 0
18.46609858405676 18.46571020830685 0 0
19.8978313886534 19.68942659516125 0 0
24.89345726042693 24.82845653672 0 0
11
0.8729390852463256 0.6235717756394905 0 0
2.510253872764682 0.9113382433161097 0 0
3.1476676930411 3.138111774930165 0 0
4.115542406031585 3.799338684760676 0 0
7.655923002692488 7.644777059377988 0 0
9.696084142603894 9.66262634186033 0 0
15.9067939562958 15.90669291412903 0 0
18.08009878956357 17.99353912106784 0 0
20.00359787854108 19.8485905627198 0 0
23.2622267770358 23.2383999794387 0 0
24.79697389371054 24.7624494832422 0 0
27
0.8719218339637109 0.5818903213614028 0 0
1.575769166756825 1.187358875280264 0 0
5.288717768649347 4.591478758370808 0 0
5.85851311608558 5.85475144454496 0 0
6.359779900404396 6.121179982987466 0 0
7.623700693996431 7.40789029064309 0 0
7.750334022359928 7.715746935073806 0 0
8.471712619536769 8.247741890779231 0 0
12.00554378833442 11.60466196088196 0 0
12.17700992934981 12.17057489285198 0 0
13.38868572678297 13.18896080402662 0 0
13.99497554820579 13.7460415340639 0 0
14.36032110910997 14.24486967444915 0 0
14.78331811320576 14.45301582041131 0 0
15.76840864164788 14.82339461191589 0 0
18.48005604923301 16.59630495337584 0 0
19.04195261470374 18.87739979371941 0 0
20.48382796987723 19.6566483700869 0 0
21.22351643457725 20.97576983049226 0 0
23.22027617163608 21.31633357192686 0 0
23.89064103748093 23.82682923480713 0 0
24.21860474894348 24.09483924354651 0 0
24.77159935815867 24.7336037047092 0 0
25.4861218195947 25.45755080338039 0 0
26.77734216180909 26.68866565413192 0 0
29.82226797267971 29.39947201544534 0 0
29.96436607348256 29.93258618335367 0 0
31
0.9650550724507329 0.9358823908324243 0 0
1.395309001263036 1.054233380529511 0 0
1.761805129767862 1.583666514994058 0 0
2.153007432985615 2.130994655590083 0 0
4.987366229780332 4.707115468059706 0 0
5.08461050471366 5.009642869311171 0 0
6.468553690014764 5.246038848146859 0 0
7.054748166413311 6.491615093316327 0 0
7.543769107170225 7.057326055439238 0 0
8.039021968495506 7.654906373174157 0 0
8.865699253060193 8.829664614630468 0 0
9.752076188542267 9.499401529834099 0 0
10.93205915844102 9.926015804815126 0 0
11.51946066005177 11.17874081160343 0 0
12.1112689810053 11.92605696781843 0 0
13.00231164109181 12.19351051878217 0 0
14.67162867859947 13.00710412002933 0 0
16.38910081811073 15.69739497630885 0 0
16.79923180662254 16.41790139907003 0 0
20.0161191706645 19.75422436894372 0 0
21.26459072055038 20.02621293688142 0 0
22.55591186489651 21.42023041892727 0 0
23.37769837938017 23.35484199236461 0 0
23.62015920987337 23.54204780309558 0 0
24.06574341464149 24.05899226010952 0 0
25.53165220924581 24.44871870743483 0 0
26.35194369166998 26.34016581779202 0 0
26.53352764728445 26.45088290105555 0 0
26.6926971434388 26.66766143579434 0 0
27.35289228073103 27.35229695741075 0 0
28.72096054702711 28.64007696728375 0 0
9
0.07713409229185686 4.222804527389661 0 0
4.468049836959545 6.600001644267993 0 0
6.65628545628411 9.432795804918545 0 0
9.549576346110014 9.83442974167566 0 0
9.849164568780557 13.84161625693047 0 0
14.41386346564726 15.16413738619761 0 0
15.258727340724 15.50100093200587 0 0
19.25322022963792 23.81481151632543 0 0
23.84388776350747 28.90963803241421 0 0
25
0.1939041968906459 0.1521005750207856 0 0
0.348897875262729 0.3230068429300168 0 0
0.3923010294240551 0.3729594660281497 0 0
1.066857671052968 0.9855159209598833 0 0
2.045359176058664 1.834355456446511 0 0
2.134193068315593 2.100729939489682 0 0
2.504549269807708 2.469470631225659 0 0
4.643173064928529 4.072138285883053 0 0
5.017990614079102 4.714755219381542 0 0
5.331133088905276 5.0803083563753 0 0
10.36305577458297 8.011508652021313 0 0
11.10906573310841 10.82841963807409 0 0
11.27931133777731 11.22774925338817 0 0
11.72620468304584 11.70491686160934 0 0
13.83388880949573 13.22982294531333 0 0
17.07022512715132 17.05166663309081 0 0
20.15469797590653 20.087957941544 0 0
23.93819457608392 22.41656393249007 0 0
26.38393859863459 26.25895261527705 0 0
26.8995453592879 26.4459369075653 0 0
26.95115079814027 26.91520688465499 0 0
27.28215496175656 26.96040933206925 0 0
27.63326613844791 27.41260061779213 0 0
28.44397624786803 28.43455930130224 0 0
29.68493927642102 29.51562543886964 0 0
20
3.779553282072757 3.672647812269179 0 0
4.374587536512588 4.365064885632996 0 0
5.183727037391882 5.107839175582025 0 0
9.135452112413352 9.04107659424686 0 0
10.54065884025664 10.47337966181094 0 0
10.78424122791683 10.78110076422483 0 0
10.93934716828099 10.93772740742683 0 0
12.58136690407336 12.55462823093492 0 0
13.7960985179965 13.69903786374959 0 0
15.1645711593138 15.150625449079 0 0
17.65390952412878 17.65041176284876 0 0
17.75469505070347 17.71585578365671 0 0
17.98674577701149 17.97348359220193 0 0
19.37120515980241 19.2329027146542 0 0
19.55730665414466 19.4297690720119 0 0
19.81412508751812 19.80043639503631 0 0
25.238388109589 24.13520013677079 0 0
25.81890724919266 25.4313158569335 0 0
26.80962622469574 26.74266876921612 0 0
27.2597962716327 27.17589055574362 0 0
