# Status file for ctqmc. Used to save all times t_s, t_e.
10
21
3.332519624993518 2.764576596453733 0 0
3.651505947668262 3.383067973380217 0 0
9.637808267265475 9.424487121715067 0 0
9.712402935842331 9.677465332755055 0 0
10.18439678482611 10.14495839388492 0 0
14.73158276143817 14.2436222673885 0 0
14.98446222448873 14.75474796386833 0 0
15.44602278726542 15.41466350354674 0 0
15.83241783540015 15.72446487742706 0 0
18.11238077968479 18.04871324370252 0 0
18.92731705708026 18.67866160755192 0 0
19.50629811573835 19.49776291292046 0 0
21.53658643914505 20.91520511103167 0 0
22.69720971705417 22.67539016041351 0 0
23.16623366568795 23.14995896119624 0 0
23.61733457879394 23.58901277022891 0 0
25.52062485288772 24.79580170715228 0 0
26.72476508690355 26.66710898207574 0 0
27.23146394682201 27.18815603828837 0 0
27.54820041749763 27.52429074585428 0 0
27.78464890790862 27.76021155881364 0 0
27
0.00881807573631832 2.471109273286674 0 0
3.082992067836228 4.532843453865691 0 0
4.556764918475472 5.561214373397741 0 0
5.567796306513903 5.920736116648738 0 0
6.472793141527449 7.495886174078409 0 0
7.525537992695782 10.72775653177933 0 0
10.88423795502298 10.94291001959021 0 0
11.05449121285467 11.25603801409788 0 0
11.3944716328397 12.4798107477299 0 0
12.74595681258885 12.84243428140678 0 0
12.91336874980571 13.11041193994525 0 0
13.11401488344968 13.19045443929188 0 0
13.20818656447981 13.35799841224684 0 0
13.58174374558428 14.40980750695921 0 0
14.47774872967105 16.26209791823132 0 0
16.33362621431291 16.78025546502307 0 0
16.83912784236446 17.68410838564928 0 0
18.00120255080175 19.5612296288618 0 0
19.57336793800311 19.59318586024531 0 0
19.61315666485415 21.01137173136097 0 0
21.15937961475811 21.95061484240785 0 0
22.06445286261247 22.7861903157831 0 0
22.82876992459855 23.23763330546866 0 0
23.30166485281063 24.43559317992906 0 0
25.02505302726916 25.25567417131297 0 0
25.28727679903006 28.94206503158733 0 0
28.94607252703478 30.05512039957985 0 0
15
0.5299498803711916 0.422946090098189 0 0
3.603448709038394 3.504952898125606 0 0
6.007483746858401 5.946592683997983 0 0
7.323507266993978 7.277854538261984 0 0
8.040061561785336 8.033627872283635 0 0
10.52683252908879 10.48927479778367 0 0
12.70852510538799 12.69064228544258 0 0
14.0023765839122 13.99105648974253 0 0
17.70305238300881 16.75066714415819 0 0
18.27842492642458 18.22979240937263 0 0
24.25032877955027 24.02777543393516 0 0
25.80766739890642 25.78802216437618 0 0
26.48509723422169 26.44708517992543 0 0
27.77668530412323 27.71976331733056 0 0
28.57291024313385 28.57133062167797 0 0
22
1.14242387911404 1.130964330583163 0 0
1.585939520468434 1.2293513063116 0 0
2.304130746561092 2.292946038878308 0 0
4.622417615873942 4.552022802773542 0 0
6.176833849234886 6.03392633190456 0 0
6.903307269401162 6.900858595969119 0 0
7.203827302563724 7.084080063687461 0 0
7.244735403657701 7.226308618032419 0 0
7.684321992135386 7.604543666980275 0 0
8.547225865549231 8.527608845096518 0 0
13.50619917388071 12.8822530500853 0 0
14.22307026819331 14.21732374066415 0 0
15.11144581887849 14.98778014609097 0 0
15.99513360268354 15.94620265413861 0 0
17.11575512188557 17.03689558338191 0 0
17.4324355198334 17.423363043967 0 0
25.69357182037206 25.47768138551876 0 0
26.64131570907652 26.34577835281665 0 0
26.79246708491396 26.76825991320358 0 0
27.57265206695355 27.42686152741511 0 0
28.36802453204414 28.34754334334301 0 0
28.63177954472691 28.59793471195283 0 0
6
12.48752958432744 12.44830401786366 0 0
15.54404639612643 15.50587958062489 0 0
15.83347322272257 15.81892233238014 0 0
17.9365383358938 17.89767387119673 0 0
18.75854782689815 18.7469956174078 0 0
20.93755896477345 20.86393141966023 0 0
20
0.008542671791811784 0.4809718031790418 0 0
0.6639776032063943 0.9947180325867127 0 0
1.020819344426997 1.322998233754407 0 0
2.854709901656069 3.294704662937144 0 0
3.344036143544192 7.683152725230094 0 0
8.749050576460647 9.084218646725171 0 0
9.323804736845601 9.51777426235696 0 0
10.4657320055049 15.39717475013025 0 0
15.42257333062995 15.60884593067471 0 0
15.83193348973978 16.46621908816287 0 0
16.5463149350561 17.96072802420203 0 0
17.99543971809323 19.19884657972757 0 0
19.21447168222963 19.62194167283669 0 0
19.68365637310888 23.25575954754233 0 0
23.26945647823467 23.63960811712644 0 0
23.65075883378608 23.87114248992921 0 0
24.00191653785853 24.42451860109108 0 0
24.53342893311131 25.39138926464041 0 0
26.08165838698092 28.97517220705793 0 0
29.69131807673806 29.78075274193711 0 0
21
0.1568340095822442 0.7676873473661061 0 0
1.249825355185192 1.298632954408918 0 0
1.61950026701136 1.80800306736957 0 0
1.926606324297017 3.241202434666224 0 0
3.432887585716235 3.507783325854201 0 0
3.605657480719584 4.790067506567775 0 0
5.124414536715825 6.551356347194857 0 0
6.562048359887569 11.01781179840756 0 0
11.1866717512462 11.76877964195367 0 0
11.88283478034767 14.13832329824614 0 0
15.46353599620037 15.62684270241211 0 0
16.1546866356797 16.88051276952978 0 0
17.11688879404508 19.8391228214947 0 0
20.93909497189556 21.39233838922132 0 0
21.40103397404842 21.49303797737212 0 0
21.67835850228746 21.92332772565367 0 0
21.94756805159271 23.74071006914528 0 0
23.7957063894647 24.29632908534409 0 0
24.32864034085974 25.86109618324202 0 0
26.00843689763463 27.77130914051205 0 0
27.80861120571599 29.99662460141955 0 0
17
0.4888143720020182 0.4101402861726342 0 0
0.7235769209577024 0.716518137931029 0 0
9.06395717482982 8.274654940689519 0 0
11.20233406443379 9.178259014457515 0 0
12.42220680533813 11.46265292073992 0 0
14.1224316367077 13.76364412520603 0 0
14.25536758548325 14.18240441680785 0 0
15.59408470216069 15.53688988005129 0 0
16.33682972355313 16.03463393598782 0 0
17.10805626861171 16.80097184837987 0 0
17.36241025758293 17.35495867609105 0 0
17.87239221036983 17.8613943313438 0 0
20.19069700396193 18.75789506314937 0 0
21.43262216544277 21.19506992258671 0 0
22.27527736579342 22.15050584025693 0 0
28.44217435822383 28.16982522160951 0 0
29.84211316367928 28.66104876911526 0 0
25
0.6075098700038915 0.4907788378264009 0 0
1.155991256231445 1.147407880186343 0 0
1.749364075126775 1.503572514910978 0 0
3.367210963829788 3.327046557288633 0 0
3.902957433055723 3.713325748737744 0 0
4.624919817541954 4.596354956692711 0 0
6.006028133865236 5.214151453049322 0 0
6.227679530533267 6.202560171857588 0 0
6.813056051196429 6.802262540349934 0 0
11.34823516221863 11.23712170478223 0 0
12.94075106125903 12.49938648331908 0 0
14.79888910512819 14.18561897449115 0 0
18.37885054301699 18.02679945949768 0 0
18.62516343818363 18.49235652070169 0 0
20.99834030631049 20.87184474045203 0 0
21.28288647837608 21.22240277283322 0 0
22.63433636636761 22.57015773992654 0 0
22.81927616916601 22.80943049769848 0 0
23.703741397068 23.25286480083057 0 0
23.92152333944682 23.81432129037835 0 0
25.43162491950062 24.38949138584253 0 0
26.32737713558303 26.02098998872934 0 0
26.84996473550047 26.77799988132736 0 0
28.27544510887717 27.61200579849122 0 0
29.62658244081682 29.50433805240485 0 0
20
0.3087993267505975 0.14629714240208 0 0
5.478603499989482 5.45036757453467 0 0
7.460606024663228 5.789025054960955 0 0
8.964792653140087 8.964593371843266 0 0
11.90403900450657 11.78245997825146 0 0
12.33271430812162 12.25582523067136 0 0
13.25921285414902 13.19402999297213 0 0
14.986077535515 14.82642381761598 0 0
15.84647293910397 15.8361258833683 0 0
18.50714988821369 17.40089273619561 0 0
20.47819908234496 20.46989295620277 0 0
21.49357045585018 21.42036198764021 0 0
23.38014239766213 23.37924619665496 0 0
24.87160416427437 24.85934357543449 0 0
24.93291365107017 24.89927368581962 0 0
25.46016877846838 25.40688622123526 0 0
28.09856682175706 28.05950819451791 0 0
28.54202752404782 28.27444945351768 0 0
29.01822748957215 28.80268116144332 0 0
29.44226595472999 29.18253952810712 0 0
