# Status file for ctqmc. Used to save all times t_s, t_e.
10
12
0.1444714441163555 4.742037774597668 0 0
5.171457656640905 5.342780555069705 0 0
5.672340358975415 11.54605814445201 0 0
11.57952936149111 12.11107494074438 0 0
12.14941553073736 13.36108931353608 0 0
13.60697674430668 14.37221721537376 0 0
14.38092588657232 15.07386444104252 0 0
15.23531280814589 21.86558848455008 0 0
22.07691866179722 22.34795663149291 0 0
22.38030976781249 22.51677345695881 0 0
24.78188174083648 25.16134699163429 0 0
25.26228018214463 29.79193800258692 0 0
24
3.86481571279344 3.853958285246893 0 0
4.788541807445889 4.753826003196064 0 0
6.177175877580551 6.143500198200098 0 0
7.949428811963479 7.826421570288749 0 0
9.742032930351415 9.650433692808965 0 0
11.45495439550351 11.32751999820345 0 0
12.18600807381466 11.95888980618531 0 0
12.22526939967696 12.20800792617258 0 0
12.43688061823265 12.24104265013782 0 0
13.45730272219159 13.40079692538101 0 0
14.21387411135163 14.1388916315118 0 0
14.71300580659723 14.65439255334401 0 0
15.55222369525849 15.18762958556137 0 0
15.93784220468689 15.77620626815802 0 0
16.39358061112887 16.35626519551508 0 0
17.88578787250165 17.76513500957409 0 0
19.03803267694893 18.62279818318182 0 0
21.5751702006217 21.35168630420752 0 0
24.79340515587599 24.52050693690007 0 0
25.05871504986384 24.92443110546592 0 0
25.32696248532726 25.30949476442401 0 0
29.37228318646913 29.0042592468159 0 0
29.76441072010628 29.74994918859235 0 0
29.98699237680631 29.91461416732853 0 0
11
3.97078254668443 3.947817747860813 0 0
11.73306660555404 11.3970999942205 0 0
12.70890758803579 12.66294438151069 0 0
16.13409107875306 16.08087840163219 0 0
18.73503892738881 18.40394277371155 0 0
21.5682176649221 21.55256339145948 0 0
21.71681197477384 21.64912097983527 0 0
24.84709145429533 23.69306267505668 0 0
25.72966555694825 25.7272171725783 0 0
27.19091575827567 26.84556204394523 0 0
28.25363074827012 28.2455891273969 0 0
14
1.141044951870028 1.088193921611396 0 0
1.19421115453326 1.184935773983517 0 0
3.259673951123203 3.209710881226506 0 0
3.663776053623338 3.345115872311506 0 0
6.765986134222158 6.461418480339189 0 0
7.802137872926858 7.424486587255021 0 0
10.89088539510015 10.56607773884061 0 0
12.39926338550503 12.25772161903341 0 0
18.97212583822997 18.69522113065559 0 0
19.54461978320479 19.4989492380838 0 0
21.4138387450336 21.38669252237456 0 0
24.9842557634985 24.95100136157097 0 0
26.28951812478854 26.25413388407717 0 0
27.25535299459997 27.23767558324804 0 0
16
1.371276478616426 1.145151456438391 0 0
3.868207177623143 3.85193100721944 0 0
4.126236678004743 4.096965711485514 0 0
4.981227912846776 4.969253374843079 0 0
6.311294024838483 6.175302072017837 0 0
6.477743130244136 6.425302957458181 0 0
8.805737748281622 8.473407248126346 0 0
9.477509768718441 9.445118281835526 0 0
10.67782798515436 10.60088904680186 0 0
14.6403778296107 14.14098268327857 0 0
17.82452624988007 17.6886889032387 0 0
18.89851741631903 18.23575279335085 0 0
19.1391142689757 19.08303586454245 0 0
20.93768512409095 19.98011497573025 0 0
27.06205614698239 26.90628201388355 0 0
28.37552723288838 28.36061492072579 0 0
38
0.9326278595363178 0.7548196465122921 0 0
1.639031114425401 1.493867580473937 0 0
2.315851306592886 1.921824808512805 0 0
4.032357907846532 2.419666753663179 0 0
4.781827549711739 4.710577848238049 0 0
6.207331196344369 5.38134268167882 0 0
7.164194506398564 6.614459853125114 0 0
8.345936129615515 7.841865448822924 0 0
8.385612738955359 8.361380953111304 0 0
8.623303151166166 8.520076335114005 0 0
9.16241728991257 8.99980056878001 0 0
10.14078983096567 10.05859093747717 0 0
11.20679296609376 11.18663987047309 0 0
11.4535077828154 11.44478783453493 0 0
11.67577171360788 11.587533925795 0 0
13.38926447766223 13.35943451985213 0 0
14.42225035981585 14.33292209349854 0 0
14.90092614858054 14.81959493487363 0 0
15.16910568013214 15.11399388597485 0 0
16.36315806233715 16.04001516404821 0 0
17.49134227165989 17.41140133031089 0 0
17.84548798207301 17.8218468915065 0 0
18.16181665414257 18.1535760239133 0 0
18.32544928863428 18.26817451227073 0 0
18.49989448882469 18.37148756357925 0 0
20.23481024112651 19.10112614852708 0 0
20.38497025272268 20.34983658680703 0 0
20.5081217574368 20.50307509543226 0 0
21.49823541147554 21.46308392269335 0 0
21.86544886504382 21.84456996021634 0 0
22.02914462882972 21.99654171315397 0 0
23.87017843209615 23.84477436071327 0 0
24.94723716234056 24.94654987600271 0 0
25.69227187570173 25.64950782452337 0 0
27.35332285730569 27.34837170399623 0 0
29.17521645345312 27.56769592490932 0 0
29.36860649173412 29.22795991675617 0 0
29.63691277820217 29.62608241699785 0 0
28
2.35540106642115 0.9968842866804785 0 0
2.902454222366492 2.83021443621455 0 0
2.994259249410707 2.947635191178072 0 0
3.695762838086627 3.63177695424249 0 0
4.339828250437915 4.260711679405336 0 0
4.56152652758094 4.429595914744669 0 0
6.730296151123099 6.490174034019444 0 0
7.393798643240727 7.144215747459069 0 0
7.825262536978977 7.551063404441395 0 0
8.399928593115106 8.396311395304512 0 0
9.619344834282341 9.51639926837966 0 0
10.2417484565745 10.17745250375368 0 0
10.52615691947858 10.48758755788124 0 0
12.70087586446413 12.50930888540744 0 0
14.071314024459 13.98803814741268 0 0
15.28625109719598 14.68082318497082 0 0
15.85700099306979 15.51538320057835 0 0
16.35288565530126 16.18424228562667 0 0
16.75817795229747 16.56243194263707 0 0
18.2080636603362 17.99616218741356 0 0
18.3584240325432 18.29200994279894 0 0
19.04199668390778 18.90240648790802 0 0
19.08251235336582 19.08128783490955 0 0
20.96285819190461 19.51884035862077 0 0
22.63064759903277 22.3822102214616 0 0
23.81353255869395 23.52068267899125 0 0
24.97906963683381 24.94467445095756 0 0
29.44958877950918 29.41596687847703 0 0
22
3.486160850657916 3.410475305978834 0 0
5.967472771033619 5.959099105873418 0 0
8.089128190132419 8.026274494318413 0 0
8.394658064479289 8.387974732421704 0 0
8.974622279050683 8.398690239733632 0 0
9.864251254420042 9.775326302737964 0 0
9.996232053179703 9.974505745738485 0 0
10.57401774132988 10.52201620365052 0 0
11.71812926989395 11.606194612908 0 0
12.64143628891382 12.6025416102366 0 0
14.28467869124911 13.93127612488597 0 0
14.57389603846012 14.38254421570163 0 0
14.82662725242441 14.7207712944489 0 0
17.25090736742035 17.22658833493642 0 0
18.11600129807812 18.07770519117158 0 0
18.89001875625238 18.8758700380668 0 0
21.16212076680039 21.14172892914118 0 0
22.73903011260636 22.69892226736238 0 0
23.30356731292691 22.8326903236249 0 0
26.58832067164601 24.91987919876405 0 0
29.33656902339612 29.26751542714564 0 0
29.71480554874469 29.714702025756 0 0
28
0.7111433198945911 0.3190213188494872 0 0
2.598619900363128 2.530654013883684 0 0
3.952353405181994 3.878490483531914 0 0
4.099837085495363 3.990800463244583 0 0
4.873374973815539 4.873230200874807 0 0
5.1895582882054 5.024572848082999 0 0
6.072070185999416 6.056070968559203 0 0
7.728196785282995 7.632192221831088 0 0
9.431230633368493 9.355805660029063 0 0
10.09785948905122 10.01992717418204 0 0
10.91960867971666 10.89646997673333 0 0
12.28639236557757 11.05194602284792 0 0
12.56563377845258 12.54490254674411 0 0
14.37149355312526 12.71560190572467 0 0
15.6804166311449 15.31952034538625 0 0
16.69499243267009 15.93623165322452 0 0
17.7537985908543 16.97922883439743 0 0
18.57099661986068 18.49244471313677 0 0
19.36107743668417 19.16546184014558 0 0
21.80350190128243 21.74046639477315 0 0
22.7016174821757 22.64307832889574 0 0
23.8579788187992 23.74909046512119 0 0
24.43640194685441 24.42211829981313 0 0
25.79862406292611 25.76553829783384 0 0
26.78169073540293 26.76512118151677 0 0
27.87539636497265 27.11383426520524 0 0
28.62864039370804 28.17273466495263 0 0
29.18661537346147 29.01419504290823 0 0
14
2.099922795416047 2.099758170669698 0 0
3.737831533886067 3.428937318435268 0 0
4.531106225365608 4.294212121503602 0 0
6.161952502684604 6.157084605597047 0 0
8.662260855764339 7.142044696532039 0 0
8.919931226861303 8.822026481288329 0 0
12.09017741632561 11.77192501271931 0 0
14.30252653184956 14.29919191087366 0 0
17.37983833521967 15.20620388186165 0 0
20.28148290160967 20.22224752812986 0 0
21.54590270425083 20.91815924536485 0 0
24.00441172504929 24.00036733917577 0 0
27.44843616723668 26.46196114351885 0 0
29.75385246040976 28.53450031047193 0 0
