# Status file for ctqmc. Used to save all times t_s, t_e.
10
25
0.4963043068778781 0.205748789989574 0 0
4.698723127605326 4.280348252676842 0 0
6.616644060049762 6.596828721530426 0 0
7.714142412377133 7.676667586195538 0 0
8.159938404936151 8.056605143638986 0 0
9.777224481877498 9.756926735941832 0 0
12.35559181242481 12.12236629776521 0 0
12.71217615485575 12.66028115591022 0 0
13.51493702314347 13.45093988266015 0 0
15.11894723855176 15.10623608960729 0 0
15.56885486502764 15.55745621261195 0 0
16.42721928857133 16.31102112117935 0 0
16.66440628236932 16.62723945496522 0 0
17.94339929465665 17.85320004649929 0 0
19.22327911990878 19.07613145262398 0 0
19.52853772552449 19.41481266462569 0 0
20.51207238964344 20.4993370392179 0 0
22.8235987165387 22.74148772277357 0 0
23.94235501734611 23.73094570825243 0 0
25.36813318019506 25.14536615949891 0 0
27.38547262467075 27.32889025336084 0 0
27.61101495636725 27.60997546691673 0 0
27.92207544156129 27.8461342514628 0 0
28.34425074043671 28.33690184582215 0 0
29.25583178940044 29.10161983906175 0 0
15
1.116891285337566 1.03473697820024 0 0
4.238990280517467 4.20468214779808 0 0
5.09116316371693 4.348993271862001 0 0
5.880620784260677 5.280819733618161 0 0
7.855947471602835 7.785794190332941 0 0
8.748903113766302 8.510881359640502 0 0
10.46325877820777 10.42623551971666 0 0
16.7601330084074 15.69607657416936 0 0
18.49030505350035 18.4673696781629 0 0
18.93002457158253 18.82510090320062 0 0
20.83247337745162 20.80679917511443 0 0
21.31888127220031 21.26185093813744 0 0
22.43400605968242 22.40195995728473 0 0
24.43601425463751 24.21576615469066 0 0
27.99156970461704 27.93276016752914 0 0
7
4.185783913955595 4.180762908910927 0 0
6.652312180458468 6.600010891163646 0 0
7.760648693047181 7.749617562027876 0 0
12.2972745957169 12.27155234721379 0 0
15.07610577602057 15.05769980691153 0 0
17.61559257041155 17.52692976160317 0 0
21.27400541304047 21.25953519037326 0 0
20
0.9752879674267203 0.7434184936051444 0 0
3.904188007880509 3.899005393251768 0 0
4.614024226246796 4.510022230169509 0 0
4.849953660482574 4.818124659584896 0 0
5.596270943936177 5.524299131943826 0 0
6.287892175742352 5.746952736483248 0 0
6.452368413438154 6.344559595874212 0 0
6.83365256272773 6.804277568967966 0 0
7.158603785964486 6.906057554502614 0 0
7.747030540109668 7.737118473479277 0 0
11.41944701728058 11.39922422311396 0 0
15.14814920223055 15.04065356601665 0 0
16.20478013232772 16.11206805241719 0 0
16.63133167717038 16.61943071965037 0 0
19.74851964498282 19.74094677394151 0 0
20.06152208716794 19.99960671384357 0 0
21.62422413381783 21.56552552411852 0 0
22.46577347923804 21.90425767940864 0 0
25.2950033067811 25.29128778870502 0 0
25.54833836215457 25.29558112465069 0 0
10
1.907984294232465 1.884816381497536 0 0
4.747492650331703 4.742304414253125 0 0
4.779094701949146 4.773205928315695 0 0
6.256105433532031 6.090181121545536 0 0
11.76521197392333 10.75964331624149 0 0
14.81167729243482 14.78047064380347 0 0
17.2418511643392 17.17479214020405 0 0
18.85747491586295 18.84695970038513 0 0
20.61348429810439 20.59516468944298 0 0
25.09634935621034 25.09615348813293 0 0
21
0.2063979408395866 0.1260054393427872 0 0
3.171059689448977 2.936529121752344 0 0
3.33783965993683 3.240117725314037 0 0
3.558727851239258 3.352768934077475 0 0
5.316220120149739 5.270989232615355 0 0
6.138343432719063 5.815539401155048 0 0
8.028733001869901 8.00530394237202 0 0
10.13263164052854 9.195440736006686 0 0
12.10885040974926 11.92428876983436 0 0
12.97930885393997 12.9212657791332 0 0
14.16233789520167 14.05482839230265 0 0
15.38700908114424 14.18374513701776 0 0
15.63379441568569 15.62882049264227 0 0
15.90253117684363 15.86707317477041 0 0
18.56722689381523 18.44519597656389 0 0
21.80629251602725 20.83043051688751 0 0
22.53571967398881 22.4239408455032 0 0
23.79886005126557 23.20855534685732 0 0
26.27438554697654 26.2313963317354 0 0
26.82964671576652 26.54464773313444 0 0
28.29089553468649 27.00460412296554 0 0
28
1.119563640487815 0.7210381669636057 0 0
3.036158314337964 1.216873487986838 0 0
3.482421671838059 3.460709179210812 0 0
4.454976281877759 3.780300074190331 0 0
4.930451461957605 4.906380166061662 0 0
7.329615962092674 7.180421267659001 0 0
7.438668178747819 7.430111676111383 0 0
9.416172243286725 8.596992021026834 0 0
9.918503454279504 9.462087122749796 0 0
11.53066696155583 11.49002470427143 0 0
11.61247963055269 11.59343456916677 0 0
12.56173872592295 12.20038884116712 0 0
13.28979990817329 12.89912833865322 0 0
13.36402264322122 13.29518428835276 0 0
14.6858439015223 13.45333989444525 0 0
14.94414706618553 14.71772145720327 0 0
15.4419373579722 15.41238392760362 0 0
19.65357550781854 19.52440632055622 0 0
20.38215507995564 20.11347703433283 0 0
20.98734432402127 20.96128999491397 0 0
22.20008197615383 22.11816454271804 0 0
22.44637554278035 22.38957329302384 0 0
23.73662557687825 23.71477716093422 0 0
25.07869285273827 25.03792822031564 0 0
26.15855287215005 26.0356795054142 0 0
27.74146705202648 27.55368873053213 0 0
28.35273184957443 27.92570124772863 0 0
29.32056315663045 29.02662485852427 0 0
21
0.5737261765631345 3.40403224220739 0 0
3.44507636450412 3.786861772536613 0 0
4.212509773239881 5.224018963790716 0 0
5.315728810620823 7.039035088625489 0 0
7.073218282137111 7.336228667746683 0 0
7.393492403851036 9.013388496721026 0 0
9.024602576205801 9.20164979193517 0 0
9.206284019319263 10.69840573865919 0 0
10.79534936484482 10.80758220545986 0 0
10.96227346099462 12.70864640334377 0 0
14.29099698548215 14.43190115054348 0 0
14.49921188616647 15.34740331956576 0 0
15.38788862116893 15.50539790194005 0 0
15.59774023818028 16.93270648448275 0 0
17.41651867313698 17.6749229989589 0 0
18.40416723925092 19.61814521422533 0 0
20.4852624274011 25.23375725795125 0 0
25.23471631920633 26.17729385585438 0 0
26.5727666423482 27.14346227609493 0 0
27.19091613926954 27.54073405556201 0 0
27.83073747366367 28.34024739641499 0 0
25
0.539626538521752 0.2789494873215119 0 0
2.944616903990306 2.824122985884229 0 0
3.102040117146843 2.984253027091549 0 0
3.473303448118334 3.459335743524259 0 0
5.11119728712215 4.699231765610241 0 0
5.231414418001666 5.198488447040772 0 0
5.498864580138253 5.410905332547968 0 0
6.593483510978176 6.560248052527704 0 0
10.13753641423724 9.690965409398594 0 0
10.34336979124168 10.30703052918824 0 0
10.52933390957611 10.48384474544004 0 0
11.06401371709581 10.83885630907939 0 0
14.06356681693741 13.90153640520411 0 0
14.90661767825186 14.27686649962611 0 0
15.44438513323817 15.35211957198837 0 0
18.40276681981375 18.09232045602955 0 0
19.0698027967474 18.60883238288471 0 0
21.40574135508521 20.99048211959033 0 0
23.17698787197146 23.00873752776615 0 0
23.56527504359203 23.47063337951794 0 0
25.52731370602038 24.03927332383398 0 0
25.92850159774101 25.72498466138455 0 0
26.27589875346863 26.21469089163124 0 0
27.22690322048481 27.21237983338914 0 0
28.75673887141831 28.73569582854902 0 0
17
4.532689774508726 4.423741347980297 0 0
7.552272959228306 5.911056165171352 0 0
7.968725151084251 7.60562871173316 0 0
8.699011523659635 8.68228132182692 0 0
9.206106530486705 9.203358599142474 0 0
12.75857425880274 12.48840077383699 0 0
17.22674900507187 17.20043716102409 0 0
19.09422457241103 18.88583809431227 0 0
19.87386883938567 19.87164395406645 0 0
21.5577507079223 21.45420036424726 0 0
22.63768681122604 22.5021646694168 0 0
24.42745095145379 24.41235248665014 0 0
24.86836901485065 24.83602580243643 0 0
25.75035397395161 25.73962826110204 0 0
26.28380405899914 26.13339734687102 0 0
26.63407425356276 26.58534291939858 0 0
26.8633667701756 26.83900455825394 0 0
