# Status file for ctqmc. Used to save all times t_s, t_e.
10
15
0.2583711863133047 0.196002863780663 0 0
3.011067192679674 2.9602370467645 0 0
4.684718142353843 4.088673203322381 0 0
5.363119606167827 5.240367515603038 0 0
7.8378690124058 7.794057781799324 0 0
11.0345899066429 10.73852705751533 0 0
16.75370441063706 16.71494170147139 0 0
17.65390375068893 17.63818835282223 0 0
19.96316558114228 19.18315168675855 0 0
21.87587732294126 21.85243165012869 0 0
24.02228214865532 23.97341278048417 0 0
24.16948192395584 24.10489483090902 0 0
28.07459342888139 27.97408058948466 0 0
29.09695919640665 28.41145361097593 0 0
29.62676624010229 29.13470473319686 0 0
18
0.7251687825517585 0.5166749655005276 0 0
3.4078764348538 3.033643024491042 0 0
3.69771474619159 3.694092856412366 0 0
3.891855094845512 3.779641784015858 0 0
4.323178879470605 4.255113123365478 0 0
10.51805498439771 10.51573602819447 0 0
12.12440444753958 11.96888949200001 0 0
14.89488830006811 14.88989682451777 0 0
15.16694312888294 15.16485608570346 0 0
16.32673222023281 16.06659984075113 0 0
17.10490020776516 16.62883213309012 0 0
18.82162817128655 17.89643983026354 0 0
19.48096284007985 19.48065910556317 0 0
19.94185461634186 19.89207095223494 0 0
20.90364442417631 20.80881737048457 0 0
23.2021190549788 23.12850451232125 0 0
28.78751470673266 28.40965862675801 0 0
29.05256884082258 28.97719189721818 0 0
12
4.661416239284576 4.647981206693317 0 0
9.18548232362893 9.021776793222843 0 0
9.803024236807952 9.774032826291252 0 0
11.22330038856949 11.0589328761877 0 0
11.72953103542178 11.55146546030562 0 0
14.44662418194681 14.42655587396779 0 0
14.63196422541042 14.51062481820217 0 0
18.34951784610074 18.25582496248356 0 0
19.21311854957676 19.15007806646279 0 0
22.50995507735467 22.5087956102566 0 0
23.26836725996881 23.21503521428169 0 0
29.03851893140577 28.98275172642674 0 0
12
2.427391591654722 2.136531581210495 0 0
3.833281074538327 3.691777084251576 0 0
6.12240902784497 6.059545507817217 0 0
6.806402289937246 6.77508310948275 0 0
10.2527987906179 10.17474318161788 0 0
11.474542217158 11.19004330945506 0 0
13.29935932764449 12.70526368631919 0 0
15.30971325670245 15.11154227431926 0 0
15.75242891769301 15.68651740162018 0 0
17.45363812698129 17.42058822504736 0 0
24.70021114294469 24.50244627416231 0 0
27.0648652102182 27.03329618300431 0 0
16
2.979000124355282 2.715244524084877 0 0
3.839696399921671 3.02022510843178 0 0
5.164713560662817 5.008032284937875 0 0
7.673432109369447 7.406979127994893 0 0
9.492561617613855 9.463306071759863 0 0
13.07283689133414 13.01500563440656 0 0
13.25414512751991 13.0876976381119 0 0
15.04442268588269 14.99503622724357 0 0
15.68467771979784 15.53721360116249 0 0
17.1972825165917 17.13635236512639 0 0
17.47252101813791 17.37958498305126 0 0
22.80036425973445 22.77287671645446 0 0
24.82681111323663 24.81933877406286 0 0
26.26430050814126 26.25149259757977 0 0
26.70031748339388 26.6217347825766 0 0
27.18513772603238 26.92498193336748 0 0
25
0.5800265750547569 1.066956265069661 0 0
1.394916348349541 2.689296744636527 0 0
2.728618157512581 3.129589791106337 0 0
3.173494063802497 4.838465304296193 0 0
4.891621801926186 5.588256576421818 0 0
6.746955118460859 6.892418191332366 0 0
7.082394670121163 7.920573237124072 0 0
7.952768634042168 8.482671625630235 0 0
9.046729108741067 11.04375888476193 0 0
11.05171967091817 11.72581776434804 0 0
11.90385559336599 13.67910556657826 0 0
13.79368106709006 13.90577376969723 0 0
14.0722605135858 14.35102725549257 0 0
14.35654772295626 15.2131950561053 0 0
15.48056364645489 15.72307530846151 0 0
16.47869577819093 17.15409459421029 0 0
18.53071035481583 20.08447328420344 0 0
20.49171042927914 20.52048311816903 0 0
20.57917004240402 20.72627223520051 0 0
22.96809196110944 23.33157370412901 0 0
24.50065064897134 24.58271356359185 0 0
25.44861776622608 26.32781344628049 0 0
26.47591050075568 28.19451560203589 0 0
28.32399688392759 28.98783760836364 0 0
29.01757808002375 29.2114053726072 0 0
24
1.055570007699797 1.491699548370964 0 0
2.243139347736916 3.922076460282175 0 0
5.320891347910932 6.873449734060785 0 0
6.921688288266587 8.871230992832162 0 0
10.45751786690298 10.53073566755797 0 0
11.05079570298444 11.45830196085095 0 0
11.49346544862826 11.52407626027646 0 0
11.88411149060528 12.0804442616932 0 0
12.09124632877866 13.81884126755655 0 0
14.33345050420693 14.78486213927846 0 0
15.85968750650369 16.94480043683193 0 0
16.99266255925046 17.2776360156025 0 0
17.59399269229355 17.92081283607033 0 0
17.97501548687544 18.07341383458203 0 0
18.13330042318602 18.17397385965052 0 0
18.20546989105651 19.6119109940625 0 0
19.65688148859696 19.76137839992253 0 0
20.81899634091735 21.69946905001333 0 0
22.65444769207228 23.11831231178064 0 0
24.50446314014597 27.66933080678872 0 0
27.88944716716382 28.29922586137217 0 0
28.33668608207433 28.57993280044459 0 0
28.60333729733973 29.5772163936295 0 0
29.77407760591426 29.92994341464301 0 0
14
5.927206679863183 4.756764839037825 0 0
7.906936261381559 5.959666444001948 0 0
12.61738595843377 12.59909558510562 0 0
13.110288673949 13.01980529927383 0 0
16.15010296826691 15.65306706302329 0 0
17.16830715129936 17.04963471243953 0 0
17.38606125545278 17.29896443844326 0 0
17.57089876081082 17.56343430824682 0 0
18.12573652632666 17.86549389777472 0 0
19.36041484930348 19.1122641645453 0 0
25.03876556666154 25.02872005765787 0 0
25.40598834891385 25.30335321686185 0 0
26.40767709719754 25.76969639247046 0 0
28.96082858099463 28.9424067278491 0 0
29
1.02087640520882 0.7462191292305631 0 0
1.298853012500544 1.024376658812721 0 0
1.760154196963808 1.31957740216529 0 0
3.229859164412917 3.180099529114259 0 0
3.746866723923253 3.741493072683139 0 0
3.842116181343897 3.814814957635414 0 0
4.132196824059061 4.082507215180285 0 0
5.220735639582439 5.177163997848482 0 0
6.404230064088248 6.359746976296973 0 0
6.771782997711352 6.767119176846087 0 0
8.752517633899092 8.203496084677916 0 0
10.92044237730738 10.8137980870263 0 0
10.96361725535078 10.93386587515835 0 0
11.52848612487237 11.48938703728162 0 0
12.54742283208057 12.14980542352017 0 0
14.39784713121097 13.89822190588499 0 0
16.00545019775098 15.77088633897769 0 0
16.63952330959107 16.2820628034542 0 0
20.50572523915948 20.4883894529783 0 0
21.62866264669939 20.63886668572199 0 0
21.78982415927846 21.77405694010478 0 0
23.11877262114629 23.11379639788634 0 0
23.67731635695877 23.52519006164531 0 0
24.7118222990389 24.65206386943112 0 0
26.68042187404851 26.40845023971995 0 0
27.39731146979723 27.09802325092208 0 0
27.69549132222276 27.65573317159407 0 0
28.07050772582118 27.92263197238926 0 0
29.18099534222095 29.10107219914715 0 0
11
5.124300370917474 5.119885729468049 0 0
5.252665197007257 5.194999036603394 0 0
8.234377335501005 6.278222740609058 0 0
8.478221845040142 8.477532230272852 0 0
11.49989175669216 11.33114231928552 0 0
12.05005260140249 11.90217423089614 0 0
19.86579851035048 19.85777922427511 0 0
21.32102111910073 21.12277305938245 0 0
22.005683520083 21.87216890555891 0 0
22.83475336961202 22.79992858257208 0 0
25.50338506239752 25.04300185322712 0 0
