# Status file for ctqmc. Used to save all times t_s, t_e.
10
21
0.1242680841951973 1.036808539350101 0 0
1.085057490451742 1.976169636135787 0 0
1.998634225550948 2.868266429547547 0 0
2.921851315811792 3.456939607079497 0 0
3.470024942539911 5.579174400587861 0 0
5.633873377729949 9.242474273135393 0 0
9.293194707091617 10.65050727062675 0 0
10.72239671478278 12.10276195106574 0 0
12.26624446780291 14.07238339624031 0 0
14.08094817094254 14.71327963344585 0 0
14.71479408609706 17.26386952883279 0 0
17.33234041355483 19.31615643018405 0 0
19.33900326184234 19.72824152518401 0 0
19.74613842762255 20.80196213951702 0 0
20.9155037457932 21.75379996765358 0 0
21.90896607325757 21.99059629250264 0 0
22.0732362008226 23.38100446954067 0 0
23.75436839900438 23.97109371970512 0 0
24.23861421704574 24.58559569099122 0 0
24.66001974020369 29.72706445138687 0 0
30.0257566154834 30.03653130999367 0 0
14
2.832290973203354 2.782769431609115 0 0
5.430688335727072 5.375190644720163 0 0
5.984980114380731 5.971167434182513 0 0
8.698139902428121 8.690117595007099 0 0
8.734418437504241 8.698760528723858 0 0
11.96005147682314 11.8617203741747 0 0
16.278508808067 16.25297647059605 0 0
16.9428326703796 16.59403229608265 0 0
18.37008774637904 18.3431121132041 0 0
19.38169318584955 19.2432591224353 0 0
21.26764932210896 21.07959505423881 0 0
22.98774651890152 22.98147122969361 0 0
26.32018798266708 26.25695096846877 0 0
30.0322123841211 29.78462279430227 0 0
16
0.7555217591515411 0.7186436409574869 0 0
1.419235518902422 1.419105822974504 0 0
1.947065939348442 1.821359187330124 0 0
2.054422335083988 1.976985480164161 0 0
3.131659794586512 3.095693985169491 0 0
5.174948816052021 5.116832588461883 0 0
5.609780246784324 5.416693620031195 0 0
6.420645136061098 5.748882604247362 0 0
7.742934631580356 7.688280340092238 0 0
10.48127061632986 10.29281816728948 0 0
12.028255863318 11.80116633066254 0 0
12.25281139908493 12.2093347190198 0 0
12.81395047235856 12.70684703683701 0 0
13.48523709562188 13.47791502641039 0 0
25.04949729662333 25.03952480046097 0 0
29.55938172590167 29.24868734778797 0 0
14
1.419777499367884 1.292254411811945 0 0
2.389751902036777 1.79667242466104 0 0
6.419563238814572 6.376073831689394 0 0
8.504446352733414 8.176116780544001 0 0
9.085729835017405 8.753110954236256 0 0
12.07986106237538 12.01583315741843 0 0
12.38065503467144 12.36566843536358 0 0
13.29176612495519 13.05391924229209 0 0
20.7250360701985 20.61397650270523 0 0
22.79553932719749 22.47166712146048 0 0
23.52073467163044 23.47292290939464 0 0
24.94786752050452 24.94541683230346 0 0
25.55964371463026 25.27799235655796 0 0
26.9988638263246 26.97339016675738 0 0
15
3.546855549093284 2.781789802317082 0 0
4.813284702464781 4.338024310616436 0 0
8.319833609754923 8.221668073202261 0 0
9.151732689324005 8.633147731959992 0 0
11.26105108734336 10.74211558403795 0 0
11.77879170446766 11.71621363589379 0 0
19.85308814261925 19.7768181319909 0 0
20.44763871811909 20.38241125975728 0 0
20.99364680493611 20.99186431807337 0 0
22.17207319665131 22.13423558120896 0 0
22.45288192542853 22.41356482137916 0 0
24.71765696158708 23.30077557027638 0 0
25.89838528927378 25.23998554219601 0 0
28.05527320286674 28.04206111167385 0 0
29.73495512503779 29.62860063397983 0 0
22
1.676621577292001 1.154230790203958 0 0
3.004590029294597 2.979832158527791 0 0
4.034954758869435 3.643221437702868 0 0
5.015748294480053 4.547659708757623 0 0
5.20082197526863 5.038935189747548 0 0
7.532433339306679 5.86784363326816 0 0
8.228129565097275 8.148423265927724 0 0
8.999711130006949 8.809015158312446 0 0
9.445825190370771 9.426412897592751 0 0
12.10678986673623 11.94372458545074 0 0
12.47007362278682 12.32809759663532 0 0
13.34614473479197 12.89303433665118 0 0
13.51831191993008 13.37159607826271 0 0
15.39000532953009 15.30735336049921 0 0
16.53486379791405 16.26941031332276 0 0
17.19207441564617 17.18003770053138 0 0
17.63770542278094 17.61286356344097 0 0
21.47853617515556 21.44374322513345 0 0
23.53596379376489 22.4910814915513 0 0
23.97841339534177 23.89083820699776 0 0
27.57614620509258 27.51466523844265 0 0
29.37991244771418 29.37439311670429 0 0
21
0.4292183772860391 0.07399677058758414 0 0
1.552319301932457 0.4753640567207426 0 0
1.889033852312882 1.820131191051725 0 0
2.271676518074564 1.976705318220668 0 0
3.309260098901829 3.054481364501016 0 0
6.519690664534344 6.41191865435972 0 0
7.138040037471525 7.117115680830174 0 0
7.329926743844075 7.26940385352776 0 0
11.50718091920092 7.706024422496395 0 0
12.92326172026323 12.63095286281449 0 0
15.90123858351482 13.02967804705612 0 0
16.61841402456732 16.13748781677508 0 0
17.05483529864351 16.94427920360978 0 0
21.4639229985399 21.45192772063329 0 0
21.74000959051901 21.71192603077243 0 0
23.32587337953037 22.62070087587784 0 0
26.04773640960726 25.86913717968942 0 0
26.56349776864158 26.20131129216827 0 0
29.05723026353323 26.84406777620768 0 0
29.38181786232614 29.36841570288464 0 0
29.64654567414147 29.55081256492457 0 0
14
0.6858452405247562 0.6375356338010776 0 0
3.178909635246465 2.730520095672095 0 0
8.145020221518543 6.847682372754512 0 0
10.47442630210396 10.28848268628651 0 0
10.64297276529643 10.63707947794308 0 0
12.71962473018485 12.27301207772384 0 0
16.83765212322555 16.54114243465101 0 0
20.41548272005412 17.0993527085795 0 0
25.3957552209654 25.39453412263786 0 0
25.60798259167062 25.58013270964598 0 0
25.98389163601357 25.98068844100572 0 0
26.46407296631926 26.46284779610107 0 0
28.25583195700574 28.21414771553642 0 0
29.29599291713055 29.25722806412284 0 0
28
0.5915399822967728 0.3183819738719507 0 0
1.369966886903933 1.246272622185053 0 0
5.369306551974766 3.561396524045872 0 0
7.237207010111619 7.218161262021598 0 0
8.709422738084308 8.689398386017091 0 0
9.901815225565526 9.455088960824028 0 0
10.53055719321636 10.10471770522595 0 0
12.74812790744746 12.48026666428065 0 0
12.96487213490255 12.86550093526435 0 0
13.4888935197685 13.46412337931214 0 0
14.90851246937348 14.90235027980193 0 0
15.85730436258211 15.55900483007938 0 0
16.04917108439177 15.93858679982446 0 0
17.23476688486016 17.20583392424705 0 0
17.53616512684669 17.50971837404062 0 0
18.65604374389875 18.60422687355582 0 0
19.35677636371074 18.75324743338207 0 0
21.64777418037309 20.81450535738454 0 0
22.09673718659349 21.93716413537805 0 0
23.26950453846941 23.25568742560563 0 0
24.14625625466303 23.91445613686581 0 0
24.99310239548845 24.87136458978823 0 0
25.37406106755431 25.24261075464907 0 0
25.72379092636111 25.59761857216373 0 0
26.93461890482775 26.88918935013499 0 0
27.16445167753843 27.08336154289738 0 0
27.80296093988 27.50269030765762 0 0
29.11227660588467 28.01713310939946 0 0
24
3.160771417148236 3.131182897214163 0 0
5.907004901098456 5.904647793689993 0 0
7.054926471287942 7.021067979142615 0 0
7.730362439848306 7.60297044869135 0 0
8.750552988200811 8.71728401051358 0 0
9.509647788287639 9.483886877260133 0 0
11.23442898168098 11.20302650422662 0 0
11.95245091754324 11.40542226649882 0 0
12.03452429575341 11.95317086768048 0 0
12.32060172083557 12.3201402615648 0 0
14.43414216380985 14.43249840082099 0 0
15.14600411159482 14.80936037368489 0 0
18.56311046222628 17.78917414085794 0 0
19.47698299850684 19.41156536536799 0 0
19.79456142396146 19.57036781853483 0 0
21.57009226965931 19.84311988887685 0 0
21.83000365249509 21.7983034495575 0 0
23.19220886118281 22.56838563792687 0 0
24.50484772907413 24.49209798975373 0 0
24.8724434113768 24.60929507983989 0 0
26.10016205954661 26.09953726959207 0 0
26.84562235826296 26.45866618608966 0 0
26.940002688935 26.90638958876275 0 0
29.27570310923941 29.25784033463204 0 0
