# Status file for ctqmc. Used to save all times t_s, t_e.
10
22
1.828475511831854 1.752418628603525 0 0
2.304266134598208 2.240151141267972 0 0
3.321937128728148 3.287513831366551 0 0
3.856855351407677 3.855208356234355 0 0
8.716105688525989 8.655346617259708 0 0
10.42754123307712 10.42588387172249 0 0
11.87613229722726 10.83287711336378 0 0
12.88228167628891 12.81583247274032 0 0
13.48613015599288 13.19662656450017 0 0
13.73883174014804 13.52322298773995 0 0
15.05239391955249 14.90549247433722 0 0
15.16178967060576 15.14497624187435 0 0
16.26575507552226 15.53422491423503 0 0
16.62621681034148 16.624707870949 0 0
16.83013491779893 16.81650516728743 0 0
17.53537272675707 17.40437261617913 0 0
21.43356679264356 21.38503379521715 0 0
23.30155837046021 23.29767195464165 0 0
24.16120910814432 24.08453378813433 0 0
24.99246593208547 24.98163308855859 0 0
25.95350964162154 25.72894894433141 0 0
27.45424761806533 26.79722336118726 0 0
18
2.122155662630319 1.950393179007174 0 0
3.122053647207612 3.103482860555126 0 0
4.509171435516619 4.487178177649808 0 0
7.599815876953654 7.510167126858235 0 0
9.682713169383449 9.675091752650102 0 0
17.40913856588347 17.38535688010892 0 0
19.09191483645759 19.05091353861974 0 0
19.31668881000959 19.2359512445125 0 0
19.81576153271878 19.74156353331768 0 0
19.95892956445352 19.85982608029986 0 0
20.33344517409172 20.31194302550167 0 0
21.22048885649106 21.16766123152632 0 0
22.41968309567341 22.40864314950004 0 0
23.01652858325567 22.86571718402469 0 0
23.12367084791805 23.095080021116 0 0
25.09150395391812 24.94123928700071 0 0
26.20610113963132 25.99525195465241 0 0
28.89120039689988 28.75025678790514 0 0
7
7.506378331402559 7.391649986624155 0 0
8.639826119147333 8.57149054389777 0 0
14.27772754872938 14.20509882762612 0 0
15.81302279443626 15.68495857435194 0 0
19.17814748122619 18.96708467131933 0 0
21.70530109779711 21.5235319562618 0 0
28.23380995307987 28.17770912869342 0 0
23
0.6178473491752908 0.5276531791818948 0 0
1.736682609443225 1.527687480602185 0 0
5.454041892235344 5.237130817568586 0 0
6.683720978808018 6.665836524056718 0 0
6.894718452654033 6.773572272228175 0 0
7.451118182709568 7.331068289256376 0 0
9.51977181677732 9.445669232005859 0 0
10.31694719223097 10.13337014567687 0 0
10.74512882196937 10.40240532459618 0 0
11.85224711565469 11.67009531315917 0 0
12.6656271651339 12.55745319162913 0 0
15.43727076480643 15.43448272287811 0 0
16.00526189071095 15.93329483169218 0 0
20.04495737671416 20.03697980987749 0 0
22.27919589306649 22.15133364823926 0 0
22.91444487153086 22.60841891382527 0 0
23.97773651816585 23.81158865687182 0 0
24.22870039757685 24.09846488744869 0 0
24.56600141406391 24.44364346362204 0 0
25.44635255840146 25.37401246448179 0 0
25.81933702000687 25.80789696231209 0 0
25.98222341310442 25.92774306112474 0 0
26.53432415880992 26.48821215445886 0 0
13
1.656437809908488 1.402671430945979 0 0
2.893808594216305 2.837761222728568 0 0
4.039228370482955 4.038113377851866 0 0
6.012745343918521 5.980669785863498 0 0
9.300139832056344 9.235840507000573 0 0
13.46849608236648 13.3740072140627 0 0
14.58728609031397 14.5799867904248 0 0
19.16709786635776 17.56434261348446 0 0
21.23910931711877 21.19452990047706 0 0
27.31703302383158 27.30886494539412 0 0
27.40254955494672 27.38478172999423 0 0
28.65958588671992 28.53981571936283 0 0
29.07391668134371 29.02022911473003 0 0
24
3.648296973713549 2.350287308054599 0 0
5.017192432688207 4.848805634848196 0 0
5.83085404818945 5.126329202397474 0 0
6.248178616511448 6.150088259471061 0 0
7.012358610574003 6.30933093922214 0 0
7.622532546241199 7.132399941344321 0 0
8.865412102487682 8.327539344104661 0 0
11.08891423100826 10.50241510494677 0 0
11.38895693274271 11.23372555597084 0 0
11.98911625445164 11.96045917164335 0 0
12.16948804968253 12.14693478818829 0 0
13.14180084546467 12.43516324178172 0 0
15.88142989146052 15.87914098747767 0 0
17.06750272329572 16.95595544921379 0 0
17.4019641983758 17.35221632062328 0 0
18.34248212446944 18.12999008483186 0 0
21.20858128167368 20.96695067600949 0 0
22.1562960477726 22.01705301787261 0 0
23.22937557820796 23.04920062485463 0 0
24.01680786154328 23.27267286758068 0 0
24.69122545107202 24.62241883038487 0 0
27.68541769147033 27.65073620079225 0 0
27.92980265297036 27.90279243736307 0 0
28.4989378071134 28.40478432414219 0 0
23
0.02425750535197224 0.1765740191965435 0 0
0.4271711189853713 0.5246704122085215 0 0
0.5639342347430211 1.662409900592899 0 0
1.786746648542652 1.906583494647239 0 0
1.955210541001713 2.934209300140488 0 0
3.024135617257578 4.885092730711449 0 0
4.886996707200967 8.319440989204002 0 0
8.332357719356459 8.420583291631349 0 0
8.597047062956786 9.063009888624222 0 0
10.30281220573442 11.65759810135641 0 0
12.64129224612341 12.7992757000485 0 0
12.89587825912485 13.15833155716511 0 0
13.2060065615093 14.33172290455333 0 0
14.33943649785702 14.5479159918462 0 0
15.82040684979201 16.6563054532615 0 0
17.21563032478409 19.5085486012217 0 0
19.59954767722441 22.02195293786401 0 0
22.11025878325858 23.15800346602091 0 0
23.2067317471782 23.48741911662968 0 0
23.56191813134993 23.9838856020628 0 0
24.0093288553356 25.1982162621587 0 0
25.39616909579157 26.23262345744105 0 0
26.29277904574498 29.94746425236755 0 0
24
3.916415536816482 3.636518011667551 0 0
4.261261040233087 4.195122934392852 0 0
7.22876609139479 4.939353549128287 0 0
8.840857891294547 7.615657722017005 0 0
9.400238004292275 8.849241336895432 0 0
10.25737878300915 9.98375990748689 0 0
10.62792188134919 10.33714210981239 0 0
11.04660142299277 10.75597145837451 0 0
11.79605132110586 11.17658521202878 0 0
12.12131567343258 11.79979810558692 0 0
12.3083262546515 12.22683206560667 0 0
12.57558771684376 12.40540523652495 0 0
13.64982380418507 13.35069976671624 0 0
15.05278147767824 14.99058867322895 0 0
17.09364454563125 16.22489080722216 0 0
17.64438245977311 17.2620394328334 0 0
19.7393330432081 18.52817550790855 0 0
21.06743929883131 19.82608571080252 0 0
21.16316612282036 21.09853956194586 0 0
23.34123184169241 23.15984396990588 0 0
23.74878019579411 23.73657083480128 0 0
26.76240078402401 26.72718910691405 0 0
29.41724736418198 29.40598305922204 0 0
29.71345407457068 29.54248466908075 0 0
22
1.451435958036248 0.836759672621269 0 0
1.729062353905831 1.469389415478535 0 0
2.569979073735129 2.267607797310623 0 0
4.728178543002021 4.561626130060885 0 0
6.499087443337877 6.466217064665835 0 0
8.19679756849048 8.135413337388281 0 0
9.597740777362171 9.089504299120067 0 0
11.44233272792463 10.78518658991506 0 0
12.57795780634544 12.12273910043397 0 0
14.30069241198311 12.89685944645262 0 0
15.65710046237098 15.32656674413108 0 0
16.3291069298074 16.10218502653694 0 0
18.68681048359828 17.95176219322768 0 0
18.83979419096307 18.76961760144075 0 0
20.84213771117008 20.76933478128533 0 0
21.55583516114673 21.15725070340484 0 0
22.96710673665791 21.68572451982873 0 0
25.0490612759901 23.35531281559739 0 0
25.83165689577985 25.62733571472268 0 0
26.71718627440714 25.92289240885043 0 0
28.21841615779469 27.81195587201435 0 0
28.83087555873248 28.70117303845231 0 0
26
0.4116476456682019 0.336571509598123 0 0
1.821347987507579 1.301636360030898 0 0
2.237453225247919 2.232423533400091 0 0
3.448800098244945 3.441117393826976 0 0
6.962759072134259 6.854425331491008 0 0
7.245987705861893 7.183872364044617 0 0
8.203401932891715 8.201983672254235 0 0
9.907702136123506 9.853545480586385 0 0
9.996727844024885 9.983375084928303 0 0
10.76268187708092 10.71194558408857 0 0
13.10108137135829 12.99583947698925 0 0
14.26999568768871 14.26914296718542 0 0
15.51894171196963 15.44824444592692 0 0
16.50668917394617 16.34394033244547 0 0
17.77024455358005 17.704337407039 0 0
19.4003033090361 19.37879520300363 0 0
21.18074066553411 19.7947258723059 0 0
21.48764145668187 21.4138946924488 0 0
21.70263962453113 21.67148736121943 0 0
25.5822988169914 25.36397344666083 0 0
25.99406579349053 25.90308139715854 0 0
26.75619300124627 26.20768538576992 0 0
27.40270685441919 27.23992271962143 0 0
28.42471827864898 28.41592439879535 0 0
29.86196088801554 29.67762845760569 0 0
29.99521643278625 29.93576931038557 0 0
