# Status file for ctqmc. Used to save all times t_s, t_e.
10
18
0.03616113343927907 1.108446972410825 0 0
1.158408772970181 2.415323882885419 0 0
2.487906184128176 2.757746282135081 0 0
2.901664162711858 4.778491027959941 0 0
4.847224859373753 7.444587542618743 0 0
7.55165589184015 14.14718252859512 0 0
14.30401483699468 16.72890714873904 0 0
16.74968468395096 16.8502055895456 0 0
16.99734280126955 17.31553262698811 0 0
17.51721186786006 18.51123125561212 0 0
18.83772816392034 19.1334338248669 0 0
19.40041886167567 20.43816134157518 0 0
20.53533251880347 20.77529794931571 0 0
20.94231707441317 21.65884341239515 0 0
21.76333951880999 24.75272422022789 0 0
24.9964287964578 27.7172274195846 0 0
28.69911466562699 29.52891041793254 0 0
29.69066378810546 30.05289855774068 0 0
14
2.055100336746127 1.950567247516236 0 0
2.617447427006049 2.34140080147307 0 0
4.936143343766862 4.804865431082519 0 0
7.103889990047525 6.433383711797546 0 0
7.546147487264165 7.515573219260837 0 0
9.723815774892337 9.511151690272051 0 0
10.31259486502033 10.1602141541983 0 0
10.90129377410917 10.87008184766202 0 0
18.30385862969453 18.28920642481324 0 0
21.96054536126747 21.87296520277502 0 0
26.52686200553236 26.12828001940538 0 0
26.84182852639756 26.83013709217804 0 0
28.13352358294582 28.08912330337617 0 0
29.49047519386574 29.38771964877785 0 0
12
0.5758394878076935 0.4557603421043943 0 0
2.044046881487827 2.001757276623048 0 0
11.33972770055353 11.33119607316473 0 0
14.33444669463512 14.30403974262204 0 0
14.97701109358887 14.94464174530046 0 0
16.85468134347743 16.80894524885164 0 0
18.0332632217002 17.91854018989541 0 0
18.08722677862143 18.06299697805045 0 0
18.25084709753549 18.21975802870165 0 0
18.99183591233846 18.68462445632194 0 0
19.23616366709825 19.04541967185519 0 0
20.31402085148198 19.4461487960217 0 0
27
0.4912907678429193 0.4858930266338994 0 0
1.285673753629178 1.279085752601501 0 0
3.953647169110008 3.84989502480261 0 0
4.382843066144747 4.374202313033036 0 0
6.620669351913718 6.589333557198014 0 0
7.237217385148846 7.19843242756438 0 0
8.63701575422324 8.023548451266302 0 0
9.02795719805753 9.002805499866819 0 0
9.865187063556503 9.84928004595114 0 0
13.37229665731467 13.32893823880668 0 0
14.38387029429569 13.99246377285437 0 0
15.82637676172476 15.81458974300519 0 0
16.45927360629706 16.34989469230581 0 0
16.80079600806822 16.67771190774173 0 0
18.49952551477823 18.39436631839896 0 0
18.67762595777643 18.67327685619923 0 0
19.24644039261389 19.10969432277517 0 0
19.79303844618903 19.78556052271985 0 0
22.37824590612521 22.34712540862823 0 0
22.73815210186381 22.46274898226001 0 0
24.03377862764996 23.97920888374354 0 0
24.47784957812716 24.44884949056676 0 0
25.51023417459659 25.42739115427972 0 0
25.9603357612503 25.83166666576652 0 0
26.24151580393878 26.18370000790115 0 0
26.54951597275832 26.53947498975156 0 0
27.86753133797014 27.79155026433424 0 0
17
3.211913414418285 3.070043544236958 0 0
5.730047780880988 5.676259430260688 0 0
7.964023299345139 7.737053900893285 0 0
9.061639831373137 8.269400074106581 0 0
11.38731540468307 11.36770317309066 0 0
12.24866228413255 12.22527710864801 0 0
14.06509632162851 14.00426272550569 0 0
14.32142697584318 14.31164807549317 0 0
16.66709150834044 16.59469638356715 0 0
18.08579947926755 17.96904451213753 0 0
19.64119867917113 19.63274092547233 0 0
20.39560460990494 20.32366698364005 0 0
22.29102377985837 22.14259512639975 0 0
26.45239846980943 26.4523588040056 0 0
26.51835263172945 26.51698342985892 0 0
26.60346899799074 26.58685076545832 0 0
29.72164388771187 29.66316583366186 0 0
25
0.6414274217850511 0.475997247834421 0 0
1.594127412252696 1.578289454847823 0 0
3.732503803375314 3.727172530735827 0 0
4.12834384340321 4.11334266323129 0 0
4.229409660223357 4.200073067069152 0 0
5.438870892327108 5.432549256980813 0 0
7.856068054403201 7.135456961811138 0 0
8.238974992551965 8.14814762079371 0 0
10.10656832126806 10.07079413399827 0 0
10.13813739980931 10.12365282332118 0 0
10.88402580309581 10.15978022265839 0 0
10.96936532919419 10.93297389162248 0 0
11.45579980049005 11.37557946703505 0 0
11.79180537501338 11.67714532489686 0 0
12.31840799467854 11.80802620050957 0 0
13.90992579353824 12.44095748736363 0 0
15.56069272044445 15.43474960193035 0 0
16.39089370558488 16.38621581601398 0 0
17.2617574844018 16.93122156500959 0 0
17.96751634131216 17.66966904359433 0 0
22.53218458633617 20.01777308972525 0 0
24.3359281134863 24.3288562699509 0 0
25.1441223973852 25.0346513405256 0 0
27.20787347046551 26.96672798371752 0 0
27.9146549579897 27.25718031111272 0 0
28
3.358836749988241 3.291527030306836 0 0
3.412408555978617 3.380542392118277 0 0
5.788998985388773 4.784173178831647 0 0
6.242121159146628 6.15229361909851 0 0
7.477064862207862 6.46934414550272 0 0
7.584211756818732 7.480412400695524 0 0
7.686663451309022 7.67621092582064 0 0
10.66472454989149 10.49263894553598 0 0
12.60431492907489 11.09830262924114 0 0
13.4824665446757 12.97328922894726 0 0
14.19374807890307 14.15738751297688 0 0
16.49503678759789 16.45834719678815 0 0
17.69417036703545 17.68250062249182 0 0
18.63529924464584 18.21095931224978 0 0
18.75309463686451 18.73195981320689 0 0
19.53598318265426 19.52105809863977 0 0
21.66640850518354 21.566694603434 0 0
22.14608107883811 21.73556827072319 0 0
23.71782957217377 23.29215612377708 0 0
23.91552071880389 23.79325188161678 0 0
24.03164787417812 23.98520159492765 0 0
24.4173162990354 24.25967166904374 0 0
24.48391841704274 24.41858156074382 0 0
25.34321270010441 25.34201610529068 0 0
26.3863764926829 26.30508542426996 0 0
27.80425262703603 27.63726818678818 0 0
28.47235957529059 28.34520754604334 0 0
29.69330506831874 29.65254864758706 0 0
17
1.042934372942337 1.267105621492229 0 0
1.278230650929618 3.089249570862334 0 0
3.179707520249852 3.248547813203437 0 0
3.291190168085186 3.962631017990555 0 0
4.047545747296059 4.31582751983476 0 0
4.515464432245003 8.788508257106795 0 0
8.814047262367694 12.45075012765041 0 0
12.45571286818425 12.64918058542763 0 0
12.71142616767583 12.75669922388723 0 0
12.76926783647951 13.21691880750949 0 0
13.44108673101323 14.06365920832279 0 0
14.14651162736504 15.67251606420578 0 0
15.68061364861093 16.8593101150886 0 0
16.91503339830581 19.38616054929824 0 0
19.45066254817609 26.81599396253123 0 0
27.61828500741898 29.02655956077743 0 0
29.12879545269922 29.61514649830095 0 0
20
2.62108627356037 2.305074163258015 0 0
3.013605904143476 2.915379587000015 0 0
6.116403997910929 5.40146350842533 0 0
6.670859410558487 6.532119864078801 0 0
8.980185766981638 8.834670950022304 0 0
10.49003654293015 9.103504471200893 0 0
10.69491963114837 10.58797104931705 0 0
12.138147905105 11.88906927289287 0 0
16.27715681413286 15.90080446957542 0 0
16.32212990678466 16.29815437257261 0 0
16.52773225959683 16.44570090302667 0 0
17.04051196516819 16.91468754575454 0 0
20.04139362625996 19.96408210904515 0 0
20.89008060668388 20.70940438221136 0 0
23.44697529719422 23.35510403738427 0 0
24.24141805563287 23.91308342546207 0 0
24.59324526957075 24.39752620531593 0 0
25.28233691273986 24.88352114959397 0 0
26.79512319251134 25.89260932827121 0 0
29.72417930633339 27.61768158042354 0 0
18
0.3559496356622228 0.2512511005843123 0 0
3.322683270181146 1.986166752736964 0 0
4.82864255556675 3.846539791231791 0 0
8.770777145766862 8.649384199369779 0 0
11.24425926027947 10.4379304431245 0 0
12.26176202965043 12.01687144216154 0 0
12.69277674109176 12.33156623068069 0 0
14.11500228323643 13.7331144654427 0 0
15.7383550599384 14.31338755050842 0 0
16.2834541061182 15.76786459979737 0 0
17.50649788961001 17.48752616134742 0 0
18.23446838320121 18.15402478543202 0 0
18.42030237636173 18.2603174054046 0 0
18.87490562058699 18.78578876746072 0 0
21.40554869632297 21.35527129910132 0 0
23.58493456352331 23.44739597811884 0 0
25.0816837765656 24.84195239975072 0 0
25.57403966120661 25.32879546603317 0 0
