# Status file for ctqmc. Used to save all times t_s, t_e.
10
17
1.636766560317922 1.633610000637301 0 0
2.688055901998821 2.182152888059774 0 0
4.744437279163399 4.582526276551299 0 0
13.22104029426487 13.15349917570651 0 0
13.85122579613783 13.70564598258681 0 0
14.7005292942228 14.61804362806911 0 0
14.89643164572854 14.8854221341105 0 0
18.90559312005449 16.57748889119952 0 0
19.22768898845807 18.93781340107358 0 0
20.89779587221856 19.83412439944646 0 0
21.81740861462133 21.81092089211998 0 0
22.36844105805868 22.12129215592 0 0
22.70185944449402 22.68740047892589 0 0
23.78817516750597 23.72364816904348 0 0
23.86661521626721 23.85743474968315 0 0
23.93087904269108 23.90623777307223 0 0
27.33737094251942 27.26000514829983 0 0
17
0.1804799324270121 0.1419321309832426 0 0
2.200867101721093 0.7870504695859795 0 0
2.309948445124852 2.274976261633266 0 0
4.883687657276803 4.812394008801361 0 0
9.494931630490665 9.488951478352906 0 0
9.529333500107558 9.506975338200691 0 0
9.619618773027081 9.608448627235743 0 0
10.98271041247952 10.96852356831648 0 0
16.26465089815101 15.94579973453954 0 0
18.3659977996671 18.33736144039854 0 0
19.27749487666061 18.79289404661935 0 0
20.59475047169589 20.57075531761077 0 0
20.86319776253007 20.85753985759541 0 0
21.72881033641924 21.63957095995455 0 0
21.84227567501032 21.74956368417448 0 0
22.56005532325977 22.1820000591335 0 0
28.40110446593223 28.16488394126283 0 0
11
0.8502924795648042 0.7367078183695014 0 0
5.558899472298371 5.534055003910749 0 0
11.22162264260166 10.70649813757889 0 0
13.98621945510762 13.84835582414742 0 0
14.31923497353295 14.30803361280585 0 0
16.66007645014844 16.61798732366023 0 0
17.11434610411087 17.06282225861285 0 0
20.54252182325538 20.36753382461907 0 0
21.94247128080678 21.41031186664867 0 0
24.41232717288235 24.29750882944123 0 0
29.55469597932776 29.50973788830933 0 0
18
4.439009998140225 2.724898739834412 0 0
5.154726960589032 5.067416014372581 0 0
6.15271745019794 5.911778975803481 0 0
6.537623430853747 6.383282704555361 0 0
6.890372660899401 6.658482807907983 0 0
7.298734570167429 7.08157946509419 0 0
7.785136377274955 7.726764622175759 0 0
12.06374099567398 11.91712788533879 0 0
14.19789312758978 14.17038167806087 0 0
14.22202319513617 14.21131413581446 0 0
14.48031112706209 14.43023202618905 0 0
18.34203069650801 18.20412683721421 0 0
18.58447912638918 18.50850389857472 0 0
19.13128220126992 19.05791717421289 0 0
22.45765211779975 22.42898342109926 0 0
24.19283405502931 23.8460513341334 0 0
27.36714945257198 27.24454741563001 0 0
28.99034348166534 28.8743294181859 0 0
16
7.997675554678809 7.844244005976751 0 0
9.671331023515837 9.437056255807326 0 0
12.46141843508894 12.44793538334259 0 0
13.41087863685722 13.3243072270171 0 0
14.15072912949526 14.06398713363019 0 0
14.32436496624631 14.31672160873583 0 0
14.70492638800295 14.6743713993263 0 0
16.45148872928721 16.43735235704058 0 0
17.86235503328886 17.84299649800011 0 0
18.09442796873209 18.00155118549402 0 0
20.0404667820162 20.03648389050169 0 0
21.50294480365273 21.50084937863227 0 0
22.1978937848664 22.17195321704722 0 0
22.83507686614872 22.63403758129071 0 0
25.23830444536452 25.14648566309689 0 0
27.69480320732447 27.34669187133496 0 0
24
3.390227340479239 3.330874984677721 0 0
4.256249897637754 4.221037143643346 0 0
5.163869078628867 4.410963176545035 0 0
5.540677032678739 5.502265056324804 0 0
6.201042591707468 5.781685929186258 0 0
6.647949184785504 6.636654921970426 0 0
7.811840385908773 7.374934063242022 0 0
9.069910503951331 8.772603425528366 0 0
9.319252714332118 9.122530156041023 0 0
10.37205944560264 10.01546495281522 0 0
10.96776739773544 10.45759620942146 0 0
11.87865343941946 11.01679108108287 0 0
12.36611070152721 12.36329045176297 0 0
13.45825947177445 13.00656102152497 0 0
14.13718226321397 13.46546416032596 0 0
15.66756267757257 15.16597133036441 0 0
17.77849393607201 17.31712309384636 0 0
19.7842077426823 19.74080888883739 0 0
23.41746331525972 23.20741757369912 0 0
23.54355137850365 23.47400829936766 0 0
24.11122537134974 24.05434319541606 0 0
26.92068251695708 26.42259308566366 0 0
28.19013506000624 27.73980700867656 0 0
29.64215813217113 29.20435004050568 0 0
23
0.8457470309852795 0.7842206597050208 0 0
3.400873778327838 2.444302878013554 0 0
4.241975204092688 4.238387153682006 0 0
5.107966455662307 4.455156172100859 0 0
5.890425079371756 5.855681368488553 0 0
7.053075322182181 6.953876630204341 0 0
8.60664456037882 8.604297088035626 0 0
11.31109769174509 10.47691453055677 0 0
11.93354908068956 11.53566348624788 0 0
12.60328831218274 12.59937262107596 0 0
14.74166143735847 14.39356018464208 0 0
18.02517772299529 17.9953636129891 0 0
18.399357804174 18.38073023875343 0 0
18.80999144220237 18.75397549689032 0 0
21.42303806015555 21.05754427047082 0 0
21.69677198267835 21.66092859890098 0 0
23.69690473726895 22.66257436123109 0 0
25.87622911157785 24.03972654083222 0 0
26.76863136258135 26.21140140317467 0 0
27.34007516481202 26.86843484615796 0 0
28.59860263094307 27.43876387890614 0 0
29.5735253479769 28.69611468873066 0 0
29.72686422162064 29.66013987879719 0 0
13
1.296128849694854 1.260176739473958 0 0
2.068007361358688 2.042686397352799 0 0
2.852754077376555 2.817140761929631 0 0
2.933805156876478 2.922266234673477 0 0
3.485748519999486 3.440007388283218 0 0
5.771569187189447 4.933738019294119 0 0
6.733537384768287 6.614076284353774 0 0
15.25236314396684 15.10078081502825 0 0
16.79577212082575 16.79125036253547 0 0
17.55664544958516 17.50714534192191 0 0
25.43647578202226 25.16518456483853 0 0
29.67398556061978 29.62248842503087 0 0
29.84877430621128 29.78514162478614 0 0
21
0.6539969582373928 1.841714507992773 0 0
1.969985369668856 4.386803249372223 0 0
4.41182893164166 6.162882175796642 0 0
8.618047231350765 8.681968158898101 0 0
9.005664872530755 9.22120786497063 0 0
9.385073353785515 9.685656485044982 0 0
9.699032965877597 10.11876466205651 0 0
10.61710220312136 13.22262336303134 0 0
13.23515607910531 14.13858481472749 0 0
15.61340069326973 18.08767959420949 0 0
18.12788249656396 19.14128598351843 0 0
19.21978537821216 20.7663714091215 0 0
20.96499947567969 23.09622874071284 0 0
23.10221789433362 24.82784040313106 0 0
24.86292351830045 24.95811418128052 0 0
25.15090626918159 25.54057910692944 0 0
25.55876533628413 27.42979030037252 0 0
27.56866222773294 27.90503145882462 0 0
28.64326564698371 28.6775726204222 0 0
28.91139092583387 29.43802806070101 0 0
29.5438747819598 29.76901113162034 0 0
16
0.4295745894897713 0.1745808176090762 0 0
0.7938571790662259 0.7564525941875111 0 0
5.225931674535427 5.048641479531051 0 0
8.432073731397507 8.051552698534262 0 0
10.83205270535302 10.75148894600241 0 0
11.26113142212236 11.15591536823324 0 0
16.36574390861657 16.34571365179597 0 0
16.96314666228236 16.94481456721428 0 0
17.35648908014695 17.08503635564056 0 0
18.35716082999263 18.33134060858295 0 0
19.38893732976859 19.32889092397194 0 0
20.11652589281942 20.06082543291886 0 0
20.85344716736867 20.83592349633198 0 0
25.44605954731378 25.22166218911418 0 0
25.76570162390168 25.63457364007972 0 0
30.02107653694634 29.98423717514471 0 0
