# Status file for ctqmc. Used to save all times t_s, t_e.
10
21
1.325310105410004 0.8922654750150478 0 0
1.677013080854369 1.336128171569837 0 0
2.633597227883123 2.533139558439964 0 0
3.706619906074931 3.139038463099046 0 0
5.186435288993458 4.998265524329232 0 0
6.593354546234856 6.57943698401185 0 0
10.0739277407878 10.03970347920145 0 0
12.11480354352341 12.04706416372954 0 0
13.66924448183137 13.66761048353484 0 0
16.19278963756065 16.06349659592678 0 0
16.85084419591138 16.83782780231769 0 0
17.99856740685252 17.96543777012754 0 0
18.21142749611577 18.11292333777952 0 0
18.40335392290313 18.39696584792924 0 0
21.51773307474071 20.97604983167064 0 0
22.32166557065464 22.30907004803527 0 0
24.22281684736724 24.19812278999169 0 0
25.35413742776785 24.42718755383365 0 0
26.01456033252007 25.68526687783817 0 0
28.69215824665951 28.6501997173976 0 0
29.05579417581892 28.99790365555241 0 0
14
1.339840605515804 0.967010107233675 0 0
2.228486900394883 2.131769147193765 0 0
3.87274235522688 3.811759846142707 0 0
4.178285479318567 4.055700317251594 0 0
5.462903544376633 5.416985965075576 0 0
6.289252383696108 5.997551708383356 0 0
6.618923911170254 6.417720210936237 0 0
8.549775315466025 8.432891372828065 0 0
9.593844826852742 9.018003654475621 0 0
14.71534568041953 14.52012212138743 0 0
15.81335553706669 15.7851405113019 0 0
17.17828834716728 17.08204521593704 0 0
22.25005103233358 22.24937661943232 0 0
26.52982645839108 26.2417161971392 0 0
16
5.294432091637628 5.283864149468091 0 0
6.768647848744275 6.632944623147084 0 0
8.370089919675772 8.028202570689137 0 0
11.50009914352433 11.46724866850693 0 0
12.05500211523028 11.97644616566452 0 0
13.24072906730023 13.19249177677096 0 0
14.1329562892803 14.10748096565536 0 0
15.37223858169381 15.27939177945917 0 0
18.26304781626073 17.78140526496669 0 0
18.67986306270433 18.67958225125792 0 0
19.78538422809056 19.73302350709203 0 0
20.2925770234351 20.25135586662043 0 0
22.02967518086146 22.02266429612606 0 0
25.86044008943535 25.84460958834423 0 0
28.68943559046723 28.52559827796652 0 0
29.11327024973245 28.95955833504449 0 0
26
6.956750590636919 6.834669513598069 0 0
7.274113751259247 7.241070733437498 0 0
8.262551185705471 8.238770241232293 0 0
8.432177756381199 8.38093207637673 0 0
9.047489764325158 8.963554402897854 0 0
9.404201488689418 9.279123138455807 0 0
10.90214510405442 10.7640688894894 0 0
11.57406514865631 11.27090341212616 0 0
13.03206107714766 12.99909131991785 0 0
13.43250052234658 13.10911079225228 0 0
14.26078577040851 14.07397082609127 0 0
15.96182650018565 15.95366539130095 0 0
16.6276786413853 16.62581943821494 0 0
18.1270108340576 17.77281340352147 0 0
19.4007911065929 18.79691141927739 0 0
19.67024418698049 19.64182578588307 0 0
21.15406678595885 21.13058041472246 0 0
21.83431297454374 21.80538588960475 0 0
22.08210903886031 22.06969591314967 0 0
24.03677322544617 23.95479941816195 0 0
24.37659618430664 24.20151694996848 0 0
25.11960244363663 25.07473401805301 0 0
26.09625277706322 25.96709863430413 0 0
27.97055555235571 27.85635176427948 0 0
28.25407842987858 28.23104557137114 0 0
29.66167302058196 29.6096790340287 0 0
12
1.33161096970306 1.250090175632047 0 0
1.961742636482163 1.929577512979213 0 0
11.10568770920852 10.86752307772894 0 0
12.93337445055502 11.92868496564197 0 0
14.73775049985213 14.73738640100443 0 0
18.7040016395406 18.67897305884039 0 0
18.89195216740545 18.73484252055129 0 0
19.58164747073001 19.31774767907848 0 0
20.20642090683275 20.05217088294467 0 0
26.10374641536985 26.09198133888009 0 0
27.78944351529813 27.7740688965328 0 0
29.29395864693342 28.75446332480612 0 0
22
0.2365059592223447 0.2081645196765258 0 0
1.017999395787348 0.6120444538334647 0 0
1.47569574829097 1.46483240122004 0 0
1.919078632158317 1.909914885459193 0 0
2.407250299821178 2.329396739137067 0 0
5.957749110133773 3.743971199268644 0 0
6.325405590850414 6.268425706913578 0 0
8.215727859381889 8.180974887353768 0 0
10.00041413469914 9.895818887469876 0 0
10.16944594965342 10.01469275666712 0 0
11.13481651308952 10.95918093491396 0 0
11.50810797516707 11.49976473185039 0 0
13.19198291870566 12.94862424145147 0 0
14.00902411383903 13.97246797700497 0 0
14.3108959900932 14.17334874033422 0 0
15.18495250270526 15.09133788341909 0 0
17.50338476858163 16.60274945414259 0 0
21.12584622579557 21.04040074004443 0 0
24.3146775862788 21.46548842202729 0 0
25.23265601483908 24.9948722468127 0 0
28.31921330652943 28.25408732647485 0 0
29.47747982106116 29.10233601306427 0 0
19
0.7705277854115046 0.6643001839197495 0 0
1.714218252847119 1.670966006290166 0 0
3.726574199843902 3.5822792144399 0 0
4.175497373501056 4.0284975265088 0 0
5.142815744153484 5.02325909280616 0 0
5.271356510281022 5.233659330621151 0 0
7.650709122298087 7.547295240188033 0 0
8.232429799559604 8.184033201875721 0 0
10.79575871544227 10.364816694856 0 0
11.51861811275123 11.47606394924913 0 0
12.715748472513 12.59589483518757 0 0
14.78778579721538 13.86916522934684 0 0
16.01904286626268 15.97258597338958 0 0
16.80958502917445 16.66057640943007 0 0
20.20082786063868 19.57164865153597 0 0
20.67368662864494 20.55646410068042 0 0
21.69986140602924 21.57163293095269 0 0
22.09739744300133 22.07573485806861 0 0
27.85736685669243 27.69762320096425 0 0
16
1.98028942617149 1.549328737460609 0 0
2.45205663549898 2.408014982493924 0 0
5.937013912721281 5.309712798033511 0 0
9.26702580829609 9.185903831174144 0 0
15.71521888338211 15.05829164545359 0 0
15.8168657783248 15.77240975835312 0 0
21.42817622340307 21.41728560743654 0 0
22.05765930182379 21.66650313546074 0 0
22.86936549247019 22.79106574811976 0 0
23.16500627830084 22.88622521512995 0 0
23.29680740321074 23.17968364348772 0 0
23.90217331120091 23.89404686930423 0 0
25.09770201983915 24.6304622077173 0 0
26.81011335823156 25.18023727929325 0 0
28.52381613309554 26.86484336275483 0 0
28.83164052012369 28.81628354015724 0 0
34
1.671784917542198 1.45214695285584 0 0
1.894759914638216 1.864619486508753 0 0
2.599378974282338 2.307607240391869 0 0
3.260620454700888 3.020490353400562 0 0
5.009669930298981 4.856500580648168 0 0
6.620051876861416 6.5856702520109 0 0
7.754745981990118 7.193437312200414 0 0
9.45757962504074 9.438473322665626 0 0
10.26669516477532 10.06415453380679 0 0
10.55339309171699 10.54053147815974 0 0
11.34336762787675 11.32052622943516 0 0
12.18900219144991 12.04998206299543 0 0
13.08627146659644 12.45294003369653 0 0
13.67103643049895 13.43043492231933 0 0
14.00802310906791 13.98940564367472 0 0
14.66265105310415 14.6405584167731 0 0
15.7726436257014 15.74956926429767 0 0
17.414584012908 16.68229622611628 0 0
18.17679786270637 18.13445992994062 0 0
19.18848012706606 19.17683053946098 0 0
19.7397563383279 19.41778376302575 0 0
19.86624549010421 19.80092435057717 0 0
20.76135296461017 20.19933275607874 0 0
21.2647841791274 21.1824618760134 0 0
21.82671987157555 21.76416242051914 0 0
22.0676455249402 22.02112963657696 0 0
22.80094714171019 22.726237651276 0 0
22.89869702508722 22.86241364710908 0 0
23.40788492326664 23.38466930047806 0 0
26.00311452547033 25.90539799159078 0 0
26.23232238225984 26.20850789263746 0 0
27.14192743663055 27.12650270190286 0 0
27.32341799289512 27.2756353879418 0 0
29.96937935161974 29.78600738555133 0 0
22
0.4330272593379471 0.3146541067111905 0 0
2.628227125851951 2.454015743057346 0 0
2.760145711761655 2.75271601099801 0 0
6.957927638185429 6.95540848670132 0 0
7.653282731296829 7.370015042100751 0 0
9.020362834735263 7.852889108833837 0 0
10.405821329116 9.447281294105037 0 0
11.66793666297017 11.50650200278484 0 0
12.90434214648647 12.88742481700527 0 0
12.97561841358912 12.94523242837914 0 0
13.8648672804147 13.79777309640957 0 0
15.25391026710107 14.81411641277406 0 0
17.06032464454281 15.54348354075261 0 0
18.51909618132702 18.07127116002679 0 0
20.54411077670457 20.03767242243694 0 0
22.55232300381098 22.55135462895585 0 0
22.86736937509064 22.8273530671427 0 0
23.11709367264286 23.10701314433952 0 0
24.03669838829706 24.02613636359525 0 0
27.83189242452389 27.83110462656025 0 0
29.07578937891762 29.04160610550386 0 0
29.4133346275089 29.33756863577464 0 0
