# Status file for ctqmc. Used to save all times t_s, t_e.
10
11
1.779393411367174 1.656432556435756 0 0
3.080957380694227 3.004278687062777 0 0
5.739973789974822 5.69845176200044 0 0
6.419867782683314 6.347822639221783 0 0
7.459119052268203 7.345383394415266 0 0
10.91785963733843 10.63020193592953 0 0
15.72808929875639 15.4590053237513 0 0
17.19272321263716 15.82881447220974 0 0
23.62070539906581 23.57672695703513 0 0
24.86441410504753 24.85095698401779 0 0
24.97679699882932 24.94512817537099 0 0
17
0.8774968425285083 0.8242444971732193 0 0
1.89732796106611 1.773637238732201 0 0
3.804518280556875 3.629342357544295 0 0
4.053051705285013 3.952908456040768 0 0
4.440907880799763 4.369296566993252 0 0
7.305158567554218 7.294690967151084 0 0
11.13691844080499 11.1164620886758 0 0
11.8976204607356 11.68983468818145 0 0
12.28730677289879 12.13985454086287 0 0
18.80467872007214 18.77522536492362 0 0
19.61520785510067 19.52619128127277 0 0
20.23262423829213 20.19686811260934 0 0
23.2633235041032 23.21831239062725 0 0
24.31286297894811 23.85507878242638 0 0
24.70886698827917 24.65625970179435 0 0
25.88187789375751 25.70686023845957 0 0
28.6549535285139 28.63827281586455 0 0
18
1.472115529849986 0.8400647894801345 0 0
1.848177129817548 1.818380127171836 0 0
5.949864310257196 5.939896887068386 0 0
11.24009998978029 10.77227169129816 0 0
13.71347650004448 13.5784380300709 0 0
15.36255818523437 15.05205981638821 0 0
17.33140900896574 17.25242354644602 0 0
19.09567537287707 18.8270776815137 0 0
21.25135680782535 21.15727573347327 0 0
21.71483744220748 21.56722980541289 0 0
22.21089724757136 22.17377965624954 0 0
22.53925677725201 22.51903468097825 0 0
22.87535308285442 22.87318693747593 0 0
22.9535587625833 22.91094893559304 0 0
23.32715171212945 23.31006873215495 0 0
24.90272682273678 24.10963834338426 0 0
27.20076847022472 26.5994434882391 0 0
28.45120094976061 27.61394816082449 0 0
25
0.1929572997804887 0.006359882006982787 0 0
0.6129639224803221 0.6013689929919425 0 0
2.055865665110271 1.966259940188099 0 0
2.1966311217669 2.149482408657404 0 0
5.053762888067175 4.612275773573162 0 0
6.085913988758402 5.646534203088002 0 0
6.957157551863248 6.830207694963213 0 0
7.464837036933119 7.375476470067861 0 0
10.24887895841463 10.22422554408634 0 0
10.85041080555555 10.85032275818711 0 0
12.86302270905284 12.82329000404151 0 0
13.64277039722666 13.37980646532967 0 0
14.70353006351273 14.37665957310296 0 0
15.59243917819784 15.47657092865344 0 0
17.64555725419252 17.57701235727112 0 0
18.47741456321818 18.29944015826158 0 0
19.56715781558251 19.55356333393255 0 0
20.48636743206166 20.41149351996696 0 0
20.90315802884929 20.81425226974505 0 0
22.46313946397467 22.38187100576834 0 0
23.6899795893387 23.60508740076927 0 0
25.80391634489021 25.58062352953889 0 0
28.10237264077639 27.59300520679385 0 0
28.35018999367468 28.26414446704364 0 0
29.57117718460735 28.66794270650662 0 0
16
0.591354549354899 0.5716240548825908 0 0
0.7894891941511801 0.674060101382577 0 0
1.89275853783524 1.884499602513359 0 0
2.9378384498817 2.794809412295848 0 0
5.492899792811503 4.963272606371153 0 0
12.83086037155346 12.76766621983654 0 0
14.32705561870417 14.28455778194258 0 0
17.4910152106294 17.14161283214992 0 0
19.14337708976937 19.13657264067566 0 0
22.70403554589022 22.66501822896075 0 0
22.76900250677391 22.75585047595284 0 0
22.88994779826838 22.88949308655301 0 0
27.00666335723328 26.51833339628213 0 0
27.31892699656467 27.26607470362062 0 0
27.52723548772573 27.52084939413189 0 0
28.09947769658165 28.05800756892037 0 0
28
1.373787120540996 0.3244514927129352 0 0
1.668451217894388 1.435342165225366 0 0
1.798553606369809 1.793641055243807 0 0
5.023550954241078 5.022996844505154 0 0
6.527758697420065 5.326303670228279 0 0
9.325019413672573 9.301610212175719 0 0
10.14628716658926 9.905724285934346 0 0
13.53741713521374 11.87916028278189 0 0
13.65845877641908 13.60960001815921 0 0
15.48468395046488 14.28969103310951 0 0
15.99931359767666 15.90407440744935 0 0
16.12352903356953 16.10618078205077 0 0
20.95024618065942 20.92247709106304 0 0
21.26396589860892 21.18796621483165 0 0
21.34720087609921 21.26575700685158 0 0
22.29339835508291 22.29209637827505 0 0
24.60096632410852 24.59595530896803 0 0
25.19675384819539 25.03858985659305 0 0
25.61449611830676 25.49468828747336 0 0
26.11533517315831 25.92979637380805 0 0
26.39496177208113 26.27571469032923 0 0
26.79835901293913 26.71013966631011 0 0
27.89751977349112 27.57171731182748 0 0
28.2617181314018 28.23702598792248 0 0
28.47234390360062 28.42271796198549 0 0
28.57997223157929 28.56273239325243 0 0
29.76939154252163 28.62152884969289 0 0
30.03545263512453 29.81500378425283 0 0
18
1.182303986986033 0.9547634107414263 0 0
3.21715685403912 3.11733308677539 0 0
5.496381742079881 5.46812739580235 0 0
5.77958960548674 5.703685163760293 0 0
9.219796528838481 9.092529301075635 0 0
10.25385525937625 9.220880735903798 0 0
12.74699700002592 12.28106313018309 0 0
13.28423656361957 12.82797412130981 0 0
14.1302705140597 13.41361851410121 0 0
14.57302173354221 14.55874047291361 0 0
17.24538046106355 17.03897830826046 0 0
17.67068415845265 17.47672034140709 0 0
18.82916553565566 18.15696503369182 0 0
21.88317233634081 21.86152513487335 0 0
27.31023467993218 27.16163314385518 0 0
28.70693502813527 28.70256322666544 0 0
28.95015896998506 28.89754929238406 0 0
29.03856880442184 29.02465490386227 0 0
14
1.642208554032158 1.641034161721994 0 0
3.026296658893544 1.847077118473623 0 0
6.586192115444787 6.441901907815317 0 0
10.39961184107884 10.34719034387166 0 0
13.72756350520341 13.71519662562426 0 0
14.72304550627254 14.64084311787653 0 0
22.30115197198212 21.24708130184179 0 0
22.38874860726262 22.35508480092934 0 0
22.68741582245084 22.56061392081035 0 0
24.46974838066219 22.75897233774242 0 0
25.10906681335518 25.05696015662384 0 0
26.35020214719829 26.24264500874299 0 0
28.12326816551225 28.11402816987958 0 0
28.22319491558329 28.14459088637782 0 0
25
2.738737203082973 2.630652338920001 0 0
3.894420064635415 3.651589494984643 0 0
3.981288170105659 3.93685398006991 0 0
4.323269906998566 4.130993265102113 0 0
4.858806530519737 4.744434577241573 0 0
5.489487554295896 5.204193047403038 0 0
8.502178066056874 7.865332709066571 0 0
9.489616246131282 8.902680722420957 0 0
10.67450704737809 10.4388638116999 0 0
11.19822273704297 11.15852412466887 0 0
12.21792905315187 11.44004425250131 0 0
12.70954197662141 12.55792862838491 0 0
12.96839658542786 12.93450528151183 0 0
15.97049600111286 15.51121020821514 0 0
16.71308824429398 16.36944438197108 0 0
17.81609481135539 17.62073444815053 0 0
17.8841095884181 17.86778203997974 0 0
18.76551357783039 18.62549522937974 0 0
21.38984038637585 19.00263125037481 0 0
22.24345416710354 22.19888840202156 0 0
25.43198789217816 24.42690277024531 0 0
25.88570386154828 25.8505905595062 0 0
28.50259197987047 28.44715754960528 0 0
29.02215236777429 28.95612277853688 0 0
29.28821608235366 29.28561131817645 0 0
22
0.6347956577925942 1.3952887285523 0 0
1.41138860815643 1.615128277460138 0 0
1.894377620281713 6.868299838853414 0 0
7.473015994202168 8.326076626301949 0 0
8.578586035558352 8.846053861879655 0 0
9.244595663657424 10.64810789840698 0 0
12.06327365565321 12.25419600567669 0 0
12.30487281663399 13.24948501223947 0 0
13.7303902489577 13.79424677622198 0 0
13.9611948333725 14.68948158207436 0 0
15.27968036594003 15.73341172759273 0 0
15.78604615091646 17.00853037035581 0 0
17.01978101086334 17.05032928595476 0 0
17.14401133202326 18.08554007867111 0 0
18.18349971833593 21.50101769961034 0 0
21.59966189217914 21.92812272707306 0 0
22.42947936351504 22.82963844750493 0 0
22.88158470543729 22.97535820831374 0 0
23.02920572733649 26.18403524638691 0 0
26.18736234792874 26.43058959661389 0 0
26.66492149818187 29.56792164613291 0 0
29.6796416399253 29.89267045435833 0 0
