# Status file for ctqmc. Used to save all times t_s, t_e.
10
22
1.128182509375449 1.124750767074643 0 0
1.241273212993364 1.161190006501307 0 0
2.076298040228858 2.070441193349826 0 0
2.762697046168417 2.547649907578585 0 0
4.06939118147408 3.276693268949086 0 0
6.699238667285636 5.394444660939525 0 0
10.81561255768964 10.80760852638573 0 0
11.98589447166517 11.94775201359193 0 0
12.72353202864213 12.68687577725079 0 0
15.78451717740565 15.77223996576503 0 0
17.47859640844035 17.28459390743058 0 0
17.88634362054322 17.60731963420575 0 0
20.15243144635381 20.14313184073137 0 0
21.26859893705024 21.08589725621181 0 0
22.02436774749761 22.02210719463403 0 0
22.46489087821589 22.4439575818331 0 0
22.95870118557725 22.90834732702171 0 0
24.46199059632239 24.22940244984438 0 0
27.04822428768591 26.92301898444216 0 0
28.02555394054005 28.01922866157613 0 0
29.3281813481563 28.98857123141509 0 0
29.76632988606098 29.74383110395469 0 0
17
1.758374430325905 1.553102399333415 0 0
3.559337568678718 3.435119403073539 0 0
5.359893196595323 5.349203302276601 0 0
6.757041067956593 6.649707358166771 0 0
7.682623304204988 7.592082774412438 0 0
8.785425469731646 8.778993699692304 0 0
12.67716521872034 12.18378641814471 0 0
13.3919057476603 13.35035905550276 0 0
15.65043728671894 15.3503930084596 0 0
16.50920269124078 16.48146070360303 0 0
18.69276440373203 18.62659033692255 0 0
20.24006104584653 20.23318333212904 0 0
25.28242568752444 25.20482797177207 0 0
25.63392857540057 25.63212930200714 0 0
27.15081197689852 27.12499528008633 0 0
27.17054683119761 27.15827466227419 0 0
28.55799738229265 28.54627812040402 0 0
10
0.7342259487099138 0.7227524024094093 0 0
8.804451453070339 8.785826738511215 0 0
10.08579334278887 10.06122586321507 0 0
14.89265891287275 14.81033512640709 0 0
15.12917445946949 15.11915941327343 0 0
15.4620513513524 15.36408924224398 0 0
17.6109151533701 17.20124093495706 0 0
19.24497400525997 18.05635783362055 0 0
21.61233796362647 21.45468558325329 0 0
27.15514748252668 26.83605571084541 0 0
19
0.09493898024274472 0.0936594348507036 0 0
1.383752958306688 1.202153479966586 0 0
1.469870892036686 1.41827382955712 0 0
1.7266735336504 1.66558628861657 0 0
2.327883560726151 2.321018923121246 0 0
4.590954451659845 4.556129721816081 0 0
6.110520279091051 6.014139980163051 0 0
6.513477836273543 6.501168342460576 0 0
10.60328702115766 10.53185729691897 0 0
10.92705276149707 10.90771417918941 0 0
11.97330584916553 11.92514986298092 0 0
15.70007128796529 15.6353739441332 0 0
16.39545411740398 16.29777243957386 0 0
17.79443601025062 17.74246714865171 0 0
19.74545064210325 19.65832083646369 0 0
20.92152173027122 20.73162714173854 0 0
21.98514113396464 21.82841105290492 0 0
23.86514219104327 23.84364540566476 0 0
28.89238273474339 28.83378076482868 0 0
19
0.7241470567914672 0.6466471751102213 0 0
4.057400027465609 4.012489969147195 0 0
5.896179608618367 5.845998829888515 0 0
6.53388415721868 6.273341185720688 0 0
7.056649108438243 6.847659714478099 0 0
7.10841904646654 7.099336761061449 0 0
7.324007584995718 7.176458847625203 0 0
7.601861988736288 7.503143208259289 0 0
9.927312498417203 9.905245156145796 0 0
12.28538364838223 12.23084106304191 0 0
14.19291870545482 13.83583557090041 0 0
14.21933541751461 14.20181175513155 0 0
15.70878871827816 15.61085894174296 0 0
16.74411449054682 16.44849847249816 0 0
17.69179362521064 17.48345591038341 0 0
18.27704720812393 17.79449537224726 0 0
26.64231881932519 26.6043266678018 0 0
26.80375177649735 26.7349274404259 0 0
27.91944757992898 27.88776940933633 0 0
16
0.3117994229202767 0.7816596375703022 0 0
2.797756369612859 10.10322960078386 0 0
10.48739656461326 10.5575732813293 0 0
10.60851974839475 10.82781493864294 0 0
11.269357081691 11.98269192015193 0 0
12.05852336118869 13.22815874639901 0 0
13.2358621671521 13.30022990007996 0 0
14.15694963832772 16.90551659498143 0 0
17.07685124337794 17.33098057372153 0 0
17.35412120938094 19.62224189539142 0 0
20.54618801035858 20.65931360028066 0 0
20.98311912401476 21.29679942533232 0 0
21.44084707762906 21.46528196970038 0 0
21.50798380224632 22.91791551548821 0 0
22.92601180547317 22.92820928766426 0 0
26.26553807149706 29.5584140267811 0 0
25
1.129766563546319 0.9769829336328506 0 0
3.962642439894399 3.862167602680808 0 0
4.878636391978896 4.46392073515966 0 0
5.701008263085758 5.15700573982891 0 0
6.276073006289271 5.76604040003239 0 0
7.459526740099514 6.892173160745163 0 0
9.164344424661481 8.105733298310652 0 0
10.02930879342893 10.02883655649555 0 0
10.40185072949736 10.39851783507651 0 0
10.86991779157952 10.52613906296079 0 0
11.44511563908484 11.31035802616322 0 0
12.10209501160515 11.7181394327066 0 0
12.46490870985258 12.45542453926311 0 0
16.05095163841696 14.90772674045068 0 0
16.63052051909323 16.45767578256399 0 0
16.73003229965666 16.71905306938743 0 0
17.32586840742812 16.82259160927288 0 0
18.04550305989481 17.51734674490125 0 0
18.33515598509166 18.11584266197629 0 0
18.8977607600782 18.89757779182106 0 0
21.67342874766168 21.63377078079358 0 0
22.55895432603387 21.77985135643601 0 0
25.93943253670792 25.66143856992626 0 0
27.36764287519702 27.35504056385748 0 0
28.11237524045199 27.92782331778663 0 0
20
3.103691650563697 0.07938892465899627 0 0
3.898228274261241 3.875458500186157 0 0
5.34161447526209 5.265340728751331 0 0
5.813469750208327 5.805707354953068 0 0
6.88382866566762 6.630817776454557 0 0
10.86247889474457 8.895748645540481 0 0
11.32934547309962 11.0860973046534 0 0
12.72552218906369 12.00325790448179 0 0
12.78603335355251 12.74988738840536 0 0
14.01744950479639 13.74468367149641 0 0
14.62034175243214 14.59423242503351 0 0
20.43960874723032 20.1600091697181 0 0
22.05090786467457 22.05086436085407 0 0
22.55249528411025 22.31234988942276 0 0
23.22475712064303 23.21010703434407 0 0
25.34274727720772 25.25559784474395 0 0
26.01509226956821 25.86003057661874 0 0
28.98359504027582 26.0845791859124 0 0
29.45764769463016 29.33811342335888 0 0
29.92857648593764 29.49210450311611 0 0
23
0.9710766015061644 0.9306373818832014 0 0
1.324489576452339 1.267490820032756 0 0
2.126016274323411 1.922659878876981 0 0
4.209480295752686 4.056891622180306 0 0
5.066466977369532 4.874692149157098 0 0
5.593308170621529 5.558420011050933 0 0
5.894265246260239 5.683619028579791 0 0
6.579724314547689 6.579239234542838 0 0
6.846743820502985 6.816759201828873 0 0
8.232510788382555 8.074963611771203 0 0
9.82711887259318 9.669096392487079 0 0
15.80255540127166 15.70578400531253 0 0
15.96386936608225 15.8136554517328 0 0
17.90503094969666 17.8921977167326 0 0
19.21634954967571 18.78545183107921 0 0
21.86831902960553 21.56994984198285 0 0
21.94040923074292 21.89776386544425 0 0
22.3960391594524 22.0071700138337 0 0
24.17156658442202 22.41070717677915 0 0
24.89585402965009 24.8901214746881 0 0
27.10761570714408 26.94632623505393 0 0
28.34752952533649 28.20102236109782 0 0
29.67128944464792 29.65532890433578 0 0
14
0.7522707453195352 2.322442773384605 0 0
2.461899637011797 3.058873271704891 0 0
3.726877190841642 3.979881858061266 0 0
4.021538661006639 4.16817492963066 0 0
4.804859152252255 5.595788616667519 0 0
5.66187944977937 7.842293294573238 0 0
9.613817443758972 9.653460809968749 0 0
9.670547672020884 10.236804477254 0 0
10.24008021997414 10.68235017128929 0 0
10.7283350567847 14.15597611277693 0 0
15.25936876626302 17.05451766076668 0 0
17.06727340549805 19.08479408752615 0 0
19.15285328307445 25.60292877751335 0 0
25.62198919590227 29.87758673291721 0 0
