# Status file for ctqmc. Used to save all times t_s, t_e.
10
18
2.236505480047089 2.022497527502156 0 0
3.68849579169546 3.436004711899674 0 0
3.954167789270965 3.921554570372831 0 0
4.853809033821689 4.745387171785382 0 0
5.117135975167286 5.04756090834971 0 0
6.4906261465293 6.405442069598804 0 0
11.1891152676652 11.03811242849079 0 0
18.40699599628127 18.22004701486095 0 0
18.70802740782125 18.60336027733517 0 0
19.61935030787365 19.56867534351785 0 0
19.83672354097944 19.80101883009743 0 0
22.88170021994177 22.84718319765584 0 0
23.54879204544106 23.40040361538785 0 0
24.04305772034975 24.01931928684142 0 0
25.61545276952187 24.4506394367389 0 0
25.78396568433483 25.7160323773712 0 0
27.32781477171772 27.3072214313304 0 0
29.16026397611677 28.99803519509878 0 0
17
2.969745094965843 2.772110357419567 0 0
7.777937588521174 7.634905892741989 0 0
11.69135020859826 11.13227987141511 0 0
12.62999897567043 12.59023486337203 0 0
13.32153477603731 13.28166124323699 0 0
13.87366088339016 13.75323767659907 0 0
16.00531021815234 15.96639289957508 0 0
17.09607090391738 16.47595613052731 0 0
17.76721037328359 17.73617712640479 0 0
17.85562954811913 17.84465938574154 0 0
18.51556373464207 18.29874539118596 0 0
23.59368081011262 23.22617097462494 0 0
23.86197313346589 23.73789530767743 0 0
25.77503767733147 24.89547643309113 0 0
26.39093284702955 26.21666392741905 0 0
28.15972554798543 28.05054872117613 0 0
29.93687099259093 29.8623886654414 0 0
14
0.6590841841302761 0.6101764846829276 0 0
2.765655601652567 2.76424707416206 0 0
4.183158793247354 4.176660963701801 0 0
11.72548231615275 11.67088637320437 0 0
15.18940721004297 15.13625439323427 0 0
16.34289898568197 16.27324209256985 0 0
17.11606103304997 17.10327957195543 0 0
17.69953818005781 17.69890092954716 0 0
18.43640644604284 18.37846385077094 0 0
18.56157279484227 18.55734237049101 0 0
23.12423414350143 23.01028027983083 0 0
23.74001074462127 23.71788204925422 0 0
24.28153707565366 24.20596902567497 0 0
28.91622697899655 28.81257851652372 0 0
16
1.146281564820991 0.922575524572725 0 0
1.325391329130071 1.262486029664591 0 0
2.37003997502207 2.364625132713591 0 0
3.786726137452185 3.696777201625529 0 0
4.334288586707725 4.329384140286986 0 0
5.564893494398317 5.380851136641922 0 0
6.70155822510465 6.626622014596631 0 0
7.968380450020496 7.497035660900671 0 0
8.478576740761106 8.045516331118945 0 0
11.36197346030741 11.30078913493128 0 0
11.78490760093142 11.67306662977109 0 0
13.75256877536303 13.66618027968061 0 0
21.6016606937409 21.53108948519436 0 0
22.90626062564716 22.86317561208275 0 0
23.80355967238247 23.77842714147002 0 0
28.30714226202234 28.30065355626272 0 0
13
0.957010421863135 0.8798055336073354 0 0
1.885128833673247 1.875364751379856 0 0
3.043463434084779 3.025648256333524 0 0
5.860266844839542 5.562000780162191 0 0
6.825525983227286 6.821778114428045 0 0
7.818380749163467 7.815930468205313 0 0
13.12061275655533 12.89938214851457 0 0
13.38331649760769 13.26269315222947 0 0
21.52688195162483 21.43706281195653 0 0
24.33316199160269 24.28853474515734 0 0
29.55418157771531 29.53860792024077 0 0
29.91547977003632 29.81978736066627 0 0
29.979180577581 29.97019324217366 0 0
22
2.775810247766957 2.516161773778028 0 0
3.684361259054965 3.377533788365771 0 0
5.083105348562837 4.423604454774665 0 0
5.591794458487283 5.267312655535441 0 0
6.608016971533912 6.012675680216198 0 0
7.510745379734706 6.848373844661818 0 0
7.802993453061127 7.732820299085867 0 0
8.46108034002752 8.434194454229083 0 0
8.811102148291006 8.720615699604819 0 0
9.205738710540704 9.008676546747818 0 0
10.46003015274112 10.35297250668164 0 0
11.40209208848479 11.17687654323994 0 0
12.21739379819219 11.50878127903945 0 0
19.21196707706016 18.70706338765544 0 0
19.46259541520156 19.28750336262765 0 0
19.98929077401682 19.92905357669469 0 0
21.12560863443086 20.56437409038049 0 0
23.0449669278431 22.99485673378841 0 0
23.6541502295705 23.62845147432082 0 0
26.15472634256168 26.0978088602355 0 0
26.68848024681389 26.52966382812528 0 0
29.98976167444041 29.95783836417734 0 0
25
0.7721940606026827 1.31438752834924 0 0
1.994935475979135 3.45518437030906 0 0
3.493683731143052 6.995623945103234 0 0
7.228080560866005 7.414802238282083 0 0
7.481552770185923 9.35021901952172 0 0
9.356527988162766 10.2975902252049 0 0
11.00190863018216 11.62143537798686 0 0
11.68987646584894 11.93802036933013 0 0
13.58520982530756 13.67282965450177 0 0
13.94361523701722 14.37467629075817 0 0
14.74949251040489 17.0134570458715 0 0
17.39734390844869 17.48549898904778 0 0
17.5445050470077 18.05027506808882 0 0
18.05744367361856 20.6071861934422 0 0
20.6278680523139 21.0180108752852 0 0
21.59540661590564 21.85070716084103 0 0
21.99475316102049 23.61835656551113 0 0
23.6212332071287 24.04895564629179 0 0
24.4016150456786 24.58882629286888 0 0
25.20206140195448 25.46229855063712 0 0
25.54536660999347 25.621024558386 0 0
25.73180515030447 25.89057953618138 0 0
26.07613651939462 26.89146261499503 0 0
27.22442868155554 28.36949167460662 0 0
28.38003103056926 29.10206340912309 0 0
11
0.2914300938186898 6.757317204058011 0 0
6.812893216480409 8.485648620346328 0 0
8.591466714264174 9.446915853211198 0 0
9.653102332392052 10.24901489680954 0 0
11.15035327206566 14.50726377331868 0 0
14.53936988206063 18.74620610144163 0 0
19.0465759295035 23.0873157598523 0 0
23.19091040491834 23.56557525794758 0 0
23.67233082073379 26.72151200544849 0 0
26.92630566588286 29.15415612211809 0 0
29.20148983794961 30.06283042270638 0 0
33
0.5068100895489863 0.465150475553564 0 0
1.555532208378535 1.143298048496099 0 0
3.67198495370097 1.712717106717104 0 0
4.139194027434399 3.938167925496042 0 0
4.986008543427311 4.975699945028481 0 0
5.736754564731038 5.679969373760401 0 0
6.252125976761842 6.054971658580681 0 0
7.89959732728413 7.705449749458661 0 0
9.66250195471188 8.686131182697276 0 0
9.719618514707635 9.718277405259698 0 0
10.22729450563032 10.0483973984743 0 0
11.97397200833149 11.01629037673332 0 0
13.28600123881591 12.46671094847879 0 0
13.35363833941106 13.33893200961861 0 0
13.58399776516243 13.51872282373333 0 0
13.80924122970434 13.7404237825378 0 0
14.0547975238943 14.0458456941585 0 0
15.25167697568375 14.07018860963981 0 0
15.3064501392295 15.29155815395753 0 0
15.66148671904819 15.34633166030763 0 0
15.82527194768099 15.7796090051987 0 0
17.29083850470601 17.1553467620258 0 0
17.9198690602554 17.63291184234103 0 0
18.5982374430687 18.4566163401943 0 0
19.05937852059932 18.94522668315545 0 0
20.59743587950696 19.74041523168325 0 0
21.24849414216891 20.68332245112581 0 0
24.04676450913729 21.45927506399631 0 0
24.71211073246243 24.18261837275789 0 0
26.5821927975726 26.49955152882709 0 0
28.36134025413468 28.00017233940814 0 0
28.88756564259298 28.55680968937405 0 0
29.15719247351998 29.15097730174163 0 0
12
3.007404766912599 2.962361662083087 0 0
8.019904110367907 7.654034185280615 0 0
9.633490303102768 9.632988492703461 0 0
10.24272374806752 9.819216241216283 0 0
13.9537338663268 13.81071811144835 0 0
15.39666723020179 15.29607424091911 0 0
16.96589124287562 16.81937177463179 0 0
20.42859606789556 20.23710793036135 0 0
22.45635215278211 22.37730433147486 0 0
27.18087635800973 26.94575374156928 0 0
28.01155010561813 27.23455901346006 0 0
29.70983284781324 28.47487266609885 0 0
