# Status file for ctqmc. Used to save all times t_s, t_e.
10
19
1.239478671532479 1.080238627209777 0 0
1.967301719993731 1.961341907697063 0 0
3.472847792115379 3.466684355356301 0 0
8.85177320664202 8.850505267008955 0 0
11.3998310667577 11.36769939718262 0 0
12.04501843693571 11.99708131976417 0 0
16.51378801954646 15.65311751784262 0 0
16.82476403746493 16.7548465932202 0 0
20.05392805523137 19.39962583359232 0 0
20.5035819783336 20.43698918797998 0 0
20.67434275528269 20.561427716049 0 0
20.8355656450041 20.79021042967945 0 0
21.35886986884403 21.31417080014153 0 0
22.62883723728142 22.58240137475714 0 0
23.48948045270496 23.4458037940533 0 0
27.97237217308286 27.60902721931151 0 0
28.46919674515783 28.46331544183281 0 0
29.29923514189571 29.27359160741408 0 0
29.50996000296374 29.48224099838085 0 0
19
1.693259408130133 1.637501289496777 0 0
2.06045835329194 2.050706592004303 0 0
5.511469477368834 5.436660725209071 0 0
10.01916587798001 9.716622526554765 0 0
10.57003422086671 10.53538907763308 0 0
12.54495999809593 12.36712335581526 0 0
12.60634174847102 12.59479224624108 0 0
12.65675746171791 12.62029336496968 0 0
14.62223033945508 14.61869476667873 0 0
17.73669969711781 17.51307733410578 0 0
18.53533380125113 18.49510211769566 0 0
20.73368791123712 20.19940100709323 0 0
21.57028965281704 21.38453814177875 0 0
21.86538443393013 21.8311889070838 0 0
22.55004078290823 21.95641417126638 0 0
25.90977112787872 25.78778321528795 0 0
26.44289743883551 26.31934498014983 0 0
26.80310872962456 26.65194469695446 0 0
27.78477799536628 27.1267392292365 0 0
12
0.01468295152666954 0.3655192598676642 0 0
1.148173957498294 8.34254352619549 0 0
8.360891668898327 12.78501266402513 0 0
12.8187085897351 13.9030032256038 0 0
13.92172124207571 16.06015154369828 0 0
16.09747250869391 16.47980498003698 0 0
16.47987507899415 19.92692620642969 0 0
20.11640887510734 22.02983522411679 0 0
22.03551285316179 24.22332117235705 0 0
24.29553985693971 25.63827917328376 0 0
25.71147771825397 28.05156482622888 0 0
28.31230473835358 30.04303950922999 0 0
15
2.062540571692912 1.774243206313706 0 0
2.54886431724653 2.278356459706882 0 0
3.490427418469149 3.471120133552984 0 0
6.531575547493673 6.434526377074572 0 0
7.962390345367792 7.724828554473875 0 0
12.56264512086712 11.02577536862986 0 0
14.2593009192458 13.20034882370395 0 0
15.04953880561801 14.91979223848139 0 0
15.55021732726431 15.32635712416518 0 0
16.79431666759549 16.78770163691851 0 0
17.10364583107953 17.0896030027213 0 0
17.7063563076089 17.69354870067038 0 0
23.64167763147774 23.57346108652615 0 0
24.60861524269174 24.56656975795795 0 0
26.19910928377357 26.19685081865563 0 0
17
1.644705912740505 1.582819189407722 0 0
2.461937555090319 2.455451644366215 0 0
4.033680521675848 4.016727828898116 0 0
4.992884063452383 4.546304838733317 0 0
5.20638285446892 5.130399359366886 0 0
5.215504732007433 5.211318235989755 0 0
5.566516775644647 5.219416668312949 0 0
5.835653773516288 5.792098966019253 0 0
8.463825146312129 8.45390067293626 0 0
11.02863049380962 10.59503143244492 0 0
20.43235111297693 20.39257135412771 0 0
23.08542502102094 23.03412280295721 0 0
24.1393748967813 24.00034346984165 0 0
24.59974224343765 24.54186223020386 0 0
26.53057720484734 26.45006958051865 0 0
28.31896176439448 28.31124598793243 0 0
28.48638923322444 28.41942805241871 0 0
28
0.443992299406883 1.147484760416415 0 0
1.6030713487118 3.413366135100563 0 0
3.487236016159186 3.553540776981781 0 0
3.608913113132762 3.79938611132685 0 0
3.810288642390476 4.383720043905197 0 0
5.147341017480155 5.670849704639838 0 0
5.784780524893109 6.69475904181279 0 0
7.551822429878351 8.687157291032911 0 0
8.78058056185597 9.881294415530432 0 0
9.891480920625362 10.27619355030883 0 0
10.31538873262472 13.01336933382759 0 0
13.50111747298386 13.52306610093852 0 0
13.60737900987566 14.11826771511791 0 0
14.21776178815251 14.27636875200479 0 0
14.60567042729329 15.51605239799364 0 0
15.51919493994151 15.536220930375 0 0
15.56099487562015 16.84836975151075 0 0
17.31755420361088 17.77670749072023 0 0
17.83045490181587 17.92299048364312 0 0
17.96812966423578 23.69033983809229 0 0
24.5851042584012 24.83938415919053 0 0
24.98323506442011 26.25460479656243 0 0
26.5139850659841 26.59200900893949 0 0
26.66764160580598 26.70972357084424 0 0
27.12344428027104 27.28560406229833 0 0
27.29346940623587 28.2892471828047 0 0
29.36854747238651 29.38012496469934 0 0
29.43951647175348 29.84808591307812 0 0
23
2.241925189997506 2.789705843205197 0 0
2.975267941919112 3.09642337362615 0 0
3.175665188484488 3.238397690305474 0 0
3.264270005547147 5.775797808633857 0 0
8.77095609289357 10.50841025282711 0 0
10.76062940783443 11.02873493834404 0 0
11.09668207231318 12.0646231030478 0 0
12.27319272208618 16.55924088326395 0 0
16.57763684972129 17.45103393359792 0 0
17.4935031608723 20.59447556350956 0 0
20.63869358268531 20.99449508057177 0 0
21.01637592941951 22.30335156465952 0 0
23.7277719213522 23.91445166943373 0 0
24.04302473385076 24.15428155712644 0 0
24.16276328356632 24.57244257890478 0 0
24.78122165164746 25.24434561974749 0 0
25.72522949844222 25.8751520005317 0 0
25.8965795753128 26.5128052708524 0 0
26.54202638605616 27.26265307255466 0 0
27.48410147098782 27.70542350547496 0 0
28.01042961067779 28.73670281331582 0 0
28.78829792689338 29.4988517183931 0 0
29.91637949159257 30.058753179772 0 0
14
4.154342839727829 3.921031215094879 0 0
4.669812171752438 4.38383296691264 0 0
6.637313887046323 6.625174421846529 0 0
8.575760820303229 8.538616767931902 0 0
9.766529255229687 8.834418485078624 0 0
10.02892831024565 9.96815024136818 0 0
13.66913361979855 12.39077336662552 0 0
15.39379701437774 14.1053418533646 0 0
16.85720475964131 15.40283568198629 0 0
19.02517357077659 19.0005556506537 0 0
20.23101795446916 20.21545932377074 0 0
22.66347964790852 22.56975549392885 0 0
26.88504661656481 26.87662500624258 0 0
29.55823515534426 29.5247390496631 0 0
25
0.145279328182486 1.941579047479095 0 0
2.030507310796635 2.072119014916987 0 0
2.310856654575128 3.684603930082963 0 0
3.911235211265455 4.441996129645685 0 0
5.319093178669046 6.206190533987458 0 0
6.301630981634384 7.59682380649504 0 0
7.611883015231075 8.247886816422417 0 0
8.319389755301367 10.98348646332966 0 0
11.00023060299717 11.1071360087351 0 0
11.15016556156283 12.67989192022409 0 0
12.71137156402452 14.45105567072275 0 0
14.61699214577326 16.60843200333708 0 0
16.76121879850214 16.7686094357291 0 0
16.82258722672645 16.90431745705703 0 0
17.53897866024336 18.21744834629087 0 0
19.10112702278007 19.11375731596298 0 0
20.53029664645686 20.90865183849042 0 0
21.19175540764255 21.23354306741041 0 0
23.00236931706768 23.47954145101045 0 0
23.48321322426725 24.15821878500492 0 0
24.1705548047609 25.52299918561429 0 0
25.57750233897259 25.75885800784564 0 0
26.73024387586776 28.96969872759387 0 0
28.97617733050183 29.56440295357051 0 0
29.64730085875158 29.72351430514602 0 0
21
0.4105343460466528 0.2256795939928651 0 0
2.455655644301775 2.045107951002218 0 0
4.01628027554967 2.480424627668584 0 0
4.179891951919777 4.083092402095692 0 0
7.395812615210875 7.295284849793987 0 0
9.420577160833247 8.194409530618822 0 0
9.568911715980372 9.530529238295886 0 0
12.13199018533149 11.89938142208227 0 0
13.71814513810917 12.25340969606247 0 0
14.12901816529317 14.06721174263297 0 0
15.09467719985852 14.84317831404166 0 0
15.70903342915978 15.46340193657572 0 0
16.62877155638169 16.54774874163469 0 0
18.54471131198681 16.77877090761256 0 0
21.042803362034 21.01746959588024 0 0
22.69326234877928 22.54091169673686 0 0
24.29904497141483 24.26925373498723 0 0
26.16318929055579 26.15471662607396 0 0
27.96454002486908 27.95840195705545 0 0
28.79912098501739 28.69241752625199 0 0
30.00399411282062 29.98838381362239 0 0
