# Status file for ctqmc. Used to save all times t_s, t_e.
10
10
1.166321690606989 1.124684977952023 0 0
3.514276739925327 3.425952661592857 0 0
4.84125297143415 4.683708970874942 0 0
7.876921239864583 7.481628452359946 0 0
12.34817695042463 12.33438338356348 0 0
21.32494044838149 21.32133689841039 0 0
22.3950373151576 22.24409382282096 0 0
23.74330479663931 23.03498699045378 0 0
26.79923028490713 26.72298341687821 0 0
29.77909717205141 29.64062420109992 0 0
11
1.948641217374109 1.806224408583549 0 0
2.246011657342661 2.023585123936131 0 0
2.698619612657622 2.565225062312298 0 0
3.601996036641237 3.492910614586111 0 0
17.90111793192673 16.81595785997783 0 0
18.26603941502276 18.20483537237853 0 0
20.88611884602759 20.82253588481863 0 0
21.00684315996138 20.99218738837109 0 0
22.44890080804872 22.29187679856245 0 0
25.53746898263414 25.40115591479947 0 0
29.1975437216812 28.83624642208878 0 0
20
0.3099963661992144 0.282098075578034 0 0
3.99813431465213 3.681066208319207 0 0
5.018564747038626 4.881958404221905 0 0
6.941590037244126 6.870745562580601 0 0
7.511318749883051 7.472745592814208 0 0
7.951537967663906 7.938199326341345 0 0
9.616663293822008 9.611051026855028 0 0
10.45081773609856 10.44133345526602 0 0
15.12322095453907 15.07864263329342 0 0
15.64868976332156 15.40757302307656 0 0
17.92060520752194 17.86955159365938 0 0
18.47930954593882 18.26130486333738 0 0
19.31647163629113 19.31065768882547 0 0
20.62553697940541 20.62192654203595 0 0
21.27032572573822 21.14763841276546 0 0
22.2718026548728 22.26389860456026 0 0
22.63283860488835 22.55801227534877 0 0
23.39206812445642 23.1990213565048 0 0
23.8496527010154 23.83226582569944 0 0
28.12048271506038 27.41530394674862 0 0
14
2.168417862910112 2.151930477936599 0 0
4.467432434652113 4.387077512395628 0 0
4.696140656062747 4.50924566928632 0 0
5.071553177999311 4.84496853515682 0 0
6.113870934802866 6.064125720252869 0 0
7.322211053011049 6.888179590024326 0 0
9.017237101566536 9.003273120640618 0 0
9.709660713781702 9.629685210604869 0 0
14.76601419546755 14.76583371046407 0 0
18.95144230190196 18.87357380422966 0 0
19.24773785665737 19.23714745011218 0 0
26.20665106746688 26.02429339158526 0 0
27.8336167392476 27.64843318807704 0 0
29.28829285234957 29.24444056820519 0 0
12
2.000779591537768 1.963561431495608 0 0
8.499630090575902 7.773277221566849 0 0
9.98436714813011 9.969847412360368 0 0
13.30666020965754 12.71305327714395 0 0
14.05646014160179 14.0436511499944 0 0
15.33173491551975 15.23967878691788 0 0
18.47633180798842 18.45780068658047 0 0
24.94222044516744 24.91060746846895 0 0
25.98450170075745 25.80979192045345 0 0
27.11221240297625 27.1054373189615 0 0
28.57989110404903 28.53202233513623 0 0
29.37253262754695 29.29359917211421 0 0
31
0.6018729941515416 0.410109050195593 0 0
3.113567194782278 3.063098173367997 0 0
4.353770654268089 4.223159841294446 0 0
4.464817731297271 4.428586174070823 0 0
5.642120006832793 5.46451030091525 0 0
5.909337229752426 5.824667156503932 0 0
8.420328429025179 8.410838390284399 0 0
11.33708106785532 11.18669846151928 0 0
12.56645012454208 12.5358457678009 0 0
13.19144840152149 12.85299464703712 0 0
14.50733307663696 14.0350354309062 0 0
14.82258592233385 14.80702439001987 0 0
15.40634114601151 15.35904528777673 0 0
16.60803804161851 15.83144053752596 0 0
16.85058578526213 16.68125739044794 0 0
17.85077023721777 17.78202193510381 0 0
18.57129606050109 17.93094966933419 0 0
18.9387924112746 18.92829721317711 0 0
19.59541526041252 19.08216634074876 0 0
19.78313505402915 19.77362667945726 0 0
20.41489295337498 20.13840932412422 0 0
21.0771507197309 20.51674692041946 0 0
21.99845476649292 21.99596292613564 0 0
24.15029902098065 23.69058608274574 0 0
27.23845714248284 25.60178420783242 0 0
27.73310643132617 27.60678856483397 0 0
28.21332418570313 28.04798317731396 0 0
28.2990726023885 28.26940372341345 0 0
28.79985936618047 28.78923599894094 0 0
29.91212203631556 28.98464610752881 0 0
30.04382067444567 29.94807527766309 0 0
27
2.884186219427916 0.05464948013818116 0 0
3.078930880484182 2.954858406916552 0 0
3.463145886287854 3.089325332088315 0 0
4.295747084045538 3.977431368732338 0 0
5.868955417881153 5.596293545908479 0 0
6.302612792206371 6.015330159964913 0 0
6.455568184183816 6.330771796850278 0 0
6.959428394324365 6.740372051581152 0 0
8.084922699679799 8.044646673716413 0 0
8.447402516224404 8.24489508306892 0 0
9.881815087220414 8.490114829441017 0 0
12.34154146057368 11.27425789678326 0 0
13.27940672489355 13.03693471061485 0 0
13.59940084171005 13.30266292652729 0 0
15.628073574616 15.61313696168711 0 0
16.08749583777065 15.75497686523828 0 0
16.97735585125711 16.90198833466443 0 0
17.67390825007002 17.36831626692197 0 0
18.32588986254394 18.10681827282799 0 0
18.62784629303637 18.62539165802178 0 0
19.72323200120782 19.65547695160851 0 0
20.34182575897973 20.32226015929126 0 0
21.49206808333795 21.20435628401676 0 0
24.2015165674652 24.13889278837017 0 0
25.88840774714632 24.89314804151349 0 0
28.64010597151691 27.00521062950178 0 0
29.72597963020486 29.70124221147215 0 0
15
2.884959533135866 2.840519694389909 0 0
3.915171724682833 3.906654238654323 0 0
4.876883443186721 4.840659563972282 0 0
5.783110169956993 5.054466498270178 0 0
7.053823293303579 6.073530989237613 0 0
7.233708028091488 7.225852091068209 0 0
8.123667239162264 7.307112695732124 0 0
10.76266612645982 10.73859686432317 0 0
11.67156796308896 11.52051116881181 0 0
14.61163333638642 13.77022010414152 0 0
16.91460363722618 16.0029342352017 0 0
17.01675346651519 16.96845554930882 0 0
18.39511789824466 17.07073782618492 0 0
19.13365297371568 18.91793472073693 0 0
21.00742530023007 19.78052592645042 0 0
23
0.04049323122826465 0.738748845886807 0 0
1.271022017782624 2.262458985942255 0 0
2.326753213480843 2.838845367687468 0 0
3.048590842626879 4.507588021504207 0 0
4.550416218709159 5.659958446455603 0 0
6.046800765488928 7.253445402083456 0 0
7.293245392188185 7.653699445505326 0 0
7.772007750576217 8.792204435333382 0 0
8.865435634810897 8.870161818212576 0 0
9.172034571738878 10.38907926390669 0 0
11.94359537868912 13.34722906922029 0 0
13.41536163762735 14.03339989710896 0 0
14.102090651856 15.207233214196 0 0
15.21944702920042 17.82210197485492 0 0
17.82873152894579 18.82560970511724 0 0
18.99673602023215 19.51871092843596 0 0
19.7206597395331 20.56749482288962 0 0
21.38355742711605 21.62244319513269 0 0
21.86271623264252 23.48333977186784 0 0
23.74688810176725 24.53513799913321 0 0
24.87708191670879 27.1655739689406 0 0
27.31644473632597 28.11874261255059 0 0
28.17709650644122 29.13527682836768 0 0
20
0.07226878255691815 0.3447066822273799 0 0
0.4615441472773085 1.292333888003766 0 0
1.43372149713618 1.768540968316241 0 0
2.330670082549595 2.672846570949214 0 0
3.622212211543431 3.669548832483887 0 0
4.422137360465853 4.718647676000245 0 0
4.763827996154665 6.154384718065338 0 0
6.20074680049884 9.533016278344538 0 0
11.55612222942572 12.06755689714145 0 0
12.36017986686619 16.05915299806489 0 0
16.07101996040362 17.55445169118791 0 0
17.90260492010731 20.11734690006617 0 0
20.12329903448802 20.15191847664899 0 0
20.15689059437767 20.20680819958279 0 0
20.21339078169314 20.81220219023601 0 0
20.82537651364286 21.43325212592811 0 0
21.52526810008112 22.031447435881 0 0
23.15743710395191 23.80480218001037 0 0
24.90366586153722 26.80598062495374 0 0
26.83439542707819 29.53284955092741 0 0
