# Status file for ctqmc. Used to save all times t_s, t_e.
10
26
1.702665037347626 1.649051730128701 0 0
2.739372106327771 2.645254610457423 0 0
3.858522714079295 3.806502133998601 0 0
5.361604165681332 5.361368894647701 0 0
7.507002556262441 7.451010338093731 0 0
7.540857529726614 7.511047052344752 0 0
10.85061034484068 10.47158915366395 0 0
14.24835584541142 14.2151412852904 0 0
14.89751418483649 14.84350527182661 0 0
15.10529712541924 15.08052362109873 0 0
15.46284177071809 15.4139157183938 0 0
15.50162152566886 15.46582697093097 0 0
16.48020359498729 16.44475232979369 0 0
16.8593558084392 16.84899403917064 0 0
16.93609916862802 16.92722256847017 0 0
17.06007449420942 17.01096222666781 0 0
19.02838165089438 19.02580845489387 0 0
22.5488603884398 22.06804898527347 0 0
23.14289138107302 23.04735571497223 0 0
23.6930400808397 23.586723271685 0 0
23.84152686823127 23.74803109824786 0 0
24.22156839597446 23.98151449318498 0 0
26.63261057488891 26.47568545051951 0 0
28.09358063707334 27.95843263186199 0 0
28.86226217269658 28.80411652295701 0 0
29.37650249196048 29.31883547597278 0 0
10
1.324047109732585 1.03021928124995 0 0
5.207440482631069 4.646375644123706 0 0
5.73651032162558 5.718060758097893 0 0
6.523830708497764 6.265112580590783 0 0
13.60323850051348 13.59161241600821 0 0
14.7953112517523 14.28426222726498 0 0
15.15563218213057 15.11914108266584 0 0
18.28918031117923 18.21709439575985 0 0
26.94083468919269 26.92228782141193 0 0
28.86859875142462 28.86092723703247 0 0
10
0.1204941122173366 0.1006616911499023 0 0
6.667496668674017 6.608109903598905 0 0
6.848146490545195 6.845164063262152 0 0
12.68118826925826 12.56661672031389 0 0
12.96378401874715 12.83640212508455 0 0
16.3114848539787 15.55736648260747 0 0
16.62199931755324 16.34156117124819 0 0
17.04514722785729 16.98365947481304 0 0
18.37981009148442 18.25165697491211 0 0
21.35386967283528 21.01023929468993 0 0
13
0.4223047533504918 0.345050366616853 0 0
1.508010291444818 1.309132129921198 0 0
2.49350056174858 2.433486967956485 0 0
6.032221572780108 6.014836483820349 0 0
11.2643293844605 11.22544930587749 0 0
11.87424234095861 11.82017889484467 0 0
12.16676750236368 11.92718622806092 0 0
12.92053415383291 12.41788175101403 0 0
13.55979156827432 12.95795413798605 0 0
16.97701726859027 16.97605681904333 0 0
17.90821504809897 17.90240101872535 0 0
18.73471479077883 18.59074738128671 0 0
22.10861914859669 21.99363456286038 0 0
13
3.441872150816489 3.392951051624116 0 0
7.068432152019344 6.716910156164409 0 0
7.708783028811609 7.637729437259022 0 0
9.882563209575538 9.735228174267872 0 0
9.97775560091565 9.901194613119049 0 0
13.41427764996291 13.27152650238987 0 0
14.10704862564766 14.0917662227009 0 0
18.12059647625215 18.10598783922216 0 0
19.31911659556641 19.14742341403204 0 0
20.50693686998043 20.4928371715271 0 0
22.48918525042201 22.44898015966348 0 0
24.58477085088886 24.33387851839894 0 0
27.87161353010357 27.63339439662599 0 0
22
0.09477120789984701 0.9489647846657486 0 0
0.9992549261718997 1.63432871321022 0 0
1.779145630167271 3.46953324472614 0 0
3.55264359600129 5.229601609071659 0 0
5.690825538974611 8.826593166306616 0 0
8.83256138968629 9.025844087702607 0 0
9.849258370186336 14.55219521606827 0 0
14.55305863313217 16.43990067208761 0 0
16.44484589559944 16.93561124556674 0 0
17.07444392845607 18.92384323187517 0 0
19.5862182892563 19.61156823552108 0 0
19.92445928969738 20.14972039535602 0 0
20.24433466459668 21.08230165487084 0 0
21.22985827311232 21.50199798958389 0 0
21.60979459645085 22.25565509757395 0 0
23.36219245230088 24.42365909727934 0 0
24.55140768361059 25.1767216300908 0 0
26.76103606557972 26.90001460734927 0 0
27.09036117506218 27.14358640575317 0 0
28.07654933294354 28.6612040861361 0 0
29.16194898457254 29.40862261597956 0 0
29.63349816482356 30.0481991712816 0 0
18
0.2510364455023755 1.055683787076749 0 0
1.656953831277912 2.404465259605029 0 0
3.060515696806821 4.277786041794307 0 0
4.373831958960381 6.420191080262612 0 0
6.647148495693417 7.320457925808452 0 0
7.573745398807261 10.17205465538797 0 0
12.22926177770492 15.13671441618016 0 0
15.18342131098078 16.14532461834295 0 0
16.1544218416046 17.61026158780822 0 0
17.84360724511238 17.88359062739638 0 0
17.94003302287751 18.29369087675704 0 0
19.28023067327475 19.5821178520222 0 0
21.87691404726862 22.14606767594228 0 0
22.3918418024693 23.27511518326908 0 0
23.79181533680539 25.98646526767784 0 0
26.01093559345856 27.78158176796282 0 0
27.9798970277541 28.53236379659542 0 0
28.92700817904388 29.85522212704993 0 0
25
1.036058285541198 3.374450564228558 0 0
3.434324372458493 3.718633210045415 0 0
3.795724461936812 5.275126809707607 0 0
5.370689482609569 6.050088739034226 0 0
6.05838597686894 7.581789753237715 0 0
7.619905847340762 8.15454150887998 0 0
8.659121888062341 8.749822538975149 0 0
8.872653146296601 10.85082378914636 0 0
10.91617496931798 12.21670068008319 0 0
12.31825552169553 13.80549627734529 0 0
13.80710890818147 13.83213881204599 0 0
14.01968511532215 14.04733875584213 0 0
14.1545416006523 17.65872357636192 0 0
18.15054655179246 18.99675209060692 0 0
19.11023811977547 19.53843145841399 0 0
19.67384875389948 20.06081844912144 0 0
20.21843929327678 22.66873660567914 0 0
22.68179272321456 23.0620479625072 0 0
23.10484054756414 23.48583751905509 0 0
25.01684043804039 25.78063526605382 0 0
26.85624023776965 27.74977368561528 0 0
27.8796073587539 28.75624054132577 0 0
28.89822011680008 28.93139613827731 0 0
28.93974145599215 29.70745809681588 0 0
29.75130952994387 30.06325817375471 0 0
25
1.231590881565233 1.20805918198589 0 0
2.711876095481965 1.398171150779518 0 0
2.870131832437342 2.8451680390466 0 0
3.679978561327039 3.240882921256238 0 0
4.591264224617166 3.718386875168009 0 0
6.503758732262659 5.676727111280815 0 0
8.439831659987226 8.161038798182005 0 0
8.835322568100359 8.821583063035689 0 0
13.13577166000396 13.09300616155558 0 0
13.47106111387118 13.46446879173745 0 0
17.03175708217334 15.70646026898725 0 0
17.7907126945793 17.79050967984026 0 0
19.22718219060055 19.14872374576983 0 0
19.91638250868161 19.68017352319975 0 0
20.7429745010457 20.28354160407472 0 0
22.10573427656024 22.07844848867754 0 0
23.60344458423247 22.22442878264784 0 0
24.42797078060728 24.4252151155561 0 0
27.23934125359325 25.04446904538834 0 0
27.34464775286416 27.2842445209225 0 0
27.60281183700893 27.36710584122893 0 0
28.06560325505878 27.86429920691883 0 0
28.730935613627 28.068961808284 0 0
29.27717790327243 29.02934710947936 0 0
29.76797488070094 29.59836730620906 0 0
18
1.328610333725135 0.3568368945225586 0 0
1.610097672681422 1.602296516807269 0 0
1.928941286196949 1.656627043262725 0 0
3.126726029196204 2.849411883358523 0 0
5.69620320330435 4.466877956671601 0 0
6.538229158759407 6.275518118481152 0 0
8.525097536509808 6.874123768470311 0 0
9.122765810568337 8.700638614677697 0 0
11.37023848829823 11.22463355614328 0 0
11.50031735866016 11.48622246769789 0 0
14.26128267544586 13.46812886362887 0 0
17.08389247904708 17.07554913359027 0 0
17.58249578320482 17.53270747654043 0 0
18.77429084055512 18.75947034389919 0 0
19.36054035013968 19.34749815978892 0 0
21.89750578193944 21.7826000737706 0 0
22.1190420788369 22.08925967426524 0 0
25.06902131395498 24.90824172415256 0 0
