# Status file for ctqmc. Used to save all times t_s, t_e.
10
13
1.488879309223895 1.457891530224977 0 0
8.170563295231076 6.944595742327217 0 0
9.043235723829213 8.726022551283238 0 0
12.23669052121497 11.97060323879731 0 0
13.27126367600634 12.25349669162727 0 0
14.05533805579079 13.55675174179013 0 0
15.89416526240261 15.8789633288591 0 0
16.00023743647653 15.96488195333964 0 0
16.31544700086949 16.24287554081387 0 0
16.48689357062688 16.44581938276915 0 0
16.891226627216 16.62148969595534 0 0
18.91790086748239 18.57928659634785 0 0
28.33311938315728 28.29354873678017 0 0
14
0.8098565982953865 0.754056203979389 0 0
3.167600472107917 3.123241336494829 0 0
3.346257435374144 3.247541621024109 0 0
7.388061536459093 7.294352502239917 0 0
8.627263900095656 8.549560112428223 0 0
16.01832223678858 15.97913994322192 0 0
19.98890241720734 19.89858296096832 0 0
22.81414247138534 22.18084660707899 0 0
23.03761905045141 22.96464561853315 0 0
23.6536512901362 23.62245170677717 0 0
24.57823535405677 24.51603788119994 0 0
25.58589976242335 25.3391640207477 0 0
28.46515867571322 28.41189704510175 0 0
29.67807505470606 29.6666360607657 0 0
19
2.107419762539816 1.670472014544934 0 0
4.074367228879359 4.07303372770332 0 0
4.324282397138176 4.249019448075233 0 0
5.689291658981168 5.532675909449179 0 0
5.844152351083638 5.819678111410113 0 0
8.071787962245434 7.979162161785612 0 0
10.81589597681231 10.81553445079822 0 0
12.18008411401577 12.01911881524505 0 0
13.68092102707221 12.94074118443266 0 0
14.07515062983686 14.003872348785 0 0
14.96838430813793 14.65658639000159 0 0
17.04648407444894 16.96732469086863 0 0
17.80405766797958 17.80124695672997 0 0
23.18256172714761 23.07603400994207 0 0
23.78605594567119 23.75245559657048 0 0
23.88856447502064 23.86971697770246 0 0
24.30513479471156 24.21082107338125 0 0
28.93426027842634 28.7494393769943 0 0
29.84773201284649 29.82377672391307 0 0
17
3.409463727406588 3.408544902950235 0 0
5.678624395677298 5.3611484063152 0 0
5.949531411968539 5.681091487021904 0 0
7.085208607321436 6.757124122910669 0 0
8.187545302926518 7.703067127821783 0 0
11.18557203078712 11.03712901393002 0 0
12.66110531522572 12.6391357975571 0 0
15.41893250688542 15.35825649265546 0 0
15.56788271739634 15.50777274505371 0 0
16.62311822298737 16.58710985773672 0 0
18.97703654229314 18.85189919658149 0 0
21.82575014107409 21.07687498620875 0 0
22.19826576204083 22.19341641094295 0 0
22.70721940821472 22.61772117941899 0 0
24.11805320879129 24.07855735917576 0 0
26.12393746428218 26.04845936850341 0 0
27.5226194249236 27.51765149543363 0 0
12
2.812134472064609 2.80017526262716 0 0
5.206789660975128 5.162593761605549 0 0
9.470589774255831 9.327472928074611 0 0
10.96617764605673 10.88169474842976 0 0
14.11804253802627 13.75253996053979 0 0
14.26481827515731 14.25764858753677 0 0
17.57518128822158 17.53300486160691 0 0
19.47672628530142 19.4309333589726 0 0
21.06789354966129 21.03781689434685 0 0
21.59434063390577 21.58633734639375 0 0
29.42381380986572 29.41321999759004 0 0
30.05348666060363 29.96939019424651 0 0
23
0.131309841039581 2.063674948398771 0 0
2.482896458042614 2.537498309098829 0 0
2.705930239490888 3.361482549855163 0 0
3.444766383057968 3.851967647531269 0 0
4.837209502583372 6.309667348032356 0 0
6.319922967399289 6.547786200568822 0 0
6.910196301930771 7.427331078468862 0 0
7.467566475759615 8.580119935428762 0 0
8.74397181475617 9.033732227127956 0 0
9.184120823855773 9.445442505687799 0 0
12.02919206995565 13.32180253460944 0 0
13.32274593969642 17.10193456784375 0 0
17.35441207338073 17.37047722696703 0 0
18.19108879595166 18.82405319925534 0 0
19.36524680014453 19.62617152033623 0 0
19.70118958641984 19.79795372619827 0 0
21.07989722150468 21.3740841434874 0 0
21.62682642716188 23.11837337612334 0 0
23.43509703500341 24.1408913965487 0 0
24.94034264416331 25.49040744846484 0 0
26.55128302674467 26.59424605960024 0 0
27.48163996323518 28.14378188166497 0 0
29.40394540059866 29.97521170881714 0 0
28
1.084197071591839 1.032252661330471 0 0
2.293255378580212 2.177892292827905 0 0
3.680821703311378 3.338653834779719 0 0
5.294754489944614 4.235413849129341 0 0
5.568696368216285 5.378128796259626 0 0
5.777144902227132 5.675303797656213 0 0
8.13463650104941 7.960774800738687 0 0
8.949365616385474 8.858364873266863 0 0
11.26024850892179 10.13757337871766 0 0
11.51510640431334 11.40752754481447 0 0
11.87300249741316 11.7286013952414 0 0
12.32450945070624 12.32228513414135 0 0
12.85492461857124 12.78735266834721 0 0
13.30514810468735 13.06953374956116 0 0
13.54705861342621 13.35955520965548 0 0
14.01901256640281 13.7986903129592 0 0
16.77701841930056 14.84641851430932 0 0
18.37653984346096 18.188308157292 0 0
19.12502876598199 18.704051442318 0 0
20.10056947191488 20.02274953086451 0 0
20.38332705819066 20.22143833346119 0 0
20.80323477587486 20.71899585680668 0 0
22.53650168402527 21.15275264377839 0 0
24.24857180106148 23.57297368022995 0 0
24.40008239382739 24.30792160001582 0 0
25.64260208253093 25.50977010239673 0 0
28.68040361751352 28.3857134586109 0 0
29.65303539302414 29.39294206188328 0 0
18
0.5377348575591157 2.380479928408267 0 0
2.854328742291345 3.950197650780369 0 0
3.955595594602017 4.772087648453446 0 0
4.799680053313441 8.129581001110637 0 0
8.130071646461591 8.757737654642954 0 0
8.761218259802119 9.622484660167718 0 0
9.681226850364604 10.02622899633294 0 0
10.09995081278634 10.62816701161018 0 0
10.69678436123965 12.8634479651776 0 0
12.90627464356966 15.31554044725827 0 0
15.3399894626343 19.40028033655887 0 0
19.59703625188195 21.57175765298669 0 0
21.81397482906786 23.70271120140613 0 0
23.85123815982341 23.98552871524965 0 0
24.1524761189213 24.64342880871879 0 0
25.29377937660784 26.407958258352 0 0
26.8774943083911 26.8974439298017 0 0
28.18082493981536 29.24200390617906 0 0
18
3.848624635651205 3.839566691904328 0 0
9.044305412685317 8.379327632132313 0 0
10.44300389117711 10.41638421005919 0 0
11.79372155476467 11.56775867015456 0 0
12.8732150098597 12.77684347319572 0 0
15.15642051866916 15.1363220521579 0 0
15.96927343112059 15.9311705637159 0 0
16.15586132191543 16.09766278539369 0 0
16.27374039754452 16.25261625803841 0 0
17.416815767551 17.23683936903583 0 0
17.95411753797616 17.68596862694132 0 0
18.04493993900681 17.97783426712648 0 0
22.53749448236657 22.4274431581493 0 0
23.42509800537109 23.4020324770728 0 0
23.44758088690451 23.43701561003665 0 0
24.17061349074248 23.99341360991963 0 0
27.23624255107798 26.37170708146259 0 0
27.80120785541771 27.77727965393287 0 0
10
2.098011423032989 1.9434093001797 0 0
3.321992472028513 2.925877470213852 0 0
3.885830926341034 3.38603324956726 0 0
5.217498235461194 5.2080146910483 0 0
7.211344248714052 7.061336056375636 0 0
9.91389518045478 8.844491722236524 0 0
16.88459030707309 16.83015091052158 0 0
20.41014545171427 20.38179342265946 0 0
20.76812830606707 20.69397121285975 0 0
20.98405758521618 20.93402371042057 0 0
