# Status file for ctqmc. Used to save all times t_s, t_e.
10
25
1.080306939792803 1.048016652984263 0 0
3.271320594939478 3.04834725612051 0 0
4.301044304909416 4.231249494191703 0 0
4.54448901677637 4.497593854344389 0 0
5.40229707743585 5.301418394443703 0 0
7.13482172753895 7.073189452415291 0 0
7.4966968278016 7.453089231659919 0 0
8.595222649115088 8.40887055117657 0 0
9.114423523046003 8.995173365339223 0 0
9.572122164749338 9.529781962467995 0 0
9.911197552789931 9.817097128468857 0 0
12.2743546295983 12.24007308865128 0 0
12.48433829852101 12.45052578674641 0 0
15.52684969022711 15.33213639909773 0 0
16.09203956316672 15.99301793201809 0 0
16.69160787774529 16.64834754414936 0 0
18.61825386518204 18.52571030881343 0 0
18.77392926685687 18.73088427139026 0 0
19.78253746662904 19.74928484512063 0 0
19.9778137501948 19.79078926069925 0 0
21.68378174443279 21.63292282180196 0 0
22.3399425938241 21.97327596208391 0 0
23.68079887184209 23.19457050208704 0 0
25.07855154600915 24.97916858839413 0 0
27.24017003124742 26.84171259749297 0 0
19
0.7248735835938824 0.6823833394946746 0 0
2.381965427479154 2.262164023023883 0 0
4.662276794038444 4.611655654816666 0 0
5.865961398249293 5.863360590325144 0 0
6.484404824437571 6.466889279347516 0 0
6.82056782922798 6.806575148309361 0 0
10.43299517159447 10.35269373757293 0 0
12.3632076803162 12.26264780197164 0 0
13.93905763130302 13.92447458375366 0 0
16.8193973228567 16.81420130096077 0 0
17.29680847511349 17.29342986566924 0 0
19.48428478555008 19.46722774824218 0 0
19.68092509707911 19.63800647896722 0 0
21.54779932151509 21.50773996754233 0 0
22.90581837069984 22.69911912045148 0 0
22.97893240092093 22.94521332735843 0 0
25.13399116215223 25.09621939921031 0 0
26.39827235523776 26.06508509043056 0 0
27.89516720614306 27.5821908274249 0 0
22
2.784967901900924 2.685926371319336 0 0
5.596036457509866 5.498523233421799 0 0
5.761021143551598 5.647525662005887 0 0
8.512407053103836 8.49612067984539 0 0
9.158485204128707 9.121184575931471 0 0
10.81880236970676 10.77103641597733 0 0
13.41247417774305 13.39870044657214 0 0
13.5001318396866 13.42694527503498 0 0
16.01580776669462 14.58752142126639 0 0
17.0122830915085 16.0630751586229 0 0
17.93784347442435 17.23242282533409 0 0
18.2281969033656 18.2133970794126 0 0
19.35430699542306 19.21160062729708 0 0
19.41794057514841 19.41670588414942 0 0
19.81708755364326 19.75109429158549 0 0
21.79147781902485 21.77026058730536 0 0
21.9119884945491 21.87715914714456 0 0
23.61108074738969 23.6067960722393 0 0
28.29100022674977 28.10661037006774 0 0
28.92208242706696 28.90409440124217 0 0
29.49166321336142 29.39577027017636 0 0
29.86671974538116 29.85108136963137 0 0
19
0.4138923804961487 0.4063999206449467 0 0
4.924253140528069 4.550129621137071 0 0
6.57417719487758 6.257695494205848 0 0
7.445745901483972 6.990226359491149 0 0
7.758183946338347 7.696859262953265 0 0
10.12199711414463 10.06157673747859 0 0
10.60330691227787 10.30120672099191 0 0
13.88852023985127 13.69796362683624 0 0
15.33701088369376 15.00986560955062 0 0
16.71153354000581 16.42087863489254 0 0
17.30296377420197 17.1932616128098 0 0
22.56180652565254 22.53405636170652 0 0
24.49194532343375 24.45540739694584 0 0
25.11073906369093 25.10718120982552 0 0
25.79361851423807 25.61660036836421 0 0
26.90419234328892 26.56105520791861 0 0
27.16375186777363 27.14530005110515 0 0
27.46921113381643 27.41759775353793 0 0
29.71271095262309 29.71209329579326 0 0
15
2.575581236425244 2.556020723254743 0 0
3.984073143566553 3.886398127753345 0 0
4.927395209573861 4.859235099203121 0 0
6.887142617969081 6.803638829249353 0 0
8.157053422359608 8.127332039440413 0 0
8.992777403013102 8.919421373338087 0 0
10.81047719734703 10.78236636848031 0 0
12.60945343101145 12.47593184160453 0 0
13.18600988142365 13.17213566112047 0 0
15.51786279871362 15.4958896083938 0 0
17.94390399758202 17.93760082623998 0 0
25.93718954794588 25.82798936000748 0 0
26.39344639234488 26.39101232954838 0 0
29.05906381544179 29.05657364683245 0 0
29.15735109325789 29.1052531520171 0 0
25
0.04601724161616616 0.8078675091648364 0 0
0.8666979338310163 0.9011378202166717 0 0
4.251993986432614 5.311184014424834 0 0
5.343796319637127 6.254694999912711 0 0
6.884077477378288 7.227780546019512 0 0
7.621688753545981 8.935144746396187 0 0
9.04752439128438 9.26544726302431 0 0
9.545064725890761 10.71998828505923 0 0
10.87725588523534 11.20032352657176 0 0
11.28780578960369 11.3178827122686 0 0
11.96417172381816 12.13673232830709 0 0
14.37423429082354 14.78840891989341 0 0
14.80284844098311 16.43725243894151 0 0
16.45061377287145 16.68497115239301 0 0
16.71396367422231 17.00191207248453 0 0
17.32399271342788 17.81704534299256 0 0
17.87016599380734 18.00966064689779 0 0
18.02810264292565 20.123658862672 0 0
20.82624956037995 21.09151617599099 0 0
22.01169734432468 22.20532193844893 0 0
23.88555061260831 24.16433515124239 0 0
24.3711303160363 24.43888995069377 0 0
25.02903641319126 25.52264517481034 0 0
26.54690543097236 27.21355337243586 0 0
27.2340381155287 27.65217819694093 0 0
27
1.322866546874707 1.301210018525719 0 0
2.760843359359375 2.72658092786078 0 0
3.362253742817132 3.337577057703982 0 0
4.263354972796506 4.261626330837665 0 0
4.320163200783137 4.312019238431633 0 0
8.00130419013459 7.837338209004525 0 0
9.27558671534104 9.207152543335207 0 0
9.481067324859024 9.408150673489361 0 0
10.56014397419195 10.47626848188271 0 0
11.74774198568846 11.27090151437257 0 0
12.08122229191205 12.00095676863137 0 0
12.77188878368752 12.56897014643324 0 0
12.87493082709769 12.80307282777392 0 0
14.04243238276746 13.9756875021104 0 0
14.70237308203611 14.35398930444971 0 0
15.42175137117724 15.36953619230009 0 0
18.29040932373973 18.24557681578333 0 0
18.82320441366376 18.71935281606524 0 0
19.38592614176324 18.93197449385527 0 0
25.14246174414508 22.66795472686889 0 0
25.53648379817799 25.37508600882069 0 0
25.54137010090239 25.54038589848002 0 0
26.11764300432461 26.11436737762369 0 0
26.39355533218419 26.39278035985554 0 0
26.95810974603172 26.91785707077877 0 0
27.52724267270519 27.28608435865681 0 0
29.41447919603958 29.21971907004854 0 0
18
1.789784574836137 1.776064750228193 0 0
4.494728793715757 4.09653296361499 0 0
5.171027386268504 5.09784698831629 0 0
5.270485479498324 5.208085283722235 0 0
5.393620144473861 5.343543960353355 0 0
5.593329108105628 5.453126249403034 0 0
9.413765640021129 9.292855238932065 0 0
10.04369657163955 9.665286202321878 0 0
10.65276692101544 10.64115638717164 0 0
18.18401808270275 18.17503384713292 0 0
20.04996825383217 20.01623003148272 0 0
20.47840579615315 20.45053745808371 0 0
21.31051711146618 21.12180799008901 0 0
21.98276579416168 21.79843761245893 0 0
26.70668514497154 26.70386413051795 0 0
27.67611913902743 27.28476375249249 0 0
27.96387847714633 27.96004163690382 0 0
28.45880554241017 28.44788560634554 0 0
31
0.02528310730853178 0.5179381256676159 0 0
1.21682514823701 2.016024956308311 0 0
2.017242047056009 2.746477365549546 0 0
4.551912709377874 6.747034932163548 0 0
7.449301177987095 7.996047640580253 0 0
8.61920794615231 8.642045003170962 0 0
9.282227787656025 9.558423134096234 0 0
10.05008940037174 10.12122058111608 0 0
10.47152455934002 11.05266246178987 0 0
11.18188388119983 13.92738467296926 0 0
13.93166810785806 15.85677780167655 0 0
15.89020510303881 17.65009418569526 0 0
17.88045947948646 18.05601045089252 0 0
18.56583441604316 18.79730121520372 0 0
20.10878417314035 20.80224662128749 0 0
20.93708718884564 21.05026639046 0 0
21.28759340157946 21.5202420212425 0 0
21.81062242543558 21.94758208712951 0 0
21.99483111908594 22.15257304659171 0 0
22.16570853506008 22.71524485682928 0 0
22.81873669485264 23.96584498534743 0 0
24.32766903706598 24.78573820125116 0 0
24.80689281986117 25.01578883274743 0 0
25.22554911095946 25.24982922174179 0 0
25.3218094293091 25.44486776523091 0 0
25.7004289909645 25.81131106797217 0 0
25.99467430615662 26.08174501025179 0 0
26.91704050762925 27.10143219036719 0 0
27.48339374335171 27.52667220370559 0 0
27.54508202330323 28.43465803863606 0 0
28.5583262314785 29.7700190705284 0 0
19
2.6918932452118 2.603982462675773 0 0
3.928475442409273 3.895537186409693 0 0
3.958240597809762 3.939412722853905 0 0
4.46372065290285 4.002199115501782 0 0
4.566095029639063 4.537405173506291 0 0
5.328660931305339 5.080050185189928 0 0
6.840088962445765 5.929573385912065 0 0
9.301994200902419 8.057423572874766 0 0
11.25874096933505 11.17049599649031 0 0
12.94541861633773 12.60196499191494 0 0
13.58255027570744 13.55759859655489 0 0
15.76931162643138 15.74515718620406 0 0
17.97312397523598 17.91381789667975 0 0
19.20236110183693 19.1855353947735 0 0
19.7226627664933 19.39451995335508 0 0
20.5615964326516 20.48744267110553 0 0
21.15602699463442 20.9579584800796 0 0
22.03509942054482 22.01694760116092 0 0
27.85210535204469 27.78705754565014 0 0
