# Status file for ctqmc. Used to save all times t_s, t_e.
10
26
0.001590963586490801 1.396822275671453 0 0
1.613402169034376 2.80511912728816 0 0
2.848388101654365 2.990664657096305 0 0
3.19242679353895 3.99311667233183 0 0
4.004526506124178 9.883783136694243 0 0
9.90323348011453 10.2309878550592 0 0
10.3299357185301 10.99581393687834 0 0
11.54391228276452 14.06652093636642 0 0
14.43748290454801 14.50058146580829 0 0
14.60460765932276 14.61371052818665 0 0
15.68383525141902 15.79650028680517 0 0
15.84837613006426 17.33959798334135 0 0
17.34708629310632 19.13549016546824 0 0
19.14414219662225 19.21417725856372 0 0
19.30671109589029 19.77248895643929 0 0
20.02632173818198 20.70080595507957 0 0
20.74541933874811 20.8467023675155 0 0
20.89214017585736 22.37103333647382 0 0
22.41517448790696 23.65370903906589 0 0
24.1093462863371 24.43823604855605 0 0
24.4634480992209 26.11922068012034 0 0
26.1318962630196 26.48345770167636 0 0
26.50769721878747 27.2467522581708 0 0
27.26324762705886 29.52088084987032 0 0
29.52508436696163 29.92324701113753 0 0
29.93456330293597 30.01997750756446 0 0
14
0.7715237193461593 3.101913447831477 0 0
3.140226879159218 6.901591928019437 0 0
7.485690756087727 8.243084986548572 0 0
8.440433126312548 8.859604024445945 0 0
8.861046013272942 10.84329585816264 0 0
10.98282664590629 11.50658939762983 0 0
11.51939675667776 13.18369380777307 0 0
13.24020192270731 13.45342814714238 0 0
13.46839184076513 17.72369724166072 0 0
17.79081835686485 18.20662813872135 0 0
18.50377244809067 20.51915613765992 0 0
20.52880290213495 21.47666205769717 0 0
22.22056804070243 26.1527855513127 0 0
26.25600152065349 29.97487702120675 0 0
14
1.352294611549231 1.223259039028502 0 0
3.701963449703928 3.288882733351429 0 0
4.053027809437708 3.985831295592147 0 0
6.461711540993975 6.254360558852932 0 0
8.14825768707647 7.993052966677364 0 0
9.643973279839543 9.618758478825329 0 0
11.40554957644543 11.37669388066645 0 0
15.83956891094575 15.63986048060592 0 0
17.55383786421644 17.5264291969028 0 0
21.52526873099586 21.47340399755443 0 0
24.43077368420794 24.31313804847332 0 0
24.76826018738694 24.73145835165243 0 0
27.10798401107025 27.07559403817061 0 0
28.37559931830574 28.23104448794169 0 0
21
1.165582474557805 2.011058026610886 0 0
2.14924328877259 2.381907807448524 0 0
2.389292930923104 3.496698262092743 0 0
3.923888600304441 5.621474021224913 0 0
5.694095336764049 5.695534405939298 0 0
6.179036590900236 7.529573248502522 0 0
7.83156419346191 7.94011511056299 0 0
7.957004848850281 7.993414955190149 0 0
8.306637383871024 9.880392937667994 0 0
9.896401243324913 10.15147535774213 0 0
10.25412570155577 11.64325767419072 0 0
11.65554299292542 13.23650769942508 0 0
13.37454963201699 13.65234953840851 0 0
13.84727595446487 18.36885148535449 0 0
18.40352834451269 18.60799892724026 0 0
18.93099913495865 20.20112266437448 0 0
20.22432711097417 22.80990317951964 0 0
23.40397337782977 25.7477075286693 0 0
25.76568466294873 25.95639894512439 0 0
25.98041566338331 27.08235109510922 0 0
27.10271493169248 29.67897997887002 0 0
11
0.4585402415486399 0.4337601197659746 0 0
1.389603562723174 1.016875048206509 0 0
3.221449175857741 2.811492870715437 0 0
4.637075747684813 4.623283838785981 0 0
4.805932434483394 4.791216211698367 0 0
7.882243532255685 7.836140469673318 0 0
8.465646754013372 8.428917464334621 0 0
11.44995356372896 11.38868052776919 0 0
22.02287802894443 21.99535145105478 0 0
28.9964988430924 28.87917870805539 0 0
29.83068580208729 29.80651631183291 0 0
30
1.937481651113774 1.575174237940864 0 0
2.102933198144154 2.046353751044723 0 0
2.929625318356083 2.902262620069113 0 0
3.472116217200567 3.034106545430506 0 0
4.924705663995799 4.820534951404277 0 0
6.545157049411331 6.056460537079051 0 0
7.410432801782121 6.711541594440002 0 0
8.421584797684924 7.955810791041336 0 0
9.240140245217022 8.485692847791663 0 0
9.642381066424774 9.412103381264215 0 0
10.37584503275876 10.23013321003946 0 0
10.86516388519591 10.7281785137164 0 0
11.71730620706571 11.64856820726501 0 0
12.7657642032818 12.48672290785039 0 0
13.43810980446228 13.22820457478961 0 0
15.57893707652815 15.46731494310215 0 0
17.05033684484358 16.73938967007901 0 0
18.224064184816 17.10840169219678 0 0
18.82220913326799 18.35978540158343 0 0
20.83965234112204 20.13272263718887 0 0
22.97397419058169 21.59585992958669 0 0
23.18372618444144 23.07379229607855 0 0
25.8627604354604 23.8254980916612 0 0
26.65648374751003 26.54409361387655 0 0
26.90643268027502 26.87506445551088 0 0
26.94891865740734 26.94536232542613 0 0
27.83184252354713 27.38003419232187 0 0
28.16845363074869 28.12686185388138 0 0
28.2305770898951 28.17571853019934 0 0
29.41105432036564 28.68743678662291 0 0
24
0.3914302948429515 0.06027198059477835 0 0
0.9826166081407633 0.9415513751922705 0 0
3.016039372479867 1.454346657024439 0 0
5.317125872149969 3.981536095899187 0 0
9.527906633025305 9.34675824662961 0 0
9.940300503173223 9.76850971268488 0 0
11.3383517408213 11.13244511046276 0 0
11.39422495840452 11.37064297095717 0 0
11.44431865229692 11.43346354841827 0 0
13.35308158147863 12.95124863638998 0 0
15.43841753631979 15.42295434681698 0 0
16.02634022399387 15.71355588947828 0 0
16.98852995966787 16.09408286657046 0 0
18.77133220547714 17.35016101036158 0 0
19.22685026681425 18.91316849889208 0 0
19.79057697926903 19.43324440676297 0 0
20.14052499706855 20.13314473625406 0 0
22.28854755298935 22.27019590209567 0 0
22.80120146943426 22.60888459687745 0 0
23.34702569738207 23.17574518345579 0 0
25.29638527360754 24.40959518466841 0 0
26.04678238605304 25.80440762569677 0 0
26.85092813801886 26.34639921634414 0 0
28.65613179401769 27.66791679124294 0 0
20
1.667689146434232 1.666663638968485 0 0
1.858704806747043 1.844533227837471 0 0
2.408951597655096 2.205180629264127 0 0
3.354924536400498 3.301856535963807 0 0
4.730658143356928 4.6433269975771 0 0
6.144124280686198 6.116979518869988 0 0
8.234751356183482 8.169532352872514 0 0
8.376517081432347 8.322621972200432 0 0
12.81089978187574 12.02958978158412 0 0
13.20746229968442 12.82006203770987 0 0
16.34938006305232 15.83098878157819 0 0
18.74819269894784 18.6515952139626 0 0
19.11044869213093 19.074461821817 0 0
20.1866603105246 19.45012190888252 0 0
20.84069622235257 20.33856905431629 0 0
21.49398923760906 21.48717641659954 0 0
21.56289682254488 21.52138113160022 0 0
21.60033627435891 21.59504047940239 0 0
25.74768563501647 25.69850711986128 0 0
29.9905860178371 28.93656123546127 0 0
24
2.006584169543905 1.999556391564371 0 0
2.477574929310247 2.225453312813177 0 0
6.756883770650571 6.52143779280386 0 0
6.887067258757361 6.839929669176039 0 0
8.314517105711772 8.273322214364137 0 0
8.876825505680992 8.829767927107889 0 0
9.594145107580085 8.925982076941658 0 0
10.70607120723778 9.715972639682676 0 0
12.41484932950825 11.93656690482162 0 0
13.10751525189189 12.58835458052154 0 0
13.72952136262968 13.14761680752377 0 0
15.68299698351646 14.55252324664565 0 0
16.52264785213714 15.9583353957947 0 0
17.88909774114756 17.61303950245441 0 0
17.99373606712417 17.96717062706936 0 0
19.67200190884452 19.6668629696707 0 0
23.93691910765952 23.79187637026021 0 0
24.63493321400604 24.56027653330058 0 0
25.11710500934784 24.75833241352686 0 0
26.60850443307158 25.84100027750007 0 0
27.05743592157932 26.69707159480376 0 0
27.65710965876865 27.56396926999503 0 0
28.98467437659865 28.83268849478726 0 0
29.16721444479954 29.09124531141854 0 0
14
1.636790405176428 1.49944314040546 0 0
5.715950001736343 5.591363913909902 0 0
6.454870920316421 6.40333943613773 0 0
9.8128306360612 9.701125882615742 0 0
12.56367684801148 10.98793300912589 0 0
15.15364154490762 15.09035766154864 0 0
15.55806957044432 15.53794394026977 0 0
20.16672462553764 19.25837604323401 0 0
25.0150417969543 25.00534903956522 0 0
26.04986715462563 25.97150461396184 0 0
26.55125269786742 26.54975965689925 0 0
26.89836245308411 26.86910418116707 0 0
27.50752437315756 27.0788431578096 0 0
28.55695658420363 28.12711026017658 0 0
