# Status file for ctqmc. Used to save all times t_s, t_e.
10
19
0.9751232373433076 0.974479952295682 0 0
2.906698631498814 2.825528473214535 0 0
3.489544091417837 3.410944625293316 0 0
6.111628731767834 6.103152349192538 0 0
6.635283842338747 6.620386349499888 0 0
7.293743295895008 7.130417603919014 0 0
7.674569323499162 7.616931333618075 0 0
9.756321720719736 9.754098037702695 0 0
12.22557097517007 12.21762070099278 0 0
13.84469950218631 13.81283658189753 0 0
16.37845678625585 16.3773933752985 0 0
16.56018028522719 16.55240557719141 0 0
17.36085102816758 17.35162692380639 0 0
18.80202380408292 18.54817306999294 0 0
26.78154133573832 26.49982990579856 0 0
27.16335817701543 26.80385866130198 0 0
28.76265547276526 28.71344676643714 0 0
29.18156517784037 28.89598951061621 0 0
29.31666513905235 29.24429689509406 0 0
28
3.080678846681362 2.692541045084249 0 0
4.950350463916179 4.849945916707664 0 0
7.101097712435596 6.869170680961692 0 0
8.286545697820033 8.248650308679615 0 0
8.360326155212812 8.338320561941783 0 0
8.70285842251354 8.43721652945686 0 0
8.933837000761507 8.837735700667494 0 0
10.2021125583642 9.589732675563837 0 0
11.06958981993366 11.0081482139836 0 0
12.11415909182006 11.90210905527902 0 0
13.06636399055246 13.00606115521233 0 0
14.0217069230934 14.02077627209802 0 0
14.55641592473854 14.41690206739188 0 0
14.86461435744526 14.82075583026342 0 0
16.12840338570225 15.9997478161905 0 0
16.29251692706299 16.23535635187084 0 0
16.32342536698971 16.30542617383453 0 0
16.9326049133299 16.84958458728796 0 0
17.58006964489688 17.5540641007377 0 0
18.19781611533704 17.94442679665635 0 0
18.91575301335183 18.86488508131979 0 0
19.81813545023456 19.80915709199359 0 0
20.80913620768969 20.78222146196567 0 0
24.84061654728264 24.48332041976078 0 0
26.88283804378045 26.7837483857939 0 0
27.52178146101723 27.45917901294473 0 0
28.22409265192343 28.13145160042306 0 0
29.56641499290131 29.49672082729383 0 0
12
2.601143841187143 2.488791200642272 0 0
6.690191086692993 6.419727053062793 0 0
8.844735024241011 8.832558151158402 0 0
10.08372471825571 10.07041000403068 0 0
14.30101494142298 13.84409539442378 0 0
15.78766618864268 15.76386088926782 0 0
16.42922579725523 16.33789481773969 0 0
19.4045654857841 19.29670422644396 0 0
19.65010044772636 19.60406333089353 0 0
20.56808341094567 20.35040071625278 0 0
21.64464027232702 21.59525372344054 0 0
24.37888417518447 24.37475341436833 0 0
18
0.1016739962037046 0.8927942685724556 0 0
0.9075637666913701 4.795718179050857 0 0
4.81776668802393 5.73413023615694 0 0
5.75714265270397 6.03200748222578 0 0
6.164174873421941 6.419273128721313 0 0
7.221806168638413 8.038001402369146 0 0
8.059930098918757 10.7820170870327 0 0
10.82567498921223 11.87982581619829 0 0
11.92140698020063 13.94850978200325 0 0
13.95907070623545 14.85221842979392 0 0
14.87349289074878 16.14789107397614 0 0
16.20640600434216 20.49101428152521 0 0
20.65269344380735 21.9157457700112 0 0
21.94001316152903 22.45106224875036 0 0
22.86473373568385 25.64364715227665 0 0
25.67722453196255 27.19174082159688 0 0
27.21195067648892 28.57675403784345 0 0
28.65525641170472 29.99934100543559 0 0
12
4.030659970443451 3.712428533143401 0 0
5.581904674047279 4.942597227034911 0 0
5.784660214422743 5.779383192545904 0 0
5.943078705234331 5.918225681041407 0 0
6.264344241075788 6.053337377129131 0 0
13.04031252408419 12.99495935679588 0 0
14.38568803378531 14.36285949597885 0 0
17.59254843087436 17.25629189573708 0 0
23.44710649023869 23.43162071055412 0 0
24.90136826408452 24.85916484737061 0 0
25.06317108474427 24.93304852658947 0 0
26.6536200532314 25.6297490165998 0 0
30
0.4624283606745209 0.5496764013378116 0 0
1.378833482241009 1.747637978066615 0 0
3.041790482002938 3.152914226819211 0 0
3.264405980210044 4.741283364782659 0 0
4.760617202338098 6.202084492360941 0 0
6.227067035174044 7.284571918018597 0 0
8.237895203539766 9.951490224660017 0 0
10.00383325354717 10.85847972681309 0 0
11.18586649413153 11.63689362243653 0 0
11.68768952876416 12.97769821052285 0 0
13.00625787317051 13.12429567870408 0 0
13.63458225793069 13.81763749148676 0 0
13.83674081402706 14.6498461280363 0 0
14.69952053684533 14.90749308698446 0 0
15.00962252842649 15.10916602747575 0 0
15.83673815885845 16.16060266218561 0 0
16.21637562287073 16.72467322412914 0 0
17.0709794407139 18.19555642577331 0 0
18.27909265280664 18.35515357138967 0 0
18.56588866518308 19.01612950548799 0 0
19.23066341829361 20.09200109124612 0 0
20.48952954671618 21.9053006795206 0 0
22.03591703924738 22.98241376641149 0 0
22.98591128034531 23.1495580796509 0 0
23.15519514653523 23.41748940049867 0 0
23.49643256836695 23.89853435610429 0 0
24.00064485037272 24.62126586763712 0 0
25.37681051355807 26.01828498680328 0 0
26.05183578550974 26.57910977798159 0 0
26.64417190021718 29.94003098460884 0 0
24
2.073427835864384 0.6928846256244315 0 0
3.289091666513518 3.285405789857567 0 0
4.930240334916885 4.92906943007496 0 0
6.029225984704733 6.023624630602268 0 0
6.231090914630771 6.070755915649069 0 0
6.730775471932034 6.724841411486865 0 0
7.687212759250867 6.947724037843972 0 0
9.562006505708027 8.920518405616098 0 0
10.8892237405981 10.57111188617709 0 0
11.47491343470198 11.15484429358557 0 0
14.00693875020161 11.5894833086559 0 0
14.38244468811872 14.21753553350706 0 0
16.06542223292977 14.7889696238631 0 0
16.19941516407244 16.12745827791875 0 0
16.48942409901167 16.45596535413233 0 0
17.72861137665299 17.67288131858457 0 0
18.54644758679356 18.48310171963963 0 0
18.61418664082514 18.58579896747054 0 0
21.03537909235266 20.75195246278648 0 0
22.67204885472048 21.991870468061 0 0
23.44446408490801 23.33983137699032 0 0
25.84223950609006 25.3438596880306 0 0
28.56492360877699 28.27145192858067 0 0
29.51759642175222 29.13533287352036 0 0
10
2.192534294378425 2.128974397748938 0 0
5.101497131025458 4.953959379543138 0 0
7.054198948550999 6.983029677927893 0 0
7.065139533630162 7.056780014187888 0 0
16.12697997193021 16.0870659611897 0 0
18.02646258147182 17.96941504901374 0 0
21.04487360557437 19.16235394693834 0 0
21.27818878578395 21.16843590237011 0 0
25.18346609217109 25.1554611208891 0 0
26.12229093413713 25.88151537221036 0 0
24
3.438999935310448 2.600175869997424 0 0
3.575615603350331 3.454967533826799 0 0
4.43136802366608 4.012159322233231 0 0
5.136890063896821 4.761207469008575 0 0
5.979257913671956 5.368744597063204 0 0
7.438056938198031 7.209284913547686 0 0
7.561165632281434 7.558947056255772 0 0
8.142382175423418 8.058232759713089 0 0
9.631310137598362 8.265650519605623 0 0
11.31348354074108 10.07849824563374 0 0
11.99451974439403 11.82644219297029 0 0
14.04013906794847 13.90372669005543 0 0
16.38966115237644 15.77094352026182 0 0
18.15217824108559 16.39768375346591 0 0
18.90308941019398 18.17767011272599 0 0
19.97026652055699 19.95887888206262 0 0
22.93779689100808 20.61901455956564 0 0
23.26744600452053 23.01869093442998 0 0
24.29101412486213 23.75885149791093 0 0
25.34394366753109 25.31537782583349 0 0
25.54155756953996 25.48675192219028 0 0
28.06279303012841 26.96967651490874 0 0
28.63629547313141 28.44310030294709 0 0
29.99751211409593 29.26087334060821 0 0
17
2.318106000057846 2.022418315180463 0 0
3.856069881771666 3.856009595894972 0 0
7.863569707575732 7.843722000323886 0 0
7.985689300606757 7.956103449047844 0 0
10.41591872932787 10.31916574044678 0 0
12.49080750148262 11.40624904577784 0 0
12.99153135121514 12.72418613876412 0 0
15.06126759694149 15.02858044637945 0 0
17.9134744822187 17.82191154913621 0 0
19.5035562464468 19.44200733034077 0 0
20.85328813476579 20.52479013044806 0 0
21.07783418305586 21.0605559735871 0 0
21.18156313597902 21.12594644920468 0 0
21.75022905365044 21.72665631452452 0 0
23.7481923976724 23.74373444801064 0 0
28.84627792781833 28.74539570927996 0 0
28.9399782558314 28.93454036010982 0 0
