# Status file for ctqmc. Used to save all times t_s, t_e.
10
27
2.100755958023999 2.091279056318811 0 0
2.534912235669987 2.422376295054289 0 0
3.710876494760964 3.659429199639148 0 0
4.058914107972162 3.74496350724873 0 0
4.318334753334034 4.315157653836652 0 0
5.719887817806728 5.631604271985457 0 0
7.058605372209124 6.98801098364761 0 0
7.710704763819032 7.619705124123759 0 0
8.375091755706082 7.97788795436044 0 0
8.546869361915023 8.500865855626683 0 0
10.06112603968625 9.955723744323217 0 0
10.74767730348996 10.73431526960533 0 0
12.1490364454777 12.12974627576165 0 0
12.39582990796243 12.2185228858424 0 0
14.76474186226311 14.27062399148813 0 0
16.73292955887976 16.69444937266615 0 0
18.08272165058807 18.0346586001461 0 0
19.30144630142906 19.22271731973431 0 0
19.83575533463773 19.69135802228471 0 0
20.04915292196476 19.87282893057811 0 0
20.92731244753103 20.89460799345517 0 0
21.89275512009605 21.82815153500086 0 0
22.96205130658701 22.62370468110243 0 0
23.35499875187002 23.05775884170059 0 0
25.26714268631504 25.22924171683787 0 0
25.52851168875074 25.26754222129766 0 0
26.62178780822969 26.61233327491307 0 0
24
0.3801487301840743 0.3105631654873656 0 0
0.7384629145760406 0.7338683680015066 0 0
0.9054862292736898 0.8297832050789827 0 0
3.362407241102095 3.317689659899016 0 0
4.99225378980759 4.935410587206849 0 0
5.16329617511412 5.045910139274102 0 0
5.682747335081211 5.650022737857931 0 0
5.854025992875531 5.831681351816374 0 0
6.802111214512015 6.333965581242041 0 0
7.806524908771661 7.758306660669094 0 0
8.050127617475129 7.964019383746854 0 0
12.43773232616746 12.33391182197544 0 0
14.06000330094002 13.96419241650892 0 0
14.18953179790827 14.08957759040359 0 0
14.79581362004947 14.79097348649998 0 0
16.18336175039519 15.79587476861067 0 0
16.31910170056381 16.28163361318984 0 0
17.37136363533132 17.26784954483949 0 0
20.80057482856813 20.77736926355469 0 0
21.75774920614792 21.6685078577243 0 0
21.91185231273149 21.9038555006035 0 0
23.91154108135635 23.90612837000286 0 0
25.66401528910713 24.94353605282226 0 0
26.0865862319003 26.01143998985444 0 0
12
1.141631652564609 1.10176052590062 0 0
2.424263077923839 2.338000284428499 0 0
4.552743949750546 4.421718918896346 0 0
4.768851295224248 4.740430624964081 0 0
5.605383761239289 5.540995160020858 0 0
6.157153217631183 6.100874806358446 0 0
12.46105833196541 12.24144685136611 0 0
16.54611437487078 16.52883319825367 0 0
19.40907914105331 19.38617503039755 0 0
24.95256389716093 24.94722363423027 0 0
27.72769242186153 27.02215503937643 0 0
28.34402516887007 28.32505563580093 0 0
22
1.667494785663717 1.395204269212151 0 0
1.963631298511181 1.956234458101389 0 0
6.912341067736712 6.814360373261254 0 0
7.186399483424698 7.140797105520465 0 0
7.361154788105165 7.26947967431574 0 0
8.247874372977245 8.189033873422799 0 0
8.734766025852604 8.600293491810721 0 0
9.791188297071852 9.761417083396992 0 0
11.10075484644722 11.09521121250268 0 0
11.38792089108812 11.3388863964543 0 0
14.62321479159009 13.99346526537286 0 0
15.68456083175435 15.68415967500672 0 0
16.72697634511207 16.72105926303664 0 0
16.97788936765488 16.80801037674168 0 0
17.96307384011515 17.89362125920503 0 0
22.05685032081124 22.03226071454701 0 0
22.23639602872175 22.13113254370958 0 0
22.58187094783579 22.32260497235585 0 0
23.44832898433749 23.38516338580674 0 0
24.49786497748543 24.31169502155697 0 0
25.97970371852291 25.90208349629294 0 0
27.21733041792752 27.19979987494803 0 0
9
5.127434377544303 5.04741046585376 0 0
6.760338841736443 6.660360402598207 0 0
7.510557909930776 7.463145019108745 0 0
9.012967571720306 8.99865346960576 0 0
10.73743791024893 10.57249493765969 0 0
13.77577947047384 13.09456155921321 0 0
16.11611987724488 16.05890473247138 0 0
24.76439612973342 24.75414848192112 0 0
25.87470254923351 25.71885790084903 0 0
24
1.166741384437486 3.027803622195711 0 0
3.223860374760459 3.226357923035315 0 0
3.721397500812346 5.638497764297144 0 0
5.777060842374423 6.100033521398053 0 0
6.113748720347337 6.200458353847122 0 0
6.645423255999306 7.246464013119066 0 0
7.292999860118858 8.870295043520507 0 0
8.94294421167363 11.30168655481737 0 0
11.54650186786345 13.75152862369924 0 0
13.95301653879751 14.29037059906585 0 0
14.29952915555275 14.69351886350157 0 0
14.69502850241727 16.21478933115145 0 0
16.51939235661303 16.85779575999808 0 0
17.13803095724449 17.8444781264134 0 0
18.88885547111784 20.0435395509131 0 0
20.80447377663562 20.87394199921301 0 0
21.46718147344476 21.92780892356444 0 0
22.37129543629229 24.46612300217986 0 0
24.53499681695391 24.8516668338393 0 0
25.08872069934329 25.52807687659094 0 0
25.67091691741678 26.55400324146401 0 0
28.16118356910595 28.19076324271713 0 0
28.60073275474816 28.63789003473628 0 0
29.45091401789839 29.82122262275909 0 0
25
3.199030759951033 1.994529127244452 0 0
4.522204803760863 4.511691742706962 0 0
5.343883966674434 4.678916750365159 0 0
6.705729813257713 6.295675833094422 0 0
8.200147152847478 7.933254843438995 0 0
8.491147602370754 8.358720921924352 0 0
9.064589155243345 9.036746721844917 0 0
10.30271394128661 9.708375277130646 0 0
11.50229784224586 10.30543499898903 0 0
12.24270332724965 11.57008819717862 0 0
13.52017262514776 12.72555615002777 0 0
15.57710635268573 13.97546758429297 0 0
15.80198895302659 15.67849156273177 0 0
16.59876955144756 16.44947964146962 0 0
17.48512002936182 16.87227259357376 0 0
19.00702229812357 18.99516084380563 0 0
20.0153833655677 20.01103227882115 0 0
20.72670728989116 20.72252133942498 0 0
21.65137967805234 21.55080870718304 0 0
22.45780864225149 21.80436397455275 0 0
24.30564770676032 22.87738451267972 0 0
26.53872630700621 26.45909809186655 0 0
27.34052543852036 27.29633874160549 0 0
27.95178189525979 27.67534885829588 0 0
28.89301965268072 28.88834607714876 0 0
16
1.625236806423505 1.542697794354933 0 0
4.912245241533236 3.048554570875459 0 0
6.478071555307368 6.411875169733404 0 0
8.716063363617236 6.654943499439622 0 0
9.521008759134931 9.501890254634942 0 0
10.20775759718044 10.19970505094468 0 0
11.73419963678653 11.71131795294006 0 0
13.02438335628486 12.94493698302515 0 0
15.71875113396271 15.6736926832618 0 0
20.12248904836505 18.57749555030889 0 0
21.53463756780135 21.53137681793054 0 0
23.08800068524907 23.0159338736514 0 0
27.96546199443565 27.84261473008234 0 0
28.23892825555197 27.98079401284666 0 0
28.93430006363576 28.68140568893743 0 0
29.20242984117747 29.19944031260462 0 0
31
1.153915636792667 1.426024709285592 0 0
1.437467293620576 1.63908198350313 0 0
1.885976184440076 2.390913690427014 0 0
3.297294946046981 3.627428562461517 0 0
3.920871052009427 4.260569713863857 0 0
4.319214616130839 5.186597944878152 0 0
5.297804352919456 5.432105643451726 0 0
5.837933557731714 6.529360599806668 0 0
6.647600523873453 7.264886936364222 0 0
7.330029791067725 7.384115607792874 0 0
7.742458386203895 8.216637508464924 0 0
8.402726231234217 9.145063090577374 0 0
9.340706376210598 9.551830057201087 0 0
9.552626998403211 9.808295263381304 0 0
10.50165063625928 10.63287613770877 0 0
10.71088569570598 11.06981346147303 0 0
11.08196700354813 12.62877032830882 0 0
12.65073561800973 14.61736562461998 0 0
14.67702508530192 15.06889322778179 0 0
15.75288930168258 16.49127776313418 0 0
16.7290868947439 17.21578841054696 0 0
18.00997118579131 18.23048187456598 0 0
18.49296740770887 19.25506192351276 0 0
19.82944657938002 20.01216197908752 0 0
20.13081373615656 21.31169987176939 0 0
21.41013530935492 23.18982891687952 0 0
23.42629080978439 24.88790450165817 0 0
27.49961801870357 27.83809246971614 0 0
27.95219188067077 28.26080899221381 0 0
28.40301369456326 28.8788741601589 0 0
29.38480100108149 29.48608281668161 0 0
12
3.609903917707892 3.598374530935451 0 0
6.771143593106064 6.713485063214884 0 0
7.990645503493509 7.951676074164824 0 0
8.352988495937932 8.346427551683625 0 0
12.8635463547914 11.80046537031677 0 0
15.54958723304151 15.35065830627855 0 0
17.13378062698497 16.93266134980006 0 0
21.6363167744117 21.50223536155602 0 0
24.36201685846359 24.11569310603243 0 0
26.08983109183928 25.5636661573274 0 0
26.97364961682256 26.966573678704 0 0
28.72343956890657 28.72258872244127 0 0
