# Status file for ctqmc. Used to save all times t_s, t_e.
10
24
1.591465393641102 1.185732451775276 0 0
2.258227021329129 2.219655122244923 0 0
2.839421518323961 2.572743723464929 0 0
3.397964589943862 2.915683625587471 0 0
4.703598676567998 4.621219493512699 0 0
4.760820166336059 4.751400562657828 0 0
4.971797294985767 4.956466779696434 0 0
5.077083967049199 5.011845131162546 0 0
5.862661514656443 5.560400549543975 0 0
6.334275605940652 6.285281516787894 0 0
6.857428749867105 6.840442379000692 0 0
7.246818061488932 6.882267056952559 0 0
8.279991097326482 8.223205617028198 0 0
10.13471162432282 10.1132688738766 0 0
10.28205773388112 10.25474795336865 0 0
13.42514839984433 13.3893214724703 0 0
14.32366199394157 14.28171031535785 0 0
17.52060006393917 17.49117376987796 0 0
19.98679538774579 19.88778543270498 0 0
21.2634872451449 20.86912498313808 0 0
23.03985019624234 22.99468749585997 0 0
25.23359202502777 25.16366170121817 0 0
25.52550783298991 25.45338286526652 0 0
28.97694811891914 28.40509718848545 0 0
22
0.649313142345477 0.5552381325848366 0 0
2.600831113616729 2.600127418593694 0 0
3.858361691365785 3.544220970794205 0 0
4.314583602258704 4.232599602442815 0 0
4.583006815828529 4.525349345075328 0 0
5.953386432765051 5.644896261545591 0 0
7.908979142728591 7.859339388074543 0 0
9.89133947745189 9.869543990597043 0 0
10.33203441402 9.904948628082526 0 0
11.76953014125915 11.72342991046514 0 0
12.85291498845641 12.40757807784156 0 0
14.31671968679839 13.49736580633609 0 0
16.46067282249103 15.44977238297588 0 0
18.58276580237079 18.57452757271883 0 0
20.78834663133873 20.71203466489889 0 0
21.41991066798435 21.39445915697749 0 0
23.20183019837246 22.52512088453659 0 0
23.63273414549127 23.586719105325 0 0
24.75675781355194 24.7507777001899 0 0
26.54507734111629 26.51822135547495 0 0
26.85621651270343 26.84981713013016 0 0
28.77478964385055 28.2059341905014 0 0
11
1.755546250175698 1.629630745096072 0 0
5.010759704070477 4.968818749159405 0 0
11.94934152552668 11.49358901083978 0 0
16.49655477380361 16.41943149615904 0 0
18.70291913822373 18.46974244297956 0 0
18.94515096720559 18.79015021468359 0 0
19.94406219010952 19.86141897371341 0 0
19.95331349661997 19.94782766156351 0 0
20.52664718157627 20.46022570448974 0 0
20.8125740068052 20.73399886375023 0 0
25.1266885577413 25.12431329221476 0 0
29
0.1464090352531042 0.1167722077172258 0 0
0.9943993931512836 0.551348483298896 0 0
1.072656501701962 1.031778086583763 0 0
1.145564860803839 1.092887640916891 0 0
3.512724697694231 3.467416042917439 0 0
6.077944512102407 6.058386877250746 0 0
6.14715869785246 6.13243308851054 0 0
6.541894805250889 6.389816247627463 0 0
7.479706655612312 7.411576517770538 0 0
8.934553572029913 8.85410087126383 0 0
10.17792973182572 10.14798930443962 0 0
10.65219507665123 10.33225988140693 0 0
11.10316501317408 11.08469565429437 0 0
12.220132909077 12.20314874323939 0 0
13.41181383727608 13.09765714486261 0 0
14.44074455757946 14.35625298673306 0 0
15.03702781902977 14.74833809460581 0 0
15.29303589109642 15.24337664639801 0 0
15.90136705124318 15.87351345324313 0 0
16.96796027420455 16.95407521879352 0 0
19.01220585870096 18.82715175365655 0 0
19.60493546759046 19.53371519630172 0 0
19.89081177447376 19.86997566365238 0 0
21.47709755637074 21.34486506263439 0 0
23.00490709636752 22.96989036014507 0 0
25.09091204346283 25.0807663614195 0 0
25.36361306771807 25.24302729738438 0 0
28.67438921223901 28.2896406991651 0 0
29.71579080854456 29.48107435600644 0 0
14
6.034111333833017 5.986083596176464 0 0
7.498779660910133 7.470751382884519 0 0
10.34621278627689 10.15161032450106 0 0
11.90374060902763 11.85797873609355 0 0
15.55200197274016 15.3974868295389 0 0
16.79813308066241 16.39387553005226 0 0
17.2115682065946 17.16507303816965 0 0
17.52425830290698 17.44147608658592 0 0
18.02185846821822 17.99450788191826 0 0
18.23381154796875 18.16481594169921 0 0
18.77354071078306 18.50589402497636 0 0
21.62421136043547 21.37200023216506 0 0
24.24888171480943 24.11461160968446 0 0
25.06215600382841 24.9998650247112 0 0
32
1.830830027485965 1.809817590767536 0 0
4.992555470737327 4.988281941823715 0 0
5.531711190965742 5.473147721984787 0 0
7.472295989249692 7.46948607925617 0 0
8.348298753873442 8.276527173068605 0 0
8.51283965239571 8.4547858409568 0 0
8.857168109942304 8.653423418023902 0 0
9.664024105833754 9.653331503253003 0 0
10.18164415429839 10.15209398039071 0 0
10.69035763346764 10.63921193303912 0 0
11.25041399323352 11.24855516433608 0 0
12.08167398021616 12.05812974613947 0 0
12.69781169488788 12.60727888692815 0 0
13.12034738151322 13.09519018704964 0 0
14.20851655248632 14.20553013779125 0 0
16.69004885302948 16.61476644002667 0 0
16.72936208456316 16.71696684372549 0 0
17.27400576934237 17.15275528348903 0 0
18.23466354958259 18.23365618480132 0 0
20.28648880774846 19.28018520708816 0 0
20.8863140410215 20.48473907943261 0 0
22.39216255900554 21.76749512617378 0 0
22.78257750370605 22.53118010349157 0 0
23.05759612140216 22.97025156711191 0 0
23.35686616459891 23.35117645637753 0 0
23.98881582629702 23.37576162834436 0 0
24.39822405551867 24.35927651801338 0 0
24.8702956850223 24.71444785913353 0 0
25.41822820852779 25.11037844315495 0 0
27.65276557917376 26.12668647241274 0 0
28.36670086542398 28.22244380168148 0 0
30.05959929747322 30.01795007490219 0 0
26
0.230578830144006 0.1551736652496238 0 0
0.4908163783336157 0.4130289950960239 0 0
1.147636728725247 1.008806412216135 0 0
1.364964015361135 1.34520505757556 0 0
5.131722394704766 4.994988339169417 0 0
6.083587081917386 5.906845306523051 0 0
8.072947219294091 7.055802115779011 0 0
10.04634239424479 9.924887778380132 0 0
10.0997185520095 10.08028743035103 0 0
10.50064622505384 10.43401031360968 0 0
11.64490948269409 11.60476750476007 0 0
12.44843740328637 12.43097964132887 0 0
13.11450463723762 13.00571174818925 0 0
13.79318672950853 13.72919158380457 0 0
14.81596720619124 14.50040253684208 0 0
15.08724992826827 14.97741242052276 0 0
16.82491013116467 16.79408103599429 0 0
19.21166608246458 18.89548345611375 0 0
19.78422196834289 19.65635317439711 0 0
20.180475861033 20.12366024997619 0 0
21.90062384987927 21.81014338145662 0 0
23.03770433314834 22.99951513326542 0 0
24.85617446428595 24.7652674149264 0 0
25.54279615070084 25.44499515650334 0 0
25.73073674632401 25.71847989562631 0 0
29.18734929974548 28.89911914014277 0 0
13
1.640097118094 1.17522516615179 0 0
3.79956905560717 3.773621985788236 0 0
4.847604782407642 4.701973322656751 0 0
5.972925834665201 4.84794434833635 0 0
8.557371971703862 6.362603519019831 0 0
11.12791881192121 11.07062670812458 0 0
20.76472807775146 19.78018954962308 0 0
22.88679038950624 20.97347588427465 0 0
23.22265798340537 22.89251514147656 0 0
24.1223447853245 24.11557383375055 0 0
26.81653831455478 25.66574913005304 0 0
27.04617628010281 26.94501196409273 0 0
28.54345101895552 28.52287394955658 0 0
23
3.816864405007483 3.766007177631177 0 0
6.153199112532308 6.145862853780597 0 0
6.815758501013594 6.620031411446545 0 0
8.025551207538408 7.992748359541919 0 0
8.838743444451675 8.614736926527602 0 0
10.7653788839264 10.74864632118654 0 0
11.45100405505983 11.31121134940101 0 0
12.32876901663049 11.86714858553122 0 0
12.90004489459766 12.85816872471735 0 0
14.52645210743337 14.3767188428643 0 0
18.04863641940673 17.96308913684815 0 0
18.60804896864723 18.55181855231769 0 0
18.70558155384582 18.68760718081008 0 0
18.88559888727643 18.72860572175578 0 0
19.65040618420021 19.60214744981407 0 0
20.16048864058033 19.98106863957764 0 0
20.18851409526343 20.18455969586913 0 0
23.2549610286565 22.94373908870419 0 0
24.1857441487236 23.28541015592808 0 0
25.03956607253064 24.88970447137494 0 0
25.24632112459707 25.16695265389357 0 0
27.70022111633821 27.54134556750578 0 0
27.86895876649038 27.74785970669546 0 0
13
0.4581441218711646 3.029256918283697 0 0
3.083924574545274 3.199781088137934 0 0
3.234133024236442 3.741286532068856 0 0
4.129317941972232 6.964384926568699 0 0
6.965302172244667 7.127405506070297 0 0
7.23119054811931 7.800565046169956 0 0
8.789896656550733 11.01997924580072 0 0
11.79226882795738 13.15744276676005 0 0
13.33274864962945 13.83088428121819 0 0
13.84785499838751 16.79955568465231 0 0
16.8220415946518 22.38943799966336 0 0
22.39099927303843 28.22167828268192 0 0
28.2220710286076 29.31825320879139 0 0
