# Status file for ctqmc. Used to save all times t_s, t_e.
10
17
1.500868416815551 0.6781797075926015 0 0
2.162979329720446 2.162763683019632 0 0
4.430560267173074 4.411002167109104 0 0
6.563809444085365 6.467785238584141 0 0
8.241906358165986 8.128095175164734 0 0
10.04383228487811 10.02070234745222 0 0
11.70755646971293 11.49309599063913 0 0
13.68896918541552 13.58330387442699 0 0
14.77208206253279 14.7702308681165 0 0
16.40273762547742 16.30555145883796 0 0
18.77043548694873 18.58894079111675 0 0
19.41440271078588 19.19436388239523 0 0
20.84982785902997 20.49855196114053 0 0
22.1962166882844 22.17051025446863 0 0
25.40394730092848 24.81152177270636 0 0
25.84778021114914 25.84028832648299 0 0
29.29223573779663 29.22051276883662 0 0
12
2.851724608311837 2.843934856755529 0 0
5.257152792873344 5.195868508123517 0 0
16.48312454745923 16.17980219384004 0 0
16.78410390433121 16.66388920658499 0 0
18.68042890842097 18.47716472595877 0 0
20.61074143439525 20.40638414589808 0 0
21.60937159090617 21.58656982732877 0 0
23.3492586924262 23.34140389545552 0 0
23.7693874923467 23.74493470809223 0 0
24.29925832348595 24.20597112639272 0 0
24.94818420551252 24.87557429221933 0 0
28.03828191734527 28.01300126565302 0 0
16
3.02573040322884 2.988190022096098 0 0
3.43303132677763 3.414873736540432 0 0
5.363308900403201 5.353970067470567 0 0
7.141897509143022 7.078636689132797 0 0
7.49169339134838 7.449450671025921 0 0
8.128886658031318 8.126405837891109 0 0
8.571851646287795 8.502418889027336 0 0
9.353579259902519 9.321631581759265 0 0
9.465227636810804 9.443214226448887 0 0
15.07951869523595 15.06160639718999 0 0
19.13015166092359 19.07255934471566 0 0
21.53621282057868 21.52759251598123 0 0
22.79492526530306 22.76186566843859 0 0
24.01289468004995 24.00430965570814 0 0
26.62715183422758 26.44961519459169 0 0
29.01227710823711 29.00373034342207 0 0
19
0.08042890811077896 0.01632117242801812 0 0
0.5913239984193979 0.5878841374985058 0 0
1.883227143222969 1.636276481263943 0 0
2.393548319174816 2.323830782750185 0 0
2.795666904148062 2.789309456581361 0 0
8.40964803258518 8.391096091658802 0 0
8.658440090341658 8.62913055123998 0 0
11.84741618733704 11.75251554609181 0 0
14.81477378274973 14.73803804066614 0 0
15.16214801432396 15.0083355933044 0 0
17.49477847605871 17.29525623672459 0 0
17.7454347507881 17.69351001918968 0 0
18.99663941767762 18.964088117074 0 0
19.78215134991161 19.6214148654908 0 0
20.33553646703678 20.29808368781938 0 0
20.87856280323425 20.87126916344834 0 0
22.4181152919331 22.39417054676706 0 0
27.40312922335051 27.02547534568214 0 0
27.5295566513648 27.41533293194768 0 0
22
0.3445579433047926 1.508693224804889 0 0
1.528543898889123 3.573088279757826 0 0
4.432912868387496 4.470159942950782 0 0
4.551614067381269 4.719194061290997 0 0
5.053397917134809 6.408619961111116 0 0
6.432908076448558 6.774926823814056 0 0
6.793957978621814 8.796072486802828 0 0
9.221091816964975 9.809775484518015 0 0
9.831840535705448 10.1476488969123 0 0
10.34792003129854 11.99092815309093 0 0
11.99369391464589 12.03592583539234 0 0
12.14584956539457 12.91522587009893 0 0
12.9661867910657 17.73475448475507 0 0
17.91078332858019 21.09178406659759 0 0
21.40144666795274 22.98519730847265 0 0
23.18052449999204 23.52006325925507 0 0
23.72556772802455 23.96796140360594 0 0
24.02299988911001 24.62586671824114 0 0
24.70730699854786 25.38640731688889 0 0
25.45195464542593 28.22864831102477 0 0
28.27978704968536 29.00549935111384 0 0
29.0337094841909 29.11545744810389 0 0
25
1.854508394114163 1.822549457673039 0 0
2.322259127783689 2.140449803103842 0 0
3.570850703651225 3.462806250800853 0 0
6.480261741060778 6.411328162124214 0 0
8.936063649645197 7.579605403908465 0 0
9.537628197624104 9.523957464214714 0 0
10.17462318499924 9.641781993521212 0 0
10.39216290231332 10.38448687282506 0 0
10.89046522816424 10.79845325620564 0 0
11.28735454606045 11.26792436378461 0 0
12.55306965223024 12.46256703471085 0 0
12.76267748393336 12.57263804080674 0 0
13.56116649156829 13.37863420664798 0 0
15.52101028167265 15.44317609609736 0 0
17.67923267450791 16.88516049107888 0 0
19.50110612257464 19.20511781022395 0 0
20.91742569496233 20.90713935772858 0 0
21.48602068611769 21.33064423724778 0 0
22.03226982158082 21.52511298086687 0 0
22.2784096843005 22.10175447507291 0 0
22.6372905222164 22.57295026089183 0 0
24.65468595825049 24.57453143589694 0 0
26.31778131919124 26.05015562909516 0 0
27.85924799260662 27.11563446724743 0 0
28.18449930645587 27.97286689302493 0 0
24
0.7784230567234915 0.5640193105076323 0 0
4.264796410906167 4.225196030851689 0 0
4.917462986673002 4.794242826989736 0 0
6.01228121018759 4.963434290506287 0 0
7.021354371587948 6.562022636628639 0 0
7.11892556534686 7.060521067236172 0 0
8.384720411506986 7.472768751198991 0 0
9.563634295778446 9.503503277996739 0 0
10.45846172496397 10.42247312986067 0 0
12.70575506691327 11.89627999555116 0 0
13.50928449008494 12.90319102439646 0 0
13.80578798644619 13.80085659623501 0 0
15.32464345952179 14.72518888655185 0 0
15.48064738721735 15.46171134019196 0 0
17.28960642909506 17.2725254862251 0 0
20.15520171617372 20.14722611937819 0 0
21.19549396444382 21.19104595670656 0 0
21.62653882297271 21.26797384532745 0 0
22.33704658621297 21.9241084502232 0 0
23.01551227244838 22.70355700415703 0 0
24.09577271383831 24.0849503823976 0 0
26.29159435165176 25.36347964031079 0 0
26.63522330842311 26.39998396325396 0 0
29.04879327631795 27.4312166488162 0 0
24
3.676340391202551 2.502380776278302 0 0
4.448624304583606 4.411008015838624 0 0
5.707499374774891 5.612859384558927 0 0
6.291701294274388 6.259981146862438 0 0
9.22996242490631 9.228174272264139 0 0
9.954626981385884 9.913847995978157 0 0
11.23273080152761 10.12270670657787 0 0
11.49162794783539 11.32305735337147 0 0
13.09970878258059 13.08928415456264 0 0
15.8938182386098 15.86605354591388 0 0
17.93782997916531 16.10299659746906 0 0
19.14552943837502 19.1363435215752 0 0
19.33771932459865 19.33398679646558 0 0
19.64972328117572 19.42136161603088 0 0
19.90293480167569 19.80219329609362 0 0
20.21818331988 19.946373542034 0 0
21.24254884168814 21.10286414629312 0 0
23.9899407169065 23.93879275107144 0 0
24.50232689314984 24.44959863467142 0 0
24.7534551494036 24.59950679596266 0 0
25.37556801592734 25.23471390697739 0 0
25.60173551297984 25.45750798580815 0 0
27.31386015530646 26.70849489863238 0 0
28.33329827371227 27.85828617414415 0 0
23
0.1517597618628272 2.061789235581713 0 0
2.254928521196239 2.844183056894579 0 0
2.925944925803141 3.067822948087976 0 0
3.144891396228228 4.312962323013241 0 0
4.360123610616808 4.737810919129386 0 0
4.771529184892429 5.345986676141579 0 0
6.665217187425059 7.363129036561678 0 0
7.369966304927877 8.033129644658603 0 0
8.09007315644709 8.420529866077487 0 0
9.510633253715632 10.49780026984772 0 0
10.523101269109 11.22746539683751 0 0
11.4011296427681 12.00241249104492 0 0
12.67807857467682 12.74230563749808 0 0
12.92411969892075 12.96252783051658 0 0
13.28937183601218 13.8080076831626 0 0
14.96463909098113 15.64865950934136 0 0
15.7976841576144 15.99948436421821 0 0
16.18145480312739 17.92190595182687 0 0
18.40849637763804 18.43912687935591 0 0
22.63126636817539 22.92624619043969 0 0
24.82960424848075 25.32316306230828 0 0
25.35264977441782 29.14468552423738 0 0
29.19806556797903 29.47101503219929 0 0
9
0.9441731800289054 0.7696662741232333 0 0
1.37255145840154 1.327352624133551 0 0
3.795608790694337 3.330387771518252 0 0
5.416082435023075 4.336963894977592 0 0
8.962885787699753 8.896184258587679 0 0
16.09941215540984 14.94841411261496 0 0
17.90625445148954 17.8848502524304 0 0
23.11286038111686 23.04203699027465 0 0
27.38974550271635 27.35728829099315 0 0
