# Status file for ctqmc. Used to save all times t_s, t_e.
10
20
0.06431558289751393 0.7495448686114572 0 0
0.8833782058156423 1.628547948191565 0 0
1.751499224744891 2.552850180660545 0 0
2.559610016776102 4.798471794701686 0 0
4.858396297164413 6.498534184566955 0 0
6.576981806848336 8.134322652205348 0 0
8.141030088791553 10.97719976136172 0 0
10.98255642892099 12.10504022701025 0 0
12.16492171018521 14.23991012770591 0 0
14.31943015926632 14.7061388932907 0 0
14.77920640876652 16.27825600892736 0 0
16.27888102678159 16.35006758962932 0 0
16.43039546026718 18.23190104795745 0 0
18.23608384800233 19.54146991794063 0 0
19.63477660361129 21.4107290046841 0 0
21.81725993451063 22.51106058229345 0 0
22.88094961974294 24.88488697801759 0 0
24.92160079440433 25.69835753620183 0 0
25.73412586791545 27.62294352851703 0 0
27.68204560233077 30.05686792380095 0 0
23
0.07589435536380407 0.554448324075512 0 0
0.6501925292695709 1.052545546377836 0 0
1.275407423751735 2.259006988074917 0 0
2.349888249742226 2.917644336807848 0 0
3.062601961660123 6.006186174787748 0 0
6.139015539868629 6.343977277882482 0 0
6.352746121090142 8.517650957693403 0 0
8.68294280435002 9.659145905519411 0 0
9.896699645807185 10.7359330242788 0 0
10.96400639229739 11.82533100872989 0 0
12.13145964634299 14.72536756363648 0 0
14.80188033313337 15.03071270399207 0 0
15.05887226254276 16.99817785902316 0 0
17.00136972754179 18.37389105904469 0 0
18.39211330746477 18.95144852110778 0 0
18.95790143184799 19.45610677916021 0 0
19.46668337526919 19.75324616882751 0 0
19.75357515820054 23.21483141102501 0 0
23.52216721220218 25.40060075603099 0 0
25.44527607041586 25.78488868926213 0 0
25.83302631252198 27.80017562698993 0 0
27.82218570217344 29.07720233575935 0 0
29.25611233701086 29.53121256409618 0 0
15
3.821390161041294 3.740236218778112 0 0
12.78908480829096 12.42086132604441 0 0
14.92727790783519 14.83080142657112 0 0
15.21549950189739 15.1416148046932 0 0
19.43872388024584 18.99363333706147 0 0
19.87484081166611 19.8717548915972 0 0
21.04837208759822 21.03463993483288 0 0
23.41023155363159 23.34713106263694 0 0
24.47877619975717 24.18848710086714 0 0
25.38133746182951 25.07333461906228 0 0
26.26618754968984 26.23927270613292 0 0
26.37261145366379 26.36238508324255 0 0
28.44555288264369 27.72105228155802 0 0
28.91792441756173 28.57112467629783 0 0
29.35133390318105 29.29561011301462 0 0
26
2.865210208732441 2.763966634296077 0 0
3.253992767538269 2.909895147228493 0 0
4.275095756201392 4.255585311607216 0 0
4.78505088789592 4.776425943945021 0 0
6.885715774630616 6.764540984972802 0 0
8.067367047932818 7.431883196366174 0 0
10.53713408340656 10.4641266765042 0 0
12.22469095993155 11.87402474585184 0 0
12.76919226888057 12.64696668958487 0 0
13.6072428298519 13.58822664841505 0 0
14.586586823931 14.39417244434602 0 0
15.6073914026888 15.53189417559504 0 0
18.99389574982951 18.95590296389233 0 0
20.74644952902587 20.6929972448149 0 0
21.37470914731594 21.21449229957401 0 0
21.73703207870696 21.65537503324944 0 0
23.83738597265693 23.63187989031319 0 0
24.23693820234196 24.10599770034324 0 0
24.57510445593213 24.56507472640111 0 0
24.82993075341369 24.72140229561657 0 0
25.87005251298984 25.83207392831195 0 0
27.07671311160709 26.89994447727523 0 0
27.19761136457705 27.13966947758354 0 0
28.17426154006266 28.11958719640693 0 0
28.68200884339969 28.6117992488229 0 0
28.85214313353814 28.81907429220905 0 0
22
1.919890089100785 1.862596677229774 0 0
3.051833767638719 3.049111943095261 0 0
4.253031810886763 4.196497190651504 0 0
6.658650659790857 6.617365926460763 0 0
7.467243138487166 7.401694446490837 0 0
8.660738657857632 8.332045539538457 0 0
9.495822651654105 8.751955808123153 0 0
10.83078127164761 10.82991297325746 0 0
11.40966781634554 11.26594890936208 0 0
12.89552182391916 12.83810479251897 0 0
14.49948116772424 14.21430289940971 0 0
15.4245416955559 15.34267360061466 0 0
15.61347733600658 15.54482518743201 0 0
16.46113060708258 16.42679324576275 0 0
22.39953612116268 22.37346384739125 0 0
22.90594119262441 22.84527721159669 0 0
24.55617852256506 24.47246005560295 0 0
25.22845574543038 25.12760192522665 0 0
25.28222143319189 25.24748045106601 0 0
26.46517329451668 26.42621136773607 0 0
27.97068823519969 27.96614884741612 0 0
29.24695274355976 29.22255588262601 0 0
30
0.2214973242717697 0.2062126461835341 0 0
1.819564900202238 1.635584875605838 0 0
4.880382796141236 3.3897504223605 0 0
7.849204531428912 7.673422580938677 0 0
8.725720426217121 8.721372303850472 0 0
9.331906548469616 9.132034133294535 0 0
10.21075416444468 9.785050565097055 0 0
10.64752356215785 10.31983953480568 0 0
12.91364673238304 12.72309363731936 0 0
13.07631414627546 12.92218640249045 0 0
13.16740741448984 13.07969223285196 0 0
13.35429681762486 13.26989737628364 0 0
14.34356916117424 14.29721721524547 0 0
15.01467132542521 14.63060173021267 0 0
15.94322913437865 15.46416846302135 0 0
17.88149965469931 15.95577057689003 0 0
19.40033228900101 19.24601360021423 0 0
20.87211965118721 20.7694841375645 0 0
21.37262139801079 21.26292142864566 0 0
21.56332434660064 21.53694511973692 0 0
22.5574189933517 21.90613971981633 0 0
23.37924643393315 23.351805487405 0 0
23.44740870819388 23.42293797770444 0 0
23.596484175184 23.54616988473503 0 0
26.30101737650161 26.18320513937625 0 0
26.81628991938933 26.81600651436816 0 0
28.05099389796793 28.00181387678025 0 0
28.86136333749389 28.79376453619265 0 0
28.88852677750873 28.86848849941009 0 0
29.92886718805816 29.86425567586124 0 0
21
0.5297834629480459 1.772133994863346 0 0
2.48577133075958 2.685282599177755 0 0
3.128528493495342 3.665542932783631 0 0
5.100899837197482 5.351349921447092 0 0
6.285505478701121 6.296342822174296 0 0
7.397148528410403 8.825491136484978 0 0
8.911422374454977 11.08581654625496 0 0
11.55810338988323 11.8971649586346 0 0
12.88035894301668 13.31696212790898 0 0
13.858724395971 16.22043629295547 0 0
17.14603121842534 17.34691996277801 0 0
18.85800145389535 18.88677058006784 0 0
19.2822800432042 20.30440906228436 0 0
21.0632343168671 22.5426207698005 0 0
22.56715890341126 22.77954025972677 0 0
22.83733843718799 22.88620877278782 0 0
22.88721093079252 23.07800464452373 0 0
23.13107768984847 26.60772006788301 0 0
26.67700951971787 26.9912215054605 0 0
27.31574341896669 27.54241076183728 0 0
27.68117536422961 29.6940101812208 0 0
17
0.6003738639380849 1.615698006696191 0 0
1.615927965707862 6.054299702975577 0 0
6.452489289531147 8.382031932051687 0 0
8.395038315149913 8.415594112993926 0 0
8.625208288085181 9.68300901676686 0 0
9.983507851204211 10.54316811338468 0 0
10.69452555712043 11.62266977496253 0 0
11.62672944184911 12.36937410432581 0 0
12.40749494645564 13.94276633088784 0 0
14.17639001491422 15.51084507320556 0 0
15.53311955039588 15.57850946841805 0 0
15.61771950003182 18.45895676743414 0 0
18.54500635510293 19.39795554390936 0 0
19.39973715333598 22.26463058955107 0 0
22.28637851027288 24.90958371828756 0 0
25.25384702981776 25.54229436610193 0 0
26.57990127000823 28.8926091760014 0 0
27
0.2487220094834157 0.2384285990557302 0 0
0.5751670884167833 0.5667349581907022 0 0
1.271385068734435 0.8181480834828329 0 0
1.682377393385308 1.636316842591934 0 0
1.75606536126048 1.751344505093626 0 0
2.417034450486719 2.415187604481685 0 0
2.811708481157413 2.494710654064782 0 0
3.27006441611271 3.085603628947565 0 0
3.600221613659536 3.282544615205235 0 0
5.052656450845878 4.910104052919163 0 0
7.224262561306185 7.191331232708298 0 0
7.333243666104348 7.292399758275824 0 0
8.129832980863593 7.99106264850326 0 0
9.675905970673018 9.42965264179858 0 0
10.42820269012635 9.949033260124653 0 0
11.62345365796067 11.36110182960017 0 0
14.09933167599128 14.03548228977265 0 0
14.3791151412763 14.29434928010525 0 0
14.49756500800678 14.4659867660663 0 0
16.40299877090264 16.35249704927774 0 0
17.05404484735623 16.82955976582921 0 0
19.53119395786564 19.48160371111876 0 0
20.12158583239566 19.71151898300174 0 0
21.46392814918723 21.39443087076677 0 0
24.30574060115534 24.23005427928221 0 0
28.02842865667969 27.92526311550302 0 0
29.15071816776062 28.80650726339118 0 0
28
0.9702806964585271 0.916120317387243 0 0
1.628968492383236 1.487101513691785 0 0
3.673835855183833 3.507378828463278 0 0
6.03668748397136 5.663543427733192 0 0
6.260212609285607 6.095610862205375 0 0
7.141637340045511 7.065640445315776 0 0
7.707561767125426 7.686860179011051 0 0
8.073990307054959 7.857920614095877 0 0
8.236445256831217 8.156676561437406 0 0
8.29005349144952 8.260260741655078 0 0
11.54685134578131 10.47421062149913 0 0
13.02932750841349 12.585015822896 0 0
14.03748866642994 13.37636634323519 0 0
16.00033385692501 15.90599927502706 0 0
17.37896082922761 17.20969424247808 0 0
18.5139437846898 18.20648449870361 0 0
19.37041153357994 19.33259846950657 0 0
20.67824818053964 19.94741160073261 0 0
21.90861426482389 20.89673702790898 0 0
22.20512498098915 22.03922956075039 0 0
22.26982191317853 22.20750153465876 0 0
24.63883838753105 23.39123217755677 0 0
24.89149410627962 24.83786901371786 0 0
25.50154076851409 25.48963046233192 0 0
27.63923224480595 25.61811875880477 0 0
28.03110106795398 27.9423870827276 0 0
28.95144792880368 28.49359860383083 0 0
30.04899877991573 29.99606806683303 0 0
