# Status file for ctqmc. Used to save all times t_s, t_e.
10
18
0.01855219943733033 0.5511156717277075 0 0
0.6543480320960491 1.171755276560895 0 0
1.536060735759545 1.666173043832876 0 0
1.817723347269647 3.783778103709566 0 0
3.811941195641385 9.117019798184053 0 0
9.215298790393753 9.508876602849488 0 0
9.515500954937451 9.590506120818617 0 0
9.758325250095266 11.9837638637264 0 0
12.03813378854092 12.23900554218555 0 0
12.44134695062872 13.63086517298163 0 0
13.63487255100333 14.397392976031 0 0
14.49339665704223 14.91311767060451 0 0
15.02720632242532 16.3115972672385 0 0
16.31973689640212 17.81027940186811 0 0
17.94410081643999 22.76200680821072 0 0
22.77307677526896 25.16828311339098 0 0
25.26200066208914 25.45496384512085 0 0
25.75283288483429 29.85606138382438 0 0
14
0.6878666463238616 0.5855019209541013 0 0
0.9990708334727039 0.9114856701390792 0 0
3.391596549369741 2.712778219553742 0 0
3.89086503561666 3.770829101090261 0 0
5.818355674019584 5.639295274616369 0 0
9.053589584372073 8.848296415594115 0 0
10.14866682423104 10.07718733565825 0 0
13.90270002469497 13.75771458621022 0 0
14.31628718790537 13.99904384963668 0 0
16.33262988546837 16.145786589663 0 0
17.97532919691709 17.73310697134028 0 0
23.01785221231219 22.2912814973898 0 0
23.70568982855369 23.6689750312168 0 0
28.98267103006598 28.98000454803453 0 0
16
1.397926323637321 1.316733514583365 0 0
2.552152026184944 2.457276226711453 0 0
2.944947844577169 2.913991578841228 0 0
11.37683066536544 11.22697437801498 0 0
12.78551903500186 12.75591105493966 0 0
14.10801781026678 13.92637294728344 0 0
14.71373719877701 14.50484508155657 0 0
15.28979909685006 15.22233621641792 0 0
15.97194567843196 15.87658621036127 0 0
18.53500474952378 18.38960667016453 0 0
20.08493213555617 20.07768371133886 0 0
23.60262964927909 23.49397266351058 0 0
23.99595860860728 23.94002647828245 0 0
25.10103741968648 24.39835720747577 0 0
27.55861538855955 27.40204640212731 0 0
28.0864860900496 27.98853555566213 0 0
21
0.1469627270638014 1.255609307780926 0 0
1.550652289330344 1.812487549653987 0 0
2.017351032590767 2.616022538882885 0 0
2.753259677287222 4.044016313431104 0 0
4.047834332242735 4.517070321145251 0 0
4.701168192767215 7.25824311210752 0 0
7.262380147309984 8.370074791729833 0 0
8.371293844689387 8.372967680980638 0 0
8.413034800001334 11.35201599151454 0 0
11.42975532191048 11.50754985741426 0 0
11.69816258089675 12.3850056558493 0 0
12.56980941043901 12.66887931400422 0 0
12.85045666378286 16.70332761288919 0 0
16.70694614678587 21.49933156402243 0 0
21.51438566013027 25.40542040766205 0 0
25.43475228523708 26.74627149854654 0 0
27.34525605943998 28.37378049645917 0 0
28.45134244690924 28.54226755981643 0 0
28.67025668262209 29.67275151074162 0 0
29.81899209697009 29.86165314047451 0 0
29.86550469134027 29.87019475354711 0 0
12
1.245750941247639 1.189943015215851 0 0
2.869185701942616 2.847021601428702 0 0
4.420417136079958 4.41068026413541 0 0
9.689012857546501 9.635884540375763 0 0
18.80614680948342 18.79743207278992 0 0
19.51980770364241 19.50909306258971 0 0
24.20978495121921 23.96963208730951 0 0
25.1512973612371 25.07598643861613 0 0
25.91019106883134 25.85274603028789 0 0
28.25979851615136 28.24599071297571 0 0
28.33421896398699 28.27739058882281 0 0
29.52982184589573 29.51713004506307 0 0
26
2.616350232037445 2.340845524510692 0 0
2.890219689823466 2.833517492846849 0 0
5.829568106145456 4.682137425719035 0 0
9.170551532014166 9.056112221054118 0 0
11.72929520677006 11.4961317721932 0 0
12.53292802673909 11.82163954462942 0 0
12.63102683339519 12.59754195523051 0 0
13.80026015752441 13.79981156082093 0 0
14.78095325546484 14.76289117219635 0 0
16.51312835352338 15.69342836643121 0 0
16.81039297372006 16.79703040032521 0 0
17.7047964059112 17.4239246306043 0 0
18.62001546188505 18.58090475837912 0 0
18.87152394610846 18.74910879353845 0 0
20.5165042341557 18.93725671606803 0 0
21.03972572497666 20.98827597344973 0 0
21.26432543805811 21.23091766203436 0 0
21.96445727380561 21.39845255829538 0 0
22.40192752805916 22.04594909854029 0 0
24.12675162317128 24.11361204199551 0 0
24.98524269620071 24.81582170960691 0 0
24.99979633872999 24.99927637800608 0 0
25.53628154345529 25.15526042599457 0 0
26.63618834688626 26.53877748576648 0 0
29.54474100446514 28.64013202067232 0 0
29.94113477560699 29.68349705150674 0 0
30
1.27786543114847 0.2876935429165393 0 0
3.914875531687008 3.37653031218015 0 0
5.035391481039752 4.933740706474611 0 0
6.708490001347693 5.064170769450961 0 0
6.838411576113221 6.735556539546326 0 0
7.11621025470981 6.92759485234409 0 0
7.973263163982182 7.46733676465907 0 0
8.593796425233062 8.582166297555009 0 0
9.353187125977875 9.087657293960033 0 0
10.49423570328784 9.815015549860487 0 0
11.05491996350126 10.8308266232942 0 0
12.71575265470548 11.36059041726034 0 0
13.60936811108834 12.94602752314048 0 0
14.77171866276927 14.45700136888577 0 0
16.13993466281903 15.98196463530994 0 0
18.7820948651896 18.17922971218028 0 0
19.70956440579373 18.93853523122608 0 0
21.85156296052607 20.09436949740576 0 0
22.69870008347964 22.51248268823484 0 0
23.90386835201292 22.76514689589979 0 0
24.4879827503318 24.36270785122413 0 0
25.90321821758277 25.47858871814741 0 0
26.63584408438293 26.53104388262205 0 0
26.89723514366676 26.89661314819588 0 0
28.26753873359175 28.00554190818431 0 0
28.34471614253634 28.3309432420439 0 0
28.64042745327522 28.60665587063136 0 0
28.66559253163849 28.64650468093792 0 0
28.68581995674259 28.67721813079866 0 0
29.96833613603003 29.5575672081933 0 0
11
1.893684543672156 1.701923884488735 0 0
7.191224164156942 6.965588868260189 0 0
7.954124708427694 7.568846669113906 0 0
10.64029711224684 10.57738998976224 0 0
11.11735528993128 11.09519615705833 0 0
14.18032989765767 13.98270303059079 0 0
16.10282056718787 15.37032510311809 0 0
19.02067774263108 19.01829229425055 0 0
23.89547667108901 23.7011089802817 0 0
26.80558766319913 26.71024795342866 0 0
28.41091191314758 28.36143612874936 0 0
25
0.2552510435020032 0.0661535711364678 0 0
0.7313667381997687 0.7282172519270453 0 0
2.050339909145795 1.921104839619358 0 0
3.667792095151293 2.796398897063599 0 0
4.038151215709376 3.918856222478104 0 0
4.639917823690362 4.197138980662452 0 0
4.691273260899037 4.681012766207934 0 0
7.518413432191386 5.716501463321814 0 0
7.885519201369621 7.878346390685832 0 0
9.893790692992351 8.811001002996502 0 0
10.90900593384882 10.0197924368499 0 0
11.68092528358217 11.19376584490824 0 0
17.79780097717926 16.41883645062767 0 0
18.32268476254512 18.14076853369177 0 0
18.96325154208814 18.67248974427458 0 0
19.51818171249782 19.45655568215345 0 0
20.8528439939272 20.7830011734829 0 0
21.67593412952647 20.97328693369107 0 0
21.77709530313121 21.7377392339985 0 0
24.59952409915973 22.39763473655786 0 0
25.52951758093923 24.67810852735272 0 0
26.60234746001153 26.48747044635746 0 0
26.89293839387982 26.82274551403706 0 0
28.74828079154152 28.67141970579842 0 0
29.69556465052342 29.34209689996605 0 0
15
5.045464466613264 4.833780750093201 0 0
10.39176833273641 10.38241738328619 0 0
10.50913051326688 10.48160607305596 0 0
11.02793570060591 10.677742103903 0 0
11.44109461387971 11.20609081535526 0 0
11.7687871215675 11.60947488684022 0 0
14.8935513224329 14.77722230502203 0 0
18.88339371645024 17.69491862074457 0 0
19.67426480498503 19.52976880288345 0 0
20.5482606239963 20.3707311056206 0 0
21.26753541498226 21.08286132909276 0 0
21.47737595049752 21.41339714089754 0 0
22.27958637277759 22.21376035554092 0 0
23.27096759144947 22.7009424703098 0 0
29.74199185358889 29.7197244912303 0 0
