# Status file for ctqmc. Used to save all times t_s, t_e.
10
10
4.799120801047996 4.770988863049552 0 0
6.106961380592976 6.09306515928085 0 0
9.485251366081147 9.41007997715549 0 0
10.83811103907857 9.991798000769737 0 0
12.08153077735711 12.07083434187789 0 0
12.65942858241208 12.47126598778428 0 0
14.04062080585894 13.89322901794747 0 0
18.11412390293039 17.94356889461701 0 0
18.83735478548628 18.69505719749576 0 0
20.34648372635702 20.06623029817542 0 0
20
2.986455068659946 2.941760661747263 0 0
6.030059163083306 4.533891423242027 0 0
8.448608485821952 8.197522780250637 0 0
9.11615644616041 8.983478771382282 0 0
9.214639980429045 9.187003089544271 0 0
10.01673561818476 9.866821157300057 0 0
11.69263549607153 11.58477555265643 0 0
13.29423940508768 13.2752650764878 0 0
13.54222635889877 13.4060804187858 0 0
15.33362662988717 15.32368308578464 0 0
16.3994527921439 15.9527388408996 0 0
19.46843471599699 19.43473378606708 0 0
20.12757062769734 20.05350725278668 0 0
21.38660859355072 21.26708602655269 0 0
22.2705189877132 22.16132637459799 0 0
22.89468873052646 22.2924772041839 0 0
24.57281149981113 24.45421186846367 0 0
26.8318925163302 26.29631642186 0 0
27.74063882781655 27.72845897430752 0 0
29.29008854839396 29.22634771682008 0 0
16
2.325762505796772 2.211068429917945 0 0
4.227176345799523 4.194447610483401 0 0
7.989081107161362 7.855665396515969 0 0
9.226733317472402 9.174844843945005 0 0
12.90071295384313 12.85566015641944 0 0
13.57336940212717 13.52468214247748 0 0
15.0405568786154 14.52012494509416 0 0
15.63951583857994 15.0600738658991 0 0
19.49471316243217 19.0772268001788 0 0
19.80743119552147 19.79723065687346 0 0
20.1849465684316 20.00871810110419 0 0
21.65649163467968 21.63170894059079 0 0
22.784145647135 22.78226691950006 0 0
23.84513535900335 23.84308364984614 0 0
23.92252617085867 23.91391247651681 0 0
27.57051419658711 27.53636288633311 0 0
18
1.569739028258646 1.524056016444239 0 0
1.774348459944242 1.709227850267768 0 0
2.920957829838276 2.786991270563232 0 0
3.388185560465013 3.36651107019363 0 0
3.903235258122685 3.821058245039158 0 0
4.31695781090227 4.193393975058801 0 0
4.745941084344294 4.728418357236434 0 0
8.498324110126017 8.461801012140684 0 0
8.785180648464976 8.613021267470579 0 0
10.65768912168682 10.50477399706743 0 0
11.84609726463384 11.79105945999476 0 0
14.00281383056755 13.95435625630459 0 0
22.31630254828129 22.1931729009413 0 0
23.99075575525701 23.97769758395543 0 0
24.09733896550773 24.00479469228799 0 0
25.58122003090662 25.14928245670283 0 0
27.05750042977863 26.86735873514251 0 0
27.24216625636009 27.06760962497682 0 0
6
6.558820343195968 6.429460837705044 0 0
16.46566175985978 16.42491923757339 0 0
17.7722305814187 17.67589667792508 0 0
21.82137515188161 21.79244059929439 0 0
21.92140880806889 21.90581706216247 0 0
29.68750531321551 29.67022999362536 0 0
27
0.6834706303678464 1.000045479534598 0 0
1.156929348583094 1.396790760696595 0 0
1.840200755801869 2.326246327359574 0 0
3.029102958307687 3.424767118164721 0 0
3.59485907692575 3.701222298324563 0 0
4.310650239106018 4.458740327360093 0 0
4.493628178235939 4.678041514920655 0 0
4.774999846313857 5.412915501235725 0 0
5.482259081671733 6.520546176227785 0 0
8.550353621890132 10.28610296197466 0 0
10.43249451858095 11.93328722174256 0 0
12.29319349146018 13.12794357794706 0 0
13.15033607198945 14.00892138021242 0 0
14.6815294898913 14.69029600750304 0 0
14.7059855877799 15.05545045840127 0 0
15.44066320450979 19.21519644236849 0 0
20.02947391637645 20.12432470383483 0 0
20.12718203107023 20.81434906782933 0 0
21.47668888865998 21.54149812162924 0 0
22.4000179166234 22.89367105024211 0 0
23.05253204622689 23.18451526107821 0 0
24.77669903596099 25.75130621228983 0 0
26.21712277470834 27.78000544067691 0 0
28.02791041763066 28.18570403266718 0 0
28.3391806550082 28.87481758590567 0 0
28.99048379051663 29.02077652352665 0 0
29.61921294610076 29.99777091300639 0 0
25
0.6600393633695635 0.6515609891256222 0 0
0.9282482084516976 0.7146961030991742 0 0
1.733460948858458 1.388322266587478 0 0
3.67082346684185 2.953552996208486 0 0
6.571643441007243 6.526455817782274 0 0
6.932025730422049 6.930670619418076 0 0
7.46853066084023 7.25438866055336 0 0
8.785567458456491 8.728609888228762 0 0
11.41011672681007 11.34259297312975 0 0
11.77910467203696 11.46975527774273 0 0
12.40562177343258 12.25153539569544 0 0
12.81432507106399 12.55960165149734 0 0
13.14548232374297 12.93431975281518 0 0
13.505552376519 13.4908583459984 0 0
13.84664078709744 13.79247285198814 0 0
14.51762227849594 14.45968182522978 0 0
17.46631056091922 17.43788536845093 0 0
17.78842758128917 17.73125626270352 0 0
18.81370404924324 18.26049573938048 0 0
20.44988737979264 20.33531478136067 0 0
21.51678835499544 21.46881412109058 0 0
21.76170254540509 21.69192587105429 0 0
24.31751813973877 24.11683029116657 0 0
25.86285744326625 25.59045838917838 0 0
28.26941712258328 28.16764110060107 0 0
21
1.284612060564978 0.9412328522723854 0 0
1.348336981570875 1.32932255490983 0 0
4.905074247341217 4.891459747430545 0 0
8.030748805359524 7.863898409085292 0 0
8.363662145783653 8.347910124472961 0 0
8.381400912414874 8.375491992516901 0 0
10.60238942712992 8.70947677464404 0 0
12.78747713765031 12.35999468766694 0 0
13.77632246865104 13.55343722893773 0 0
13.9421203317223 13.85688308800253 0 0
16.03181856710223 15.46463342690508 0 0
18.70019089786596 16.90231939642598 0 0
18.87167517465319 18.84503265178205 0 0
21.10996408203037 21.06822656693176 0 0
22.83827586952141 22.77216836597061 0 0
23.31954854255848 22.88832061845948 0 0
23.92736797357438 23.92403183936756 0 0
26.76267627994359 26.75614408910928 0 0
27.67084583894175 27.6622272783587 0 0
28.0132074154914 27.72864342728133 0 0
28.8031566169104 28.38781270042508 0 0
27
0.6649682104650112 1.007932378279256 0 0
1.070267340490874 1.537235284049153 0 0
2.151562546670588 2.729846496437611 0 0
2.740711658521477 4.449974453911639 0 0
4.498065845241356 4.941763736103336 0 0
5.017777723486947 5.15273173136115 0 0
5.503931347144119 5.955232632642551 0 0
6.384054383111736 6.771302141983314 0 0
7.356460265408263 8.625424315610356 0 0
8.630759189322021 9.301561870849095 0 0
9.904923491190345 12.66025103322334 0 0
13.48971107229371 14.83963947516299 0 0
14.95366775989388 15.70962025674549 0 0
15.78245908848934 16.38995413040934 0 0
16.7683529690446 17.86126800673712 0 0
19.47680655826337 20.04236759916459 0 0
20.09137654228764 20.27625067992248 0 0
21.21349792342578 21.29371561738018 0 0
21.42825444291987 23.12081990080444 0 0
23.29765738480147 23.39890994432812 0 0
23.43970572123384 24.06100144277817 0 0
24.18188360919159 24.2934647883966 0 0
25.249742827069 25.52095869236942 0 0
26.28924062680869 27.7661787013486 0 0
28.25948690583779 28.46728056080891 0 0
28.53327156440491 28.59764892568358 0 0
28.63053465056665 28.75066770092859 0 0
16
0.572214318489312 0.490945204540143 0 0
4.769166034298555 4.620308987208842 0 0
5.651351630017641 5.195267712314068 0 0
6.359147544465937 6.358306291806663 0 0
6.585294142612011 6.524537974221891 0 0
8.166382824550931 8.154521469578736 0 0
13.82765090095021 13.53597976120374 0 0
16.75280289000662 16.42718511140973 0 0
17.11516322099015 16.75560571602226 0 0
19.95191609736758 19.7836515831936 0 0
20.14853649922406 19.95255864609568 0 0
22.0132864495212 22.01156049971387 0 0
22.46465217057834 22.43911413460517 0 0
25.13524329136416 25.10578870329006 0 0
25.43644864097438 25.35628187384128 0 0
29.14839753081806 29.02262697055772 0 0
