# Status file for ctqmc. Used to save all times t_s, t_e.
10
14
2.135392644384219 2.082191585062607 0 0
4.249392244967146 4.125384873968564 0 0
6.390206137611994 6.317354472319692 0 0
7.604448516699295 7.574753642049063 0 0
8.254855123683116 8.232208479420452 0 0
10.395620063385 10.38142676718609 0 0
12.035651608797 11.87914436249012 0 0
16.92812558598321 16.80874713326186 0 0
17.33445153359065 17.00297854283766 0 0
22.14244712637588 22.10099683055061 0 0
27.91636603354199 27.83309631288083 0 0
28.43555953047795 28.39701627178602 0 0
29.63817561518808 29.51984694848991 0 0
29.9935780603545 29.75885063142498 0 0
18
1.794845272567396 1.787081496984825 0 0
2.780377275702825 2.733519038535658 0 0
5.057851070351883 5.04549127571627 0 0
9.395649900376679 9.282098200716442 0 0
10.9385772462262 10.81098513958552 0 0
15.867462757943 15.85333140137065 0 0
16.64639523599566 16.51144222355259 0 0
16.70864590787319 16.68217500243704 0 0
17.49461046835397 17.33693929230534 0 0
17.77680813997223 17.58869184566419 0 0
21.07280548162517 20.80693223086125 0 0
24.52476228002723 24.38291877022877 0 0
24.70216222416447 24.65117067959819 0 0
25.88544768260037 25.85133391767963 0 0
28.16752754291853 28.15955278698857 0 0
28.47881665166092 28.3919990948464 0 0
29.07565835510079 28.93517842444109 0 0
29.79191316391356 29.78073976240173 0 0
12
0.5159840488050792 0.4934357433882361 0 0
1.60534911893417 1.417713119798222 0 0
3.488417460410413 3.061079693003034 0 0
3.662718921954312 3.528237844061712 0 0
14.09475574119136 14.07794710892448 0 0
16.428051844976 16.04636520456707 0 0
20.49373391774894 20.31782280488593 0 0
27.5092311967886 27.47697709083664 0 0
27.68913096677927 27.6563542156014 0 0
28.27594022738706 28.26820640551757 0 0
29.14924361059709 28.75396303327273 0 0
29.55396896699188 29.41452971282142 0 0
23
0.1002836869355299 1.850005754156142 0 0
1.86389304208349 2.652279590954634 0 0
2.681818959567051 3.723836021120336 0 0
3.727148308171662 3.833978424530099 0 0
3.861262655392206 6.690900325938479 0 0
6.815390217892809 8.503507562588865 0 0
8.586542069350708 8.874942355169127 0 0
8.886591830422104 10.11587712720761 0 0
10.18619565610264 12.16720895932326 0 0
12.29088076862513 13.26938081036268 0 0
13.26957618620292 16.37337807388377 0 0
16.37567319295832 17.63790491179836 0 0
17.68000932388931 17.91848481786459 0 0
17.94390439674974 19.24532050468638 0 0
19.32049244774635 19.78189847854735 0 0
19.92078961663315 20.0023847998357 0 0
20.00869403388015 20.31594919118007 0 0
20.36031776124065 21.36042971374852 0 0
21.43410387572011 24.16460877227026 0 0
24.18211051100959 24.92126114646584 0 0
24.95962814811972 27.23034619133179 0 0
27.63576148687381 28.97026592825961 0 0
29.00341409739364 29.64407811530101 0 0
14
4.646400380318102 4.412788440786043 0 0
6.420382553029833 6.325985692195882 0 0
6.842732224454693 6.813018919995728 0 0
7.32614688471963 7.272093687459721 0 0
16.10173457426295 15.54098410347392 0 0
18.20195229142825 18.20145002931838 0 0
21.9798025119476 21.90660457985274 0 0
25.46702860068162 25.41692830403128 0 0
25.65495009798754 25.63819830093098 0 0
25.79278569209217 25.73786675028193 0 0
26.89151143752891 26.54101648047717 0 0
26.91143836365995 26.90326754986122 0 0
27.68515239818318 27.6686073939027 0 0
28.80523460767553 28.68047070064054 0 0
30
2.743550208462464 0.7960767666069799 0 0
3.813001961840515 3.492388371455841 0 0
4.384473070809126 3.860599973406437 0 0
5.500224299392474 4.795865867499232 0 0
5.731755254968276 5.713040126320811 0 0
5.979039246783543 5.739285135389623 0 0
7.789433185470408 6.38251919723016 0 0
8.325147859565865 8.161496738033687 0 0
8.945961105684127 8.366515014823632 0 0
9.739726646888236 9.731681104534939 0 0
10.33100603300831 10.20067759288851 0 0
10.50458767301694 10.38853596521378 0 0
11.81513543384216 11.78398462154338 0 0
12.57843220136473 12.55657666892045 0 0
13.1583941894408 13.13148086820994 0 0
13.38007340423062 13.33357811783085 0 0
14.02601542241962 13.87801570431342 0 0
15.05459768633898 14.56543355038059 0 0
15.54273009978511 15.45468535983186 0 0
16.56914057268871 16.49180337288865 0 0
19.3263468332741 19.19550558193738 0 0
19.55178481283314 19.44740174518929 0 0
20.82136633291812 20.76261646102036 0 0
23.36131624829407 23.35783257493906 0 0
24.50798198083809 24.46726065829236 0 0
25.22793113639451 25.13754730857821 0 0
25.99074353096698 25.80505547906794 0 0
28.6920005452066 27.98454663601512 0 0
29.45126794838905 28.98732625907616 0 0
29.75721806691776 29.71407844210649 0 0
24
0.1590331434116052 0.1001966970095403 0 0
1.86125662236555 0.9888507994766684 0 0
4.2793548761801 3.882460801347307 0 0
5.238662779591007 4.414700295893809 0 0
6.979994748357204 6.350028044696092 0 0
8.218355158215903 7.388552038134108 0 0
10.42341508404273 9.914785835363004 0 0
12.04996736158967 10.88271862452851 0 0
12.38073868875933 12.24681479114313 0 0
14.97093377280627 12.67343050757968 0 0
17.11092351627319 16.65958854319022 0 0
19.48425779042132 18.18988388333727 0 0
19.79783688807769 19.55052085282722 0 0
22.09137870058832 19.93931119926586 0 0
22.58407314259462 22.53420619751079 0 0
22.73991974020112 22.64925377239188 0 0
22.87749722052968 22.79399641573131 0 0
23.01541432735793 22.89546157333232 0 0
23.2158395988112 23.01804082626115 0 0
24.47803949390239 23.27859932719038 0 0
25.35357484957587 24.57786282639397 0 0
26.42946060177393 25.6263157827272 0 0
28.26634526544913 28.15821322849006 0 0
28.38799440918385 28.30468092632963 0 0
11
4.594274050401089 4.592958131827015 0 0
12.37652050922328 12.3723945307154 0 0
12.51955137551725 12.39952259008241 0 0
14.99813299520563 14.98850346428913 0 0
16.77867961756367 16.60115219629886 0 0
19.49037411637455 18.41726470808314 0 0
20.66960413712508 20.66443782941521 0 0
21.59731965187621 21.57372524526072 0 0
22.39295892022346 22.37372607873574 0 0
27.11041124098589 27.10427900508388 0 0
28.62583967550021 28.37268485804736 0 0
24
2.093588481597894 0.2284556917158582 0 0
2.903687063880078 2.648830715141395 0 0
4.712242959822152 3.356259028930018 0 0
4.950504542863269 4.922593463009134 0 0
5.283350488009014 5.166516013615325 0 0
6.58723520681534 6.345719260962957 0 0
8.040455850043104 7.557344914156475 0 0
8.493876680598101 8.407712203894294 0 0
9.213715600926827 9.161931999234357 0 0
9.671976348203726 9.668434933667644 0 0
12.31772368439495 12.18391349252214 0 0
13.65040127923214 13.30871070178207 0 0
13.88575150659793 13.75295967081009 0 0
13.89509959626348 13.89335927087655 0 0
15.35915259836852 15.33348972453353 0 0
21.12180883176179 20.93165218267411 0 0
23.142244371473 23.12870930157945 0 0
24.03281951520999 23.70840303102283 0 0
24.47454099338163 24.34130143630443 0 0
25.85116845601558 25.79850513763564 0 0
26.14736292503131 26.11214653397223 0 0
26.58788889340236 26.49870469694154 0 0
27.3908762849623 26.87444497224515 0 0
27.70548576992134 27.69437065616799 0 0
19
0.388614792985678 0.3401111090024103 0 0
3.858010591398433 3.605857495022921 0 0
8.569479308862739 7.81834227278162 0 0
10.2051533616996 8.800470724562095 0 0
11.61235877475204 10.22386541254656 0 0
12.01796571668406 11.91022205817906 0 0
13.28006078522595 12.54174230052338 0 0
14.40945335966923 13.44177919152703 0 0
14.62802193624976 14.57666887110236 0 0
14.71205406694903 14.69106551627344 0 0
16.46667157069108 16.1437249489301 0 0
18.65876344536518 17.96702619482206 0 0
19.30584286917791 19.0436019451685 0 0
19.74063212630929 19.66388347308622 0 0
20.99013267249453 20.82039728686574 0 0
23.51047171895994 21.38336780518469 0 0
23.77904412681583 23.64543170262677 0 0
24.73965689391071 24.70113405470859 0 0
25.25562614040239 25.09971463726314 0 0
