# Status file for ctqmc. Used to save all times t_s, t_e.
10
12
0.3253068176613887 0.003539812926018016 0 0
0.4055700636247678 0.3900086399487458 0 0
0.9438150170119041 0.927765705173726 0 0
5.769935445691532 5.715872254139837 0 0
7.996213976536696 7.732009360983041 0 0
8.086291833042477 8.01823799640353 0 0
17.65804686753928 16.95502542703236 0 0
19.76353880222673 19.72312159988952 0 0
23.35530337196555 23.3337784949185 0 0
25.14161604635565 25.04005932040963 0 0
26.5542034994443 26.34737019544515 0 0
27.5238916014703 27.15810845865775 0 0
16
0.7813500946807523 0.7587847807560114 0 0
1.355951104854127 1.174509737273112 0 0
3.469059473168841 3.425457932014815 0 0
3.722639638720354 3.609781108674778 0 0
5.615002867653012 5.612310793448352 0 0
7.86800292077595 7.501970912083265 0 0
9.666702111865998 8.532179782255348 0 0
9.741638068608228 9.675203259850504 0 0
13.08327708675813 13.04450039309263 0 0
14.53367937628034 14.49834285214119 0 0
15.86033785263201 15.71870694360303 0 0
17.96744283316614 17.85019141339718 0 0
19.29278930362205 19.22818186628135 0 0
26.10468833895708 25.89540969313028 0 0
26.87115941528391 26.61289459720142 0 0
27.04777053040789 26.9898363252916 0 0
10
7.421010858998944 7.223262272548293 0 0
8.260123279690733 8.106490195385023 0 0
9.109203466020771 9.103273198341419 0 0
13.79625801953721 13.73194454476316 0 0
14.1790694565464 14.17600463438923 0 0
15.62300232153538 15.54303037330384 0 0
23.80553666147539 23.78735653134147 0 0
25.62886171858463 25.58268103571582 0 0
25.71851203704357 25.66485657576242 0 0
25.93970017970497 25.80442543755776 0 0
15
6.921649936389217 6.786163727313152 0 0
7.502904445848773 7.47545224109304 0 0
7.861538827455418 7.848200129915048 0 0
8.002486262529301 7.995981307773103 0 0
9.077978246183601 9.033813575906445 0 0
10.85860831348576 10.85723986420693 0 0
12.3418031550066 12.11451865511155 0 0
12.84031595345725 12.80729964601841 0 0
16.17276250176741 15.66621779188919 0 0
16.29008091958301 16.22102829614929 0 0
19.43983407775924 19.33556990887966 0 0
22.9334774403083 22.88610966468373 0 0
23.18570341913867 23.09805363580483 0 0
23.79506589690318 23.74381843990423 0 0
29.085626170956 28.7332161623151 0 0
17
1.12240693414058 1.008307692985763 0 0
1.182153908208026 1.171836796117852 0 0
2.998501112912368 2.941130753993548 0 0
3.060107924154554 3.056840635067856 0 0
6.20494002838563 6.19458383356922 0 0
8.523461664632103 8.498513388769513 0 0
8.580529152834243 8.569301668286716 0 0
11.73553342730924 11.70915835791209 0 0
17.06893384229516 17.00672946059963 0 0
20.51219861357015 20.50186772084088 0 0
21.78326997753856 21.69807941406685 0 0
22.06093000234803 22.00398888698793 0 0
24.16899932983818 24.12104741864011 0 0
24.74819083287674 24.65494896207107 0 0
27.72851890050829 27.60477454971818 0 0
29.46215130568129 29.28901367930106 0 0
29.61988851128842 29.59873575070552 0 0
25
1.134182875556357 1.09009702240194 0 0
1.864848087876148 1.80973229811745 0 0
6.613573216195287 4.337028273448773 0 0
7.734267009309261 7.625594096476756 0 0
8.179710846345785 8.156809222754793 0 0
8.596583612351926 8.564441009376161 0 0
8.871250229459136 8.598405182970239 0 0
9.957055350589512 9.354335310120369 0 0
10.86719027751252 10.84811656199395 0 0
12.24408425259714 12.24290033029525 0 0
12.32459535645775 12.25221506001539 0 0
13.2252704031068 12.44114618379942 0 0
14.99160645920918 13.79866449264071 0 0
16.29240825768577 16.10868964449287 0 0
16.41500323163459 16.3332811054234 0 0
17.28330397264069 16.77142941009623 0 0
17.71509813047034 17.45497592314001 0 0
19.57471727711129 19.57250635388671 0 0
22.2091504544834 22.11467815346515 0 0
23.11193815648417 23.03022340983379 0 0
24.92170568520248 23.50845145013658 0 0
25.52242825837551 25.17775381852443 0 0
26.86618104598593 26.59265563305585 0 0
27.0223896536347 26.91847828309628 0 0
28.79537776141411 27.86005525978011 0 0
24
0.8889486117083152 0.5395497984705346 0 0
2.541965723689349 1.276302469570339 0 0
3.103125133482231 2.907963702786198 0 0
3.492148220127712 3.456376316245956 0 0
5.238265527474894 5.021201315120456 0 0
5.77520479392316 5.694164510069887 0 0
6.138023261576127 6.086778276255258 0 0
6.945614162075203 6.941166824585872 0 0
7.482301036357237 7.433997534707755 0 0
7.872898365129262 7.852340308413442 0 0
9.049046937836822 7.906514975297783 0 0
9.451283385880334 9.446223840996479 0 0
10.294857409364 10.27578062363818 0 0
11.29308839878694 10.34414159224074 0 0
11.50087258129673 11.38048850352295 0 0
13.18910926620752 13.08411583567254 0 0
16.53048998193041 15.5122362212829 0 0
17.30170175031347 16.91948634773023 0 0
17.8212903214672 17.44467185595832 0 0
20.96617293316352 20.91891166371229 0 0
21.84368626157192 21.03043712406593 0 0
23.7552041341804 23.40778341373382 0 0
24.14103003037927 24.11346382631061 0 0
28.14756644491381 27.90102920703144 0 0
16
1.643038727334969 1.335332951473791 0 0
2.585657080457682 2.134125251077099 0 0
3.599641232794328 3.563228690059674 0 0
6.317765095427144 6.297196947052186 0 0
8.605263431389735 8.496737369682634 0 0
9.32502291138637 9.193520228590268 0 0
11.54965667966099 11.52975033654197 0 0
13.74388342734134 13.60981745517314 0 0
15.04219984548532 14.49310408833055 0 0
17.14426593565387 17.10870700900529 0 0
18.21440222737973 18.21211408669662 0 0
18.78657430011625 18.71715264045513 0 0
21.03773026921306 20.30218467420693 0 0
21.98127753310923 21.53694965756631 0 0
23.09460190838288 22.63745730891215 0 0
26.661387593004 26.65840884449486 0 0
27
0.09533707238133478 0.001118523557600781 0 0
0.7545014937020555 0.1550031555007436 0 0
2.274294485741368 2.184297421632511 0 0
2.540278171919823 2.410117015156329 0 0
3.909860247710032 3.551941229684066 0 0
4.686593814534779 4.075002356682568 0 0
4.943466343295755 4.864378850915796 0 0
5.753974850991955 5.729329427881837 0 0
6.530165802633793 6.002927195352429 0 0
6.670267701682974 6.536830606452492 0 0
7.173036653977064 6.797238086584879 0 0
9.370986579431737 8.890834663800133 0 0
10.12413145854485 10.07804814257318 0 0
12.01027405107395 11.35458438609552 0 0
13.65445709886455 12.62141719906294 0 0
14.00601781952085 13.91104959045343 0 0
16.57319280777206 16.14115907063317 0 0
17.51313658210582 17.41753380701573 0 0
18.67415864847212 18.25024081348624 0 0
19.99944214163492 19.49993210891063 0 0
21.2272831077171 20.05306993212864 0 0
21.50253980161482 21.43375557250387 0 0
23.80780651894547 21.7647348906979 0 0
24.12478224515083 23.976403475421 0 0
25.38209359826167 25.24833372359637 0 0
26.38988521664459 26.12522025976343 0 0
27.5242509993371 27.35077066022495 0 0
17
0.3794149964711302 0.6061741078712193 0 0
0.7923500410443509 1.619161828508072 0 0
1.701624649893343 4.711739702253954 0 0
4.71671965574853 5.13331794925593 0 0
5.165768244933526 5.272381309904114 0 0
5.44580896827059 7.655470723896409 0 0
8.131064562013567 9.590319220810075 0 0
9.605004065055436 9.697029511465823 0 0
10.56572068658294 10.65943816283653 0 0
11.34092582146521 11.43707159464545 0 0
12.05978895959035 13.32864798928786 0 0
13.37931838683412 14.64402566698705 0 0
14.70225044386489 16.76434697524028 0 0
16.94207158279971 19.87111026335084 0 0
20.81835821797511 23.20721414996088 0 0
23.5141705659393 23.90406081575437 0 0
23.9761767849412 28.98574776832861 0 0
