# Status file for ctqmc. Used to save all times t_s, t_e.
10
20
1.741690281222038 1.498927931544753 0 0
2.062124061762057 2.011632053740248 0 0
4.125461527174953 4.06848886093039 0 0
4.839910789603417 4.391486056658558 0 0
5.231317280296818 5.116329936642023 0 0
5.806868095052804 5.417938566985034 0 0
6.243376670131969 5.884923456868342 0 0
10.44441014602626 10.24608296229981 0 0
12.71192637187695 12.37917744880556 0 0
14.98703841459685 14.75905076590657 0 0
16.06660642661626 15.10097811088563 0 0
16.97146114467184 16.59618261249265 0 0
17.40107590568284 17.31230265486277 0 0
17.68877811322004 17.45282930291933 0 0
17.77740225454674 17.73434342424296 0 0
19.15562927393552 18.57470512247545 0 0
19.77673617560029 19.69427922207002 0 0
19.91205872452322 19.8786785295181 0 0
24.88788514001952 24.88078048723597 0 0
29.34027804605764 29.30770512847671 0 0
19
3.669302580436968 3.60797944827091 0 0
4.652994470581932 4.308826037851325 0 0
4.776349280348206 4.764927176408271 0 0
4.851505097800775 4.782930761268599 0 0
5.154412361417721 5.080763698995902 0 0
6.61484591033962 6.606662981379353 0 0
6.778861970531095 6.699574469442603 0 0
9.012015850718166 8.997623756669253 0 0
14.8954789923801 14.84695904934073 0 0
17.74344218994883 16.64622989735675 0 0
18.68829266310963 18.60918480096579 0 0
18.8187168147524 18.74580586169483 0 0
19.37675549713027 19.3584958588231 0 0
19.51502334741169 19.49646498867738 0 0
23.39270038916276 23.22752757885047 0 0
24.93786865654222 24.90393476046889 0 0
25.86380140384145 25.16223036039986 0 0
29.81582835853232 29.71358731090564 0 0
29.90031851682574 29.83016796630992 0 0
17
1.289062234687176 0.858207706551479 0 0
8.18592534039305 8.163179917593753 0 0
12.37576998841317 11.57375990741765 0 0
12.64866960737798 12.49272332078235 0 0
13.37844761467031 12.72673862327574 0 0
13.58409961284463 13.54673357866948 0 0
15.22756110569563 14.52748027502554 0 0
15.46753886122929 15.36130405502249 0 0
16.2115987316307 16.17128084885719 0 0
19.83591006779723 19.80453871674217 0 0
20.87346629434267 20.79916972830268 0 0
21.39942779506141 21.32119926004232 0 0
23.08817242258765 23.06927576544637 0 0
27.03906255085885 26.07258799794353 0 0
27.25159982217177 27.15771025539459 0 0
27.77365990527271 27.44142284391446 0 0
29.19357047278794 29.18177607730395 0 0
18
0.1765345258677797 0.05944319794902242 0 0
7.454456195821838 7.15795769788733 0 0
10.3985843472202 10.27409045156095 0 0
11.5102808787731 11.3689128783275 0 0
13.72058720300506 12.3778060590731 0 0
14.31036787351373 14.30387738168223 0 0
14.68996808332251 14.54591385530452 0 0
15.40081652771453 15.11411350002542 0 0
16.58861609403018 16.48763637668453 0 0
18.34019168583925 17.41675822686181 0 0
20.56478265789953 20.52788738756643 0 0
21.39131200626188 21.00000777905812 0 0
24.60974687158181 24.60158773296978 0 0
25.35971726122566 25.05651459697511 0 0
27.14716390408434 27.12845141311928 0 0
28.1035218958345 28.10331484446723 0 0
28.68236996233799 28.57840091872412 0 0
30.05522489853306 29.97632612499328 0 0
17
1.554592183983038 1.393393693603102 0 0
2.108091144512618 2.066367833699836 0 0
5.165909290471046 4.830348025527981 0 0
6.408243663926285 6.312989671473572 0 0
8.215855186807786 8.214011390536237 0 0
8.624076033599557 8.331312405377698 0 0
11.45871677706644 11.44263948031062 0 0
13.88767937022756 13.76218278510838 0 0
14.49439339211143 14.42250046238996 0 0
15.18597195329377 14.50716846075255 0 0
16.78681666150862 16.42728105026754 0 0
20.92390712192859 20.68378368578951 0 0
21.30778350778216 21.18900391672724 0 0
22.64043056587817 22.63556474572035 0 0
22.8350330362719 22.8152760807649 0 0
23.04799983555548 23.02698877939556 0 0
26.89255646571356 26.83543549673873 0 0
23
0.06610857127662584 1.287439698265398 0 0
2.3640913578631 4.208313613329088 0 0
4.34429472744905 4.571202915674879 0 0
4.70623415344617 5.827323360011651 0 0
6.192874316458301 10.07832472354695 0 0
10.27606021595739 10.28634045806118 0 0
10.37807867925394 11.85789019895367 0 0
12.29229198551653 13.16502107681352 0 0
13.24368125253655 13.8623507437488 0 0
14.29712518085228 16.35929075753016 0 0
16.39113247694331 16.57127605770142 0 0
16.72661241522237 16.83747899273617 0 0
16.88731873531255 17.1921042584171 0 0
17.19671481806098 17.64413925666852 0 0
17.76689161279449 18.90894303705579 0 0
18.948543488941 19.33346140771997 0 0
19.64128276913086 19.76837419594251 0 0
19.80956523858027 20.49689922674241 0 0
24.17585602579066 24.25451338751129 0 0
27.03430587219887 27.55567023458607 0 0
28.1885148021462 28.99620530362724 0 0
29.07462732143809 29.3106331937554 0 0
29.49310869314896 29.55724713686135 0 0
22
1.338398130729205 1.268690551981951 0 0
1.351489563227169 1.34801929934416 0 0
5.714577922728786 5.622517528583932 0 0
6.850215532415644 6.813500585114507 0 0
8.819184059135431 8.810775725368284 0 0
10.17447576657557 10.12404280373281 0 0
10.74927485706953 10.53300802662768 0 0
12.75869151058444 12.32714261313199 0 0
13.57181667329798 13.52449573174063 0 0
14.16126924821655 13.7894657501514 0 0
14.8821128098384 14.87010549627106 0 0
19.07983521790473 18.08507037596397 0 0
22.35175283821216 22.14486514265749 0 0
23.07620470334153 23.00402284749558 0 0
23.36443144551544 23.33687012130389 0 0
24.59385997143541 24.58494306611859 0 0
25.08839520617325 25.06997578645139 0 0
25.19250502570472 25.1822651910205 0 0
25.49225526057676 25.48921398456493 0 0
25.90654549344183 25.89363653649102 0 0
26.78030766840237 26.74730323396754 0 0
29.5700032320354 29.50030359627127 0 0
15
0.8495130456500242 0.8120239386621542 0 0
1.149162426021725 1.097339121619563 0 0
5.854316224404766 4.89112342870971 0 0
8.694438203799221 5.984032402172581 0 0
10.0962900965338 9.486212020466429 0 0
10.45154598578639 10.39015496550249 0 0
10.69067811364181 10.59328561892804 0 0
15.33863520233636 15.32744827578296 0 0
19.38487056101762 19.27032106680411 0 0
20.14028654883361 19.74314461527281 0 0
23.16397574827368 23.08356514898112 0 0
25.23835752213969 24.91041591914324 0 0
25.9700188288479 25.93749808510958 0 0
26.56958983894681 26.42827118519198 0 0
28.93092390698999 27.76795709096778 0 0
23
0.7151377847719935 0.5540366092919342 0 0
0.8891125348958165 0.8628259412832031 0 0
1.057040673011346 1.051562292181867 0 0
1.52466762059914 1.409596460564372 0 0
3.585900678080572 1.953474672251634 0 0
5.168134134741203 4.19160845687299 0 0
5.7262605379566 5.371886001883158 0 0
6.29772960524518 6.01230421724311 0 0
8.184077779951183 7.817133024376664 0 0
8.787029810035408 8.194875358387902 0 0
9.254791450854293 9.167532298166499 0 0
9.31230411824612 9.285254433961141 0 0
10.94611611125548 10.65663086171784 0 0
14.15526112829364 14.13803064990873 0 0
14.78364841394109 14.7710405115793 0 0
16.27243452897898 15.17902040451191 0 0
17.69157378650286 17.39259846102836 0 0
24.4724152228621 24.19064115441317 0 0
25.49787788036614 25.13111337224854 0 0
25.89217131150928 25.86168764737431 0 0
26.8098122827671 26.78187711127818 0 0
27.66583907597309 27.66237855456756 0 0
29.79688372268751 29.75177919074804 0 0
16
1.195408064085397 0.5460072206738147 0 0
2.043131261434561 1.586778178756721 0 0
3.972677997518453 3.740621710317701 0 0
7.405777020850525 7.349181964496612 0 0
9.654917091121192 9.54227455998711 0 0
10.04328477744883 10.00647764892685 0 0
11.73558527445371 10.88945832690216 0 0
12.14654877137318 12.11930489773791 0 0
17.97573245996562 17.87458644634037 0 0
19.94157839361652 19.92545315579189 0 0
22.74155686620619 22.54677093326275 0 0
24.67718012490508 24.6630349441029 0 0
24.87504870363509 24.8354286606294 0 0
26.39069597954102 26.31270998465822 0 0
27.2955980448613 26.8596540799997 0 0
27.78779568436655 27.70441577187629 0 0
