# Status file for ctqmc. Used to save all times t_s, t_e.
10
15
3.650948519475855 3.635063310744892 0 0
4.811234418556807 4.765357663651871 0 0
5.03996846542981 4.897906328384764 0 0
5.294260427964464 5.289041563916544 0 0
8.724127040784923 8.707446052989702 0 0
8.827492746686254 8.805417168778753 0 0
16.14293035152566 16.13991759262927 0 0
16.71764227857296 16.40028314734134 0 0
17.21405053300086 16.99674153304924 0 0
19.54013409281307 19.53570647826281 0 0
20.91327334812662 20.67612722279084 0 0
21.28108754442044 21.2141697970665 0 0
21.87798771656597 21.79655078331833 0 0
23.39084518814089 23.23051713343242 0 0
26.89711538495447 26.83466460481732 0 0
20
3.789361184429444 3.711295420523381 0 0
4.15451002193331 3.997204625893365 0 0
6.968213759996105 6.940319909081961 0 0
7.006228809221973 6.978221955878385 0 0
8.853203107732771 8.688159102760023 0 0
9.470987344142808 9.434879323721068 0 0
10.281971104247 10.27533783171165 0 0
11.42385226334789 11.22468415803048 0 0
12.59708236865207 12.22156828277951 0 0
12.76091353699872 12.70674526823537 0 0
12.92081447200425 12.90509048964819 0 0
13.64546366810927 13.5917535078007 0 0
16.39160047461627 16.30135718472756 0 0
17.61237223427509 17.49609997986237 0 0
18.00357418979279 17.94611640056354 0 0
18.48532514391699 18.46640067193238 0 0
20.1875179453537 19.95648266555065 0 0
22.67057280964513 22.65760234381124 0 0
26.72064344500599 26.2621152592524 0 0
29.66830426404719 29.25184569442184 0 0
16
0.8390321563773613 0.8223950952881559 0 0
7.515954993511656 7.217552414632726 0 0
7.622318353965659 7.600472155440973 0 0
10.2134439788674 10.14769196426653 0 0
10.27152207941145 10.26313414930398 0 0
10.68276484355204 10.60653050220037 0 0
13.4944717247886 13.3384624562558 0 0
14.33901572249914 14.30557458506998 0 0
16.58676656025598 16.52017003321363 0 0
17.84057871602871 17.38632349132877 0 0
17.94744031106366 17.94016454872528 0 0
19.25645187715216 19.17497800639397 0 0
25.43254201207921 25.43038592425713 0 0
27.9660500282954 26.54848888884984 0 0
28.76662931543338 28.1131085049083 0 0
29.27696765917548 29.25843657363427 0 0
21
0.4258480424591937 0.07166425332894022 0 0
1.012297819208847 0.9680880147154021 0 0
1.302889094274722 1.279172930859673 0 0
2.231803479971795 2.154431560128751 0 0
3.125509921251735 3.092770708620884 0 0
4.173338369382641 4.119699732550551 0 0
6.849479156867292 6.817559588574116 0 0
7.037458887252138 7.009006216709819 0 0
8.568678310574125 7.543369920137037 0 0
9.314089030021151 8.842481847024061 0 0
9.875422600895012 9.58413554913578 0 0
10.63417195458781 10.58664345361405 0 0
16.09790626828982 15.880904927352 0 0
20.96387209868204 20.96248446080439 0 0
22.66178557757226 22.64343579553591 0 0
22.74026094556803 22.67934667553849 0 0
23.08431274643686 22.98793706148045 0 0
26.70120544905555 26.55963212858413 0 0
27.87532746465187 27.23813297269265 0 0
28.86708613660791 28.78637300514551 0 0
29.46609917572137 29.24322859726882 0 0
16
1.748714272670328 1.695198512288451 0 0
2.201025904028308 2.148287226940607 0 0
3.86485374022834 3.863102823951456 0 0
8.967172814352169 8.932781654584899 0 0
9.161536510635219 9.098581181423844 0 0
12.67126723052223 12.66134763425428 0 0
12.99988986953933 12.90638075218244 0 0
14.19202829144631 14.18348026597167 0 0
15.6273773729618 15.49533156327004 0 0
15.91248581685201 15.66199031208665 0 0
19.71115166333703 19.43786599064391 0 0
20.41651649667416 20.03773089899626 0 0
21.62028367068642 21.59792390960232 0 0
25.42386598593083 25.09519501125149 0 0
26.1361097071551 26.04115314292152 0 0
27.4420512590585 27.29717538941819 0 0
15
1.233090335853479 0.7543278159762465 0 0
1.576110381777728 1.537847707713061 0 0
5.579096831458148 5.295360726977277 0 0
12.47845551976648 12.46076593126239 0 0
13.04857018031867 13.01163226229674 0 0
15.08363941601965 15.00301813096357 0 0
16.14992340330159 15.86787650356983 0 0
20.25600659219234 20.21935349335829 0 0
20.86337279734827 20.33629091995505 0 0
21.33873019562003 21.29219827919527 0 0
21.67555426462877 21.52879698621292 0 0
22.40505077212655 22.38099442044805 0 0
23.10637571445003 22.89921442878126 0 0
25.82096541677798 23.91985167643641 0 0
27.77636113235239 26.86692156643979 0 0
26
1.60948251128957 1.499515315894678 0 0
2.291382567636834 2.206436739388988 0 0
4.328627346985616 2.463879395754663 0 0
5.931616374886682 5.63109023509457 0 0
6.928170398119805 6.56959234171363 0 0
7.115936790095819 7.04149757653572 0 0
7.862558755908164 7.757428192552256 0 0
8.400350253981573 8.219218942669137 0 0
9.993019020760521 9.361510691419062 0 0
10.86049047381209 10.12773640454984 0 0
13.2326583640315 12.93293263047355 0 0
13.42954319597931 13.30120764792495 0 0
13.7012692385841 13.4912047364214 0 0
14.05076747556391 13.814113056831 0 0
17.27675389493162 16.91221082551236 0 0
18.44344465823956 18.16045363439051 0 0
19.1947263110789 19.15184454978462 0 0
20.44495854888148 20.4236467334915 0 0
21.3034350136277 21.14762208380722 0 0
21.79891257852615 21.7825780824383 0 0
25.27484163063334 25.22353311851882 0 0
25.70132700505653 25.6152298566611 0 0
26.2514493802899 26.16345002045468 0 0
28.76160905017251 28.74109475186674 0 0
28.87531071537688 28.81737885298661 0 0
29.2828440711123 28.92847347356169 0 0
13
0.3606584167678655 0.3439531954679431 0 0
8.077932011049691 8.015417705016731 0 0
11.75987970156361 11.32916330888891 0 0
11.82699989127508 11.79968439448985 0 0
14.59002219477209 14.54722553775089 0 0
15.79221856763496 15.77263883133797 0 0
17.79700001527535 17.64840811759682 0 0
19.59180167478084 19.53650121418343 0 0
24.0947211111048 20.82841444614175 0 0
25.92568770919574 25.5494110140049 0 0
26.07967760473214 26.05518370996718 0 0
26.68402860766936 26.38510321866105 0 0
27.148081846013 27.00033884801082 0 0
24
1.191053451766563 0.7854169089689016 0 0
1.855149231931 1.484157348948641 0 0
2.192995080940451 2.147285940218365 0 0
4.238343593191667 2.636167540373495 0 0
5.152712561053518 4.289904605883202 0 0
6.654641349289978 5.230289514185333 0 0
6.944055638780135 6.943017771697127 0 0
9.747752254047622 9.134265025243844 0 0
10.04164141101563 10.02429821294436 0 0
10.80856682238234 10.79853764909692 0 0
11.6649505319316 10.92766184450542 0 0
12.74170378442298 12.49489192687919 0 0
12.97629313821028 12.96273491178153 0 0
13.60433288903879 13.41156928781611 0 0
14.11195058950372 13.9408781153187 0 0
14.65143660647762 14.51204450769196 0 0
15.26463196909743 15.12063688629004 0 0
17.32627664517204 16.72520653465859 0 0
19.91129295102898 19.36532999023427 0 0
22.78530066165302 22.7518034977345 0 0
23.64496334394385 23.50602429332817 0 0
26.2992115408937 25.7499942323326 0 0
28.08796461887411 28.00994414364221 0 0
28.82407263959943 28.35594452804021 0 0
15
1.120426142282628 1.212500591682834 0 0
2.131881226712672 2.296137737754071 0 0
2.479426112200932 2.575802791115645 0 0
5.071955822806347 5.261187295566834 0 0
5.411792404951681 13.09042709339131 0 0
13.2261168957381 13.72030356563754 0 0
14.70738064330985 15.22182085349557 0 0
15.83063607811704 17.98177873564798 0 0
18.19963578132341 19.10073735851601 0 0
19.13444890884477 19.71627748120108 0 0
20.34403112126154 20.38371892922088 0 0
21.67345629596384 23.38062071997247 0 0
24.20603838286337 24.78401759021768 0 0
24.81606606944153 27.67456036605115 0 0
27.80129020984736 29.28893102719763 0 0
