# Status file for ctqmc. Used to save all times t_s, t_e.
10
11
2.472587122781614 2.44880484141245 0 0
5.594665599627998 5.570469657365611 0 0
5.941430915753612 5.876307375825593 0 0
9.507438288755971 9.39369144196646 0 0
13.69103022893219 13.66130325125294 0 0
13.8147809090412 13.75846463495311 0 0
13.92225977116516 13.87906648706659 0 0
14.93380250527016 14.8993013926714 0 0
20.01007502748441 19.82022426384705 0 0
22.34366727577147 22.25057610884764 0 0
25.0647559854499 24.7817113284956 0 0
24
0.7723835091424702 0.7636812181129784 0 0
2.925797124875458 2.677054074693288 0 0
6.296158403949738 5.793505693454442 0 0
6.630625830044751 6.529335547709423 0 0
8.734499256779001 8.004314065273419 0 0
9.706509421634443 9.658061715804042 0 0
9.743324132371679 9.719085224205712 0 0
10.11359279374174 9.961356441276394 0 0
11.25183674974916 10.60486425041935 0 0
11.45432218658074 11.44437777025422 0 0
14.73372465538228 14.10402578139263 0 0
14.97863455044502 14.93568925176736 0 0
16.10948595095683 15.98818696019534 0 0
17.47503323405208 17.18831583562486 0 0
17.92773568205051 17.90970540360205 0 0
18.77868385815925 18.77088252923388 0 0
19.95671238896564 19.79259384447559 0 0
22.32438167308159 22.30095595173983 0 0
22.68953251989578 22.68455638585374 0 0
25.75671779272234 25.41536061021955 0 0
26.01219972196609 25.78448458380345 0 0
26.98886406990471 26.29154399756153 0 0
27.49362305457542 27.15374802672829 0 0
29.97416190823722 29.94407511088703 0 0
6
0.1405271537107069 0.04142734740961274 0 0
7.824623043776678 6.962199647906476 0 0
10.22240965520832 10.16424837435969 0 0
18.71029894322613 18.67084470528961 0 0
21.84234815028275 21.67808910886018 0 0
25.61095040775164 25.41928677888186 0 0
12
1.374970416604168 1.368477048917478 0 0
1.821019634641201 1.577460818168893 0 0
3.657984447601723 3.404251037113256 0 0
5.168370972563761 5.154079153083683 0 0
11.52294016981234 11.44276473722151 0 0
13.38826839361332 13.36857474574052 0 0
15.91932352215696 14.50687930587065 0 0
18.85973441515088 18.69370987441271 0 0
20.89430767297317 20.86503108570629 0 0
21.9703284186447 21.41549752704898 0 0
29.38335650770036 29.3546133239781 0 0
29.50172750440908 29.38525141412449 0 0
17
1.282807981679461 1.191879258543196 0 0
2.497323144083968 2.436068455715767 0 0
2.934004613937582 2.911854514574018 0 0
4.873661619867724 4.868528421499161 0 0
6.294092736537459 6.172338800816889 0 0
6.7714667749646 6.348908758579542 0 0
7.30746960215478 7.275448589883811 0 0
7.49714575346776 7.465651339511195 0 0
8.434849007176497 7.796722987348904 0 0
17.21741671597241 17.20052567300637 0 0
17.70390512833279 17.70282733164216 0 0
20.27146700149658 20.17830944350224 0 0
22.54819085840457 21.81409253484506 0 0
26.97834540757184 26.87465929805145 0 0
27.16166806109473 27.13839691589511 0 0
28.1690168989163 28.13790546109525 0 0
29.35592817532709 29.34657851069437 0 0
19
0.6796325394867034 0.7781161452142261 0 0
1.219095703465269 1.923013712652628 0 0
2.07235930683068 2.565033503893802 0 0
3.021081281310901 3.103058484925866 0 0
3.123324677136604 4.319609551824977 0 0
4.420288169246661 4.493103345720453 0 0
5.446747060659069 8.666487699929109 0 0
8.691603635861634 9.451528065034513 0 0
10.00020891090572 10.72182426973724 0 0
10.78805834248816 10.89966791964011 0 0
10.99927683952822 11.76171022955827 0 0
12.30543346203281 13.2345180650123 0 0
14.01782586902872 15.18919219414317 0 0
15.20072313313476 17.15113042124558 0 0
17.23270542203363 18.49934735432727 0 0
19.31351657770359 22.30885590528978 0 0
22.32613376078416 27.57020781608889 0 0
27.72483778410109 28.49277279730971 0 0
28.50645349602708 29.52393045745471 0 0
28
0.6027755820819282 0.5096012838985047 0 0
1.61703543902356 1.041392572447512 0 0
2.229325028166037 1.984632594859649 0 0
4.304142979858064 4.163607943309105 0 0
7.05194799592875 6.46473441187891 0 0
7.372404310092826 7.155120499179683 0 0
9.469728775617538 9.10888948668868 0 0
9.718465642698371 9.596561277212501 0 0
9.912195301637661 9.783899245743902 0 0
9.987646820214938 9.940984157497384 0 0
10.14609133535018 10.13319845239901 0 0
10.51399925719735 10.50737420516806 0 0
11.09726351165097 11.02560116239049 0 0
11.41666735330193 11.23258211212822 0 0
11.89424241320819 11.86616845980317 0 0
12.83812667586071 12.82908943263853 0 0
13.63896005083755 13.619107345936 0 0
13.68939994552171 13.66717896733209 0 0
14.807353089706 14.78158649975972 0 0
15.78141017131906 15.42085838499876 0 0
21.13008784364501 20.93439298777166 0 0
23.126850416685 23.09762085352697 0 0
24.37021583496588 24.34319716977186 0 0
24.68107656424859 24.47875577124719 0 0
24.75738314289692 24.74422827898535 0 0
24.92232313866365 24.84386772012545 0 0
26.59132975409851 25.77247183448123 0 0
29.43988379878166 28.4787674525873 0 0
10
0.6757402466410376 0.2757316250254505 0 0
4.099864333714656 4.023232413169721 0 0
4.453509320470813 4.369154984666599 0 0
10.66295881319318 10.49660535727809 0 0
12.95057722306173 12.78844372810576 0 0
15.81952010632281 15.68473669267985 0 0
16.14452538402269 15.98462442566318 0 0
17.63723026084615 17.540513925694 0 0
17.84118726537924 17.82181798790517 0 0
28.63352512270656 28.48523329990168 0 0
18
0.3693172659894621 2.906070972981045 0 0
5.006017815445723 5.136704092378913 0 0
5.310039308128354 5.315781183922032 0 0
5.624781023450581 5.751418851303185 0 0
5.789792200662764 11.08047968995147 0 0
11.37874752352861 12.1481182170958 0 0
12.25135578308626 16.26319893591353 0 0
16.79864303283345 16.83098634388502 0 0
17.00264509370414 17.70159425493766 0 0
18.20010441593065 18.56342301240893 0 0
18.65464066728909 19.09686972228286 0 0
19.1117995332679 19.22926544329475 0 0
19.39302282163037 20.073487369704 0 0
21.17534742058429 22.49881246796033 0 0
23.83146248508586 26.93144618139382 0 0
28.2344589477926 29.04995678211671 0 0
29.44485665243994 29.50543844034033 0 0
29.66278239459444 30.05259135061627 0 0
13
7.414394959675998 7.379691350267068 0 0
8.132462330084477 8.130720374746332 0 0
8.259256635056307 8.248992307508813 0 0
9.373414973610139 9.368596389392742 0 0
11.83746269078775 11.73393524041598 0 0
12.26541240074171 12.26520061318785 0 0
12.41416262174947 12.31604733579964 0 0
14.27614831738198 13.81137611094718 0 0
16.89066387683957 16.85373930145312 0 0
17.40563910635482 16.94730074219916 0 0
22.01948292821725 20.95690943404564 0 0
24.08356414349538 22.98414663282905 0 0
28.05946986722106 27.98592416666468 0 0
