# Status file for ctqmc. Used to save all times t_s, t_e.
10
18
0.9495348760821827 0.8466600989706841 0 0
1.486163409673978 1.143730679410533 0 0
2.116503040725583 2.104910052390001 0 0
3.143477823467229 2.70066052414721 0 0
4.201340035636889 3.894188696736575 0 0
6.089939218696337 6.031963082919014 0 0
6.882066134197353 6.838150560368531 0 0
9.883999187095714 9.841931642774576 0 0
13.40950526457447 13.32305448681572 0 0
13.56104903174705 13.51436729418043 0 0
14.8706631433676 14.6691608400729 0 0
18.13821156442423 18.07704120454229 0 0
19.03411529884273 18.8113510352888 0 0
19.48352465285138 19.44825580320195 0 0
21.64336716944001 21.6397098808025 0 0
24.23942614748099 24.23507387065835 0 0
28.59242508980413 28.20779753833583 0 0
29.56903088114718 29.54164440508629 0 0
20
4.193275615717415 4.100430768974842 0 0
7.257634352866036 6.70495506378176 0 0
7.693602874327502 7.491014217639611 0 0
10.16355746344409 10.14484090970304 0 0
11.10639161857898 11.08622230755768 0 0
11.2807512738208 11.2800349220379 0 0
12.01651663893744 11.95289567553546 0 0
12.38652347964785 12.38297202363797 0 0
13.90886145868818 13.87524473339113 0 0
18.96525177961549 18.82663843712671 0 0
19.56099838417383 19.38193308223065 0 0
19.92325151480362 19.63825246832593 0 0
20.72019915763528 20.53918458679087 0 0
21.16822769747543 21.10370695458557 0 0
22.58575598807011 22.04499196461509 0 0
22.82537983954147 22.75293331830279 0 0
25.16009768863522 25.15270531098042 0 0
26.29551820538585 26.25998345898131 0 0
27.3471422149753 27.30950304664164 0 0
27.75648037128871 27.70813012974892 0 0
7
1.965851054508509 1.733698631349391 0 0
8.527219846405062 8.48894527439348 0 0
10.78724980838288 10.68930242320728 0 0
17.70072492254594 17.68831832759526 0 0
26.8208575634653 26.80244400430306 0 0
28.72013841491322 28.6713679373353 0 0
29.08341462573372 28.99833970916006 0 0
24
2.779124323621342 2.755359680613636 0 0
3.837064519059939 3.669720012226968 0 0
6.463193275416604 6.392650653192907 0 0
7.078701379070488 7.050874223034279 0 0
7.740380397929709 7.700360062617174 0 0
8.740766048320506 8.275166071142836 0 0
11.24813782896775 11.11989676816449 0 0
11.54285066357827 11.3111327951491 0 0
12.0892799995769 12.05776309586548 0 0
13.2258417341836 13.20663512183112 0 0
17.85828079924213 17.65146533224664 0 0
18.21877926857659 17.94569554844395 0 0
18.62664364079772 18.49584691810916 0 0
20.56703900137659 18.72110445562168 0 0
21.79564391318588 21.78728553561203 0 0
22.0893588920505 22.02406721675667 0 0
22.86384048224415 22.77796579234913 0 0
23.01272006774726 22.95088006193609 0 0
23.51712208924424 23.51103530270316 0 0
25.03240999087445 24.89529405679327 0 0
25.62979215141167 25.59012661805982 0 0
25.77140091886045 25.72827465722299 0 0
26.31730133749939 26.02330253655189 0 0
29.24879262939873 28.92363631661469 0 0
12
1.665127272988947 1.663003985051028 0 0
5.261093333354721 4.883694171154046 0 0
6.89061170122928 6.853573387242745 0 0
8.401163240512709 8.386013721922733 0 0
10.07486187005204 10.06115833659145 0 0
10.26383219153435 10.2158737626011 0 0
12.09360935315709 12.0735089891986 0 0
14.74829579690682 14.74723032979448 0 0
15.37054098629771 15.09798057886362 0 0
16.95095285002996 16.92562508679075 0 0
20.30580810011602 20.29777574852936 0 0
29.28261517235844 29.14937864469278 0 0
22
2.957242665099763 0.280975230993743 0 0
5.199816029228418 4.195626058877967 0 0
6.745852729914036 5.203306583981164 0 0
7.380280041723538 7.324353077526664 0 0
7.681631784685893 7.617070279930244 0 0
8.742934955833071 8.50848009180172 0 0
9.590099667580409 9.590090989701212 0 0
11.71578268522543 11.62067280289586 0 0
12.25019903492737 12.17363649145643 0 0
12.43918885672036 12.42524577113509 0 0
13.96001308449659 13.90026218822748 0 0
14.62582458325162 14.43076143734895 0 0
15.85067236932247 15.43514113976415 0 0
16.64944951778935 16.47495153061359 0 0
19.40802981957099 19.36689699106309 0 0
21.35289923490947 21.24347886794862 0 0
23.45106707641711 23.04504765827949 0 0
25.02634317222243 24.03006760445379 0 0
25.41162623071991 25.19443297417128 0 0
27.39461689101729 27.07854439977531 0 0
28.16361794454706 27.97654758825093 0 0
29.01552134231076 28.7965385075329 0 0
31
0.7762786021966471 0.9006408904780633 0 0
1.531363503469022 2.345884405479333 0 0
2.559623297580977 4.815878976588168 0 0
4.83821094927455 5.267609991987278 0 0
5.546328814004834 5.986262042396394 0 0
5.987318242062257 6.42002725028937 0 0
6.56160015471226 7.149415613863183 0 0
9.062677063007701 9.39856937876702 0 0
9.920863754612965 10.34247266337123 0 0
10.42756850409361 10.69986723086942 0 0
10.80286535798542 11.52461687412318 0 0
11.7041025964973 12.71589516986059 0 0
13.58249044227546 13.79478651999389 0 0
14.21724860759378 14.35856550265179 0 0
14.40045865422233 14.83545140551016 0 0
15.10508931602831 16.86352849847045 0 0
16.86829114392266 16.88009448301664 0 0
16.90219432886387 17.29179895314993 0 0
17.3459295964154 17.36218410909404 0 0
18.07676310737314 18.09746382468956 0 0
18.68095949119444 19.9376760642871 0 0
20.04910528827008 21.17160048538207 0 0
21.42412501551778 22.4175391258305 0 0
22.60904244687324 23.11730375859377 0 0
23.11757185265319 23.57720306914777 0 0
24.40976090825161 24.63658344034931 0 0
25.17974838020453 25.62403207853709 0 0
25.85967583206354 26.26916922587888 0 0
27.95102468257492 28.43267304720988 0 0
28.57778208827502 29.10817915619415 0 0
29.47254979632132 30.04447743598206 0 0
29
0.9426654708345836 0.7906018759210163 0 0
1.160439229639013 1.054273456135606 0 0
3.958345274626335 3.18190919484082 0 0
4.825664132822032 4.706577459665815 0 0
4.978601516787429 4.973393837876906 0 0
5.871358357356584 5.743992980630551 0 0
8.197991174704413 8.172979188512135 0 0
8.809733774967031 8.761457262402265 0 0
9.423593423949667 9.216091139421463 0 0
9.586430045980581 9.463490904644701 0 0
10.70322808684085 10.6513760142198 0 0
11.95813788715633 11.88089980358914 0 0
13.32596177411722 13.26210667104563 0 0
14.31116566467987 14.25282909093987 0 0
15.71700087763599 15.25440471616897 0 0
16.12258468391463 15.71829404912487 0 0
16.69736767078228 16.18478481524858 0 0
17.60618952853033 17.59105101353754 0 0
18.23099785958733 18.13468983646949 0 0
18.76445957230109 18.67889192164611 0 0
23.48455294915317 23.42941318100498 0 0
23.58163666072985 23.51111430333563 0 0
24.91351450482012 24.85984290193966 0 0
25.25168264964389 25.19758048218319 0 0
27.09120340908056 26.99764057131596 0 0
27.73986333551759 27.69081694992021 0 0
27.78370708907402 27.78095378612634 0 0
28.38900816639513 28.19024317899813 0 0
28.58235094407455 28.51751218468753 0 0
34
1.454816737548315 1.287479897577541 0 0
3.902458351228584 1.642311844522403 0 0
5.431128232797247 4.762972489347058 0 0
7.83043327172094 6.369119405396392 0 0
8.959011147937439 8.856912226730522 0 0
9.009542620513139 8.988508005873062 0 0
9.384274832512178 9.22508897064807 0 0
9.516217825671644 9.506757830112049 0 0
12.35378462174625 9.981325560864798 0 0
13.14362420974852 13.11204765668196 0 0
13.8921269006271 13.75231544212844 0 0
15.17529430215901 14.40156288202905 0 0
15.67839734908826 15.45607376462567 0 0
16.42911462378417 16.36560807146008 0 0
16.62972297963669 16.61102148117138 0 0
17.32783583990612 16.8883601998733 0 0
18.16530100497699 18.16185717876792 0 0
18.57157526660678 18.40702849140635 0 0
20.00047161680047 19.96460207032418 0 0
21.56357156401369 20.28620175591591 0 0
21.77643677573686 21.60284633545982 0 0
21.94190714649019 21.84779004408815 0 0
23.31668693587366 22.46996847141518 0 0
24.75675938547805 24.0192902118365 0 0
25.65079375444791 25.52809175600808 0 0
26.00082340253475 25.99050841000884 0 0
27.1722083138287 27.08913184082271 0 0
27.29240180854313 27.18552376390446 0 0
27.47807579303843 27.38216299854236 0 0
28.49562789092991 28.46021822776128 0 0
28.82193125500951 28.81735449016676 0 0
29.05492400521008 28.93588078558218 0 0
29.12918592432863 29.11775937226966 0 0
29.46513781629049 29.46260667906582 0 0
16
1.776463483822802 1.725446068272737 0 0
3.483876995620954 3.373128810299806 0 0
8.553684015654593 8.546484880298404 0 0
11.18542897770135 11.17542509240449 0 0
13.2888606074663 13.27872734745991 0 0
13.91741056368685 13.4668468454797 0 0
17.65593117257725 15.87320248864977 0 0
18.08622401085064 17.9409169360987 0 0
18.90495282808573 18.75245921887306 0 0
19.81281704267088 19.33992160523383 0 0
20.47539146602906 20.41474900982162 0 0
20.78799950732905 20.58094181924473 0 0
22.05497683604088 20.88019424876133 0 0
26.93224702598391 25.65321256740423 0 0
27.73635422422117 27.69100397319719 0 0
29.86873669495419 29.65906903514872 0 0
