# Status file for ctqmc. Used to save all times t_s, t_e.
10
22
4.566992689821173 4.447553461308343 0 0
5.542341896983288 5.533596850835828 0 0
8.738101973928462 8.659856445971757 0 0
10.66006016966153 10.6254743509225 0 0
12.62752297087735 12.58440829854512 0 0
13.68047343973026 12.99450891555481 0 0
14.36381609431768 13.82316163841445 0 0
15.23991564153857 15.07859034070821 0 0
15.944001309635 15.8780767065455 0 0
16.92986270199549 16.65937578678065 0 0
17.56817391392247 17.52474529063831 0 0
18.96126981315426 17.98852597783193 0 0
20.9478961103219 20.72618806753259 0 0
21.86582771649896 21.69442693610853 0 0
23.95757586454333 22.98867564377712 0 0
24.20040125408339 23.98096367672984 0 0
26.47548110496894 26.32780831587656 0 0
28.11315565531485 27.48618606862281 0 0
28.43218630957396 28.36778743383821 0 0
28.57227157606133 28.51961403326773 0 0
29.6919400422111 29.23540220056902 0 0
29.71729494588354 29.69474459370837 0 0
22
1.505004749180483 0.8861560717628798 0 0
1.632001458942761 1.603189726371517 0 0
3.27782459274158 3.045485884763791 0 0
7.374321921049527 7.077951853753844 0 0
7.835275096249856 7.531004005927186 0 0
9.694345917558172 9.659835818407426 0 0
10.77095921754568 9.984886543059259 0 0
11.52798677860159 11.51946518335884 0 0
12.47911652956074 12.44016907558853 0 0
13.12332249866187 12.96285560391114 0 0
14.0020045595633 13.95227472000205 0 0
16.36809378685776 16.14978116962536 0 0
17.67011231373406 17.37080517289287 0 0
18.79749073678038 18.70387129332973 0 0
19.53146150837239 19.52673261168199 0 0
20.71446489594963 20.66633450256592 0 0
23.0648624607989 22.94401955894172 0 0
24.3111126413633 24.26865691254196 0 0
24.59564574658029 24.51577103794174 0 0
25.62610717459779 25.35229176963659 0 0
28.46916757400268 28.38278823427646 0 0
29.9270238341387 29.84507454639376 0 0
14
2.266799588592009 2.254366369858783 0 0
2.331588894469943 2.328589802074723 0 0
8.191134731406162 8.144987404015792 0 0
8.357748701070051 8.284701465996527 0 0
14.77788412441779 14.65320139168474 0 0
15.48452689094307 15.28091082459001 0 0
15.67151409341669 15.60462610631181 0 0
17.99414469396781 17.97881580063924 0 0
25.26925448576627 25.23720961489229 0 0
25.57674612031985 25.56850507874601 0 0
27.24971975316085 27.24402647886942 0 0
27.46641417021528 27.42216324787862 0 0
27.56702918259381 27.51125107694984 0 0
28.29545245129639 28.23921930225164 0 0
17
1.181082906968474 0.1890198795030607 0 0
3.203947751523596 2.954946537437557 0 0
4.952511767363105 4.520411115096389 0 0
5.137411028171256 4.953450064981523 0 0
5.741580535772906 5.513646503986817 0 0
7.255002380468706 7.134531276763602 0 0
7.628421792174889 7.347550425887813 0 0
11.00396807981303 10.98338675818832 0 0
11.70343826075482 11.70221579792405 0 0
14.85067713703192 14.57429880434837 0 0
17.35148099094877 17.2915548713645 0 0
18.07393321508894 17.68127719869869 0 0
20.36761090094321 20.30483343012319 0 0
22.19120278541642 22.14197531041445 0 0
27.43374529878936 27.42829255551308 0 0
28.59927763564358 28.43157257340217 0 0
29.96245454186293 29.35961319931547 0 0
17
1.661755587704011 1.54264700925177 0 0
2.728137417958411 2.549689715363912 0 0
4.873372600355676 4.698364643365068 0 0
5.243308586440644 4.90353637550004 0 0
5.488985965426737 5.467815581558423 0 0
5.815425096885738 5.804744835169974 0 0
6.988989301696093 6.944346052683473 0 0
8.770606653046332 8.755705146311779 0 0
9.752912857736424 9.625814424802227 0 0
10.71874114359258 10.68512832525886 0 0
11.38844051703397 11.38132257183783 0 0
16.84549858155113 16.04450046852489 0 0
17.07447845934924 16.90672024500839 0 0
19.77037445502834 19.74902947692756 0 0
23.76410831602139 23.7547405220465 0 0
24.35584923188815 24.30996476400228 0 0
24.89331446534063 24.81222530434672 0 0
17
1.641256325158032 1.34599175715724 0 0
3.995475746715844 3.839602857437005 0 0
4.919186332323643 4.913881974219733 0 0
6.635025858881139 5.400336765703679 0 0
7.382602998309134 6.761695983474545 0 0
7.935303704169066 7.918179066005834 0 0
8.799599750536858 8.365144147568493 0 0
8.915438904540494 8.894920115067304 0 0
13.6918533674752 13.58420255754507 0 0
14.19076173128216 13.94282647662896 0 0
14.56122830634059 14.52432312010081 0 0
17.25079637123693 17.03701906251787 0 0
17.93144595658334 17.35149117215404 0 0
19.93016578026594 19.6898771644826 0 0
25.72933183459011 24.08567067888848 0 0
27.50236249232555 25.8263775305291 0 0
28.52169403160269 28.52041574470464 0 0
25
0.2313755246516749 0.1478820532858371 0 0
1.178468744733686 1.115197002372907 0 0
1.400417709588785 1.387888568367275 0 0
2.230498269572993 1.791504203651366 0 0
4.816241655599375 2.389510606893356 0 0
4.909671814050857 4.847935802144962 0 0
5.813339221259143 5.66105201862299 0 0
5.904374878150786 5.813998497486206 0 0
8.170820826637575 8.144922629961515 0 0
8.672984661842735 8.254479995805083 0 0
9.821335870980899 8.708155428240129 0 0
10.9278862523592 10.8355874475966 0 0
13.34354213782569 13.32341974663918 0 0
14.44270656125412 14.30654650562672 0 0
14.57405960690474 14.55652366882311 0 0
19.73817632151728 17.69906563642384 0 0
22.20971322589197 19.79065787554068 0 0
23.48765266695273 23.18553020867622 0 0
24.09064492880226 24.0832789873565 0 0
24.19581584839819 24.18626912668606 0 0
25.19547337269759 25.01454452659156 0 0
26.77698544008006 26.36368520973524 0 0
27.49234114238743 27.40702790776828 0 0
27.60700896834283 27.58364179525872 0 0
28.92240095628263 28.90840447203865 0 0
15
3.361116449094016 2.697388298414428 0 0
3.473333563864559 3.460334910045754 0 0
4.788538685061345 4.761013739884536 0 0
4.986014651761099 4.898481332043467 0 0
5.240222036848886 5.22290340861531 0 0
14.54720862018227 14.53627202894121 0 0
16.8312168352566 16.81989787990186 0 0
17.49691564696861 17.47137061662735 0 0
22.71032075433383 22.66856454700832 0 0
23.0674539634285 22.71293754811719 0 0
23.42475858050203 23.29918942041236 0 0
23.7366405810503 23.55775904760591 0 0
24.30944526271461 23.92890758036347 0 0
24.72323538870312 24.57468442077731 0 0
28.06085115275459 24.7382989588258 0 0
25
1.727357118990655 1.71489025703493 0 0
2.04562124202639 1.988504517464742 0 0
3.705369752356459 3.245173510324841 0 0
4.218762010699917 3.94790835833595 0 0
4.848450118956081 4.770511453038035 0 0
5.042375396482668 4.985243152137873 0 0
6.593536829776935 6.287578647162071 0 0
11.48934140922241 11.39397900906631 0 0
11.75560657207468 11.67381501185985 0 0
11.93012357776966 11.87510875771149 0 0
11.98535233380114 11.95970246694489 0 0
13.90873336122083 13.86727892192846 0 0
15.87098502915508 14.65611157390185 0 0
16.73486858054939 16.59206250787131 0 0
17.35610623751981 17.08381638953053 0 0
18.50638757655165 18.50318211173762 0 0
19.11315024818661 18.66927698168831 0 0
20.43118885283674 20.03638147640183 0 0
20.85052063647952 20.82394943106431 0 0
22.27643448492777 21.66106613229439 0 0
24.7204337175095 24.65019532746757 0 0
26.05220664033498 26.04864205182463 0 0
27.62401838237989 27.6238076691561 0 0
28.96286991234705 28.68113027865892 0 0
29.58736077510276 29.49003977171787 0 0
17
0.03957672226816603 0.01358068577469851 0 0
0.9864541491872799 0.9855014679956922 0 0
1.679250765858068 1.663481572307898 0 0
2.482018898226213 2.460910718413989 0 0
6.977577901959874 6.010863122407374 0 0
8.254368886013388 7.355472868636428 0 0
8.823508156946097 8.610105807569418 0 0
9.22206745051877 9.211409634238457 0 0
9.721461843565736 9.680875422437309 0 0
10.76946650555605 9.877015299783219 0 0
11.2276948206993 11.14041194044562 0 0
13.96491257440156 12.18451026839194 0 0
15.35227290775695 15.34699204513865 0 0
19.34380008634821 19.11937027244831 0 0
20.27310899629074 20.22347166348687 0 0
20.80637168464545 20.60609475744234 0 0
28.97034513604138 28.89866323879156 0 0
