# Status file for ctqmc. Used to save all times t_s, t_e.
10
23
0.6884419454987991 4.7176339856385 0 0
4.784793354680655 7.260856969403804 0 0
7.262949778075376 7.347302705843863 0 0
7.497723719028032 7.596652863647193 0 0
7.685352017077546 7.909592760122957 0 0
8.031926311657362 8.470281996964069 0 0
8.513428172802509 9.219872994438402 0 0
9.435117439141479 14.75552579637909 0 0
14.91766024529305 14.95169989705813 0 0
15.53182745624462 15.91408941854106 0 0
15.96069468964372 17.28708680027073 0 0
17.29878767604055 19.412892557345 0 0
19.42891996590579 20.04943049507671 0 0
20.06040571353324 20.88346378141074 0 0
21.25425796320134 24.49186149041138 0 0
25.0632452526794 26.13935134313708 0 0
26.14009122462477 26.42251920308978 0 0
26.90352228752787 27.10023573993439 0 0
27.10913644824701 27.12831803098898 0 0
27.13416452652571 27.76168054367631 0 0
27.82126481382757 28.64899160815236 0 0
28.76609738823591 29.76302984174455 0 0
29.86912999074454 30.04156468473458 0 0
24
0.1634850894704662 0.131378211820234 0 0
1.772680870227074 1.690059881289957 0 0
2.806514345443323 2.723537620568418 0 0
4.2417612169914 4.134230458026165 0 0
4.374921890850493 4.270691030950537 0 0
7.210618446413656 7.095959494791498 0 0
8.208014369176881 8.201025666804908 0 0
10.04683704614367 9.98012781682935 0 0
12.60847534287971 12.49063349687852 0 0
13.34154008278534 13.20854211742312 0 0
15.43730523931876 15.34201816883722 0 0
17.99127002121654 17.93388645956237 0 0
20.55482806976391 20.46448507870381 0 0
21.1419210670063 21.12837973379673 0 0
22.80221494931468 22.72016442201909 0 0
23.76279521188602 23.62446921292786 0 0
24.733889552534 24.71961500957553 0 0
25.51522485729904 25.47130192112448 0 0
26.57465875680623 26.10967685019533 0 0
26.92113636206476 26.74835684608404 0 0
27.36947341108037 27.36589007540432 0 0
27.55838461888672 27.47463927489594 0 0
28.91635299169715 28.8709302108261 0 0
29.63741971100892 29.33087943121289 0 0
16
1.887868151697132 1.761197333848287 0 0
5.008150828604091 5.004499642557651 0 0
9.158511178915552 9.04927790601125 0 0
11.30844739483407 11.23041225672779 0 0
11.93498033388419 11.93329110660261 0 0
13.12032691959416 13.10201605317292 0 0
14.07979524318207 13.78481046457624 0 0
15.12372395451994 15.05505671835123 0 0
16.18651044529987 16.06975303216021 0 0
17.89838389389871 17.86251417938219 0 0
23.80944712085117 23.73685323016603 0 0
24.43284151362644 24.25720549642885 0 0
25.19776551665955 25.08336693890785 0 0
25.9321119212297 25.92325557423496 0 0
26.48334848348468 26.41224722574336 0 0
28.6114298099903 27.95258635076828 0 0
21
0.1209216875457813 0.09687257769825308 0 0
0.8265431387384717 0.5318736870852925 0 0
1.957056132383602 1.918566311024326 0 0
3.085353102289426 2.626175702835548 0 0
3.771277651832803 3.74392914115413 0 0
12.07886677831694 12.05619879720103 0 0
14.8127233279424 14.799795678898 0 0
15.88321278780586 15.22073842380931 0 0
15.97573271135008 15.92583619873803 0 0
16.89819268430715 16.89073809824959 0 0
17.124795560256 17.05571459273469 0 0
18.35235912593285 18.1354831161309 0 0
18.82984677569355 18.59589003893111 0 0
21.2531438907987 20.70093561022835 0 0
21.89392581194112 21.53325176690808 0 0
22.59103402623298 22.46699555016415 0 0
25.06553068440719 25.02337276655416 0 0
26.29662703584703 26.28204214265225 0 0
27.47698247994806 27.47174484797773 0 0
28.12506182911313 28.09407640869783 0 0
28.72704911619436 28.63644395779016 0 0
12
0.3595106074818055 0.3543208304600789 0 0
1.34734184529024 1.091040678077354 0 0
1.768757872956343 1.370526285561095 0 0
2.893650683695765 2.08035074685173 0 0
8.157913953560092 8.131886158423109 0 0
9.170440705892529 8.899002500976803 0 0
10.0917975180205 9.71424986628298 0 0
11.20717363298965 11.12172815316961 0 0
16.09418987736339 16.02210243871836 0 0
21.68479710847316 21.66269677181805 0 0
22.08634420718504 22.05826652226001 0 0
26.52742843105981 26.52073928178707 0 0
22
1.192965773601518 0.3084491583982789 0 0
2.193069518480244 2.174575562070447 0 0
2.449438011194769 2.343019102582107 0 0
6.349664928195708 6.346915649383206 0 0
6.96271534340832 6.957237978138684 0 0
7.977200650028965 7.954897174828107 0 0
8.241039641862317 8.221323508001882 0 0
9.8086981005162 9.316896307898579 0 0
11.71057135316454 11.36705595796339 0 0
14.59490156882087 13.78476682218617 0 0
15.47690479281858 15.4090460631617 0 0
15.91514880813873 15.6075428752483 0 0
16.90869257751585 16.43972948845179 0 0
17.46900225662414 17.4027594068772 0 0
22.21120567392875 22.19663198035356 0 0
22.75514532358135 22.71169130856894 0 0
23.91982613865801 23.91217024585892 0 0
24.56040584224615 24.52879199332373 0 0
26.14858152416918 26.14063529171847 0 0
28.2770984059353 28.27695722722003 0 0
29.7750102228892 29.00011412956435 0 0
29.97334305136136 29.87008217487697 0 0
28
0.1755928089964911 1.204437344222584 0 0
1.296082542475809 1.532027508621003 0 0
1.540958809669479 1.63468048295323 0 0
1.657821255846478 2.140847424192303 0 0
2.291082936558055 2.383153871905144 0 0
2.463631121000571 3.288454935105574 0 0
4.991129443706324 5.389360199570778 0 0
6.472647494379932 6.592212108950497 0 0
7.055314886087609 7.056118247885298 0 0
7.122672456019786 9.167081840200124 0 0
9.562844518621771 10.09144906335957 0 0
10.4240156257302 10.70748021698766 0 0
10.90701553842993 11.4100196593123 0 0
11.74998877544822 13.42123002919004 0 0
13.67140689222206 13.92493335243957 0 0
14.82135748001883 15.17982991808619 0 0
15.72284212539464 17.13700240746625 0 0
17.15601134349311 17.21625323432823 0 0
17.26420110219841 17.39079411116378 0 0
17.88173195979463 20.26969578532008 0 0
20.37515785948039 22.91189080937447 0 0
23.73699315227461 23.76325781927861 0 0
23.91127751011805 24.21347650365973 0 0
24.23052473564859 24.37563291955118 0 0
25.02477520325534 25.32272821828339 0 0
26.22842802195004 27.05958067009473 0 0
27.83135389923528 29.45572876352047 0 0
29.47773856625646 29.6603117383413 0 0
23
0.8703141251871784 0.7036880498052653 0 0
1.289886477811791 1.252218900706226 0 0
2.425287948623116 2.399657723143238 0 0
2.883991346323413 2.846030175137842 0 0
3.265904636756311 3.220977650719638 0 0
3.962070546048958 3.77450226660684 0 0
5.770851971746287 5.703738597958795 0 0
6.984033998114177 6.422030076901677 0 0
7.546195516219587 7.375178296400733 0 0
8.71327110018721 8.543819910944993 0 0
8.797556490086777 8.733568553754228 0 0
13.80405301797797 13.79065055632702 0 0
15.57433278870991 15.55149035178083 0 0
16.43373850342707 16.41827682134677 0 0
17.34077150832568 17.32806764892121 0 0
19.52851951392962 18.6861673883959 0 0
20.17339068615985 20.13938677414452 0 0
20.65862674484634 20.59541217352897 0 0
22.4895368545735 22.42187818085604 0 0
26.52898395815458 26.39308252840578 0 0
26.71345806273736 26.70212664991117 0 0
28.66357273175593 28.65362315381349 0 0
29.03836368086245 28.77884661406015 0 0
18
0.1254745897027085 0.6520790087457096 0 0
0.934553675716213 5.374811115565415 0 0
5.715776270548268 5.802432819077767 0 0
5.85533241478536 6.083840998171332 0 0
6.631036901601 7.495340158221867 0 0
8.938095392609592 9.17327264527507 0 0
9.252097862553361 9.611777882766374 0 0
9.98283894147646 10.10075341673283 0 0
11.14472730305826 12.62452527975922 0 0
13.05283308171128 13.38536120489052 0 0
13.65932079183723 14.87839085107362 0 0
15.05568403907567 17.5009004688121 0 0
17.57706585789618 22.42935116554724 0 0
22.47006980888808 25.06311931306643 0 0
25.13656184130894 27.09607590711198 0 0
28.23081531458388 28.3395280520885 0 0
28.77981508375884 29.5867189360351 0 0
29.68793379189802 30.03089376419666 0 0
13
0.6669381718120522 0.6574170978879543 0 0
2.331240475217909 2.122229408528356 0 0
4.120138215255017 3.138534190784162 0 0
8.595859616708152 8.584543451118055 0 0
11.99763865870892 10.38601878656041 0 0
13.3970671227747 13.35247411631102 0 0
13.98329755198176 13.96153094564574 0 0
15.16989284806977 14.918866120597 0 0
19.62972131866795 16.97465958243134 0 0
19.89485521693967 19.81764101477454 0 0
22.43733583144392 21.29848837575025 0 0
24.64443213479128 22.54859527066654 0 0
27.9975257444252 27.99539343181128 0 0
