# Status file for ctqmc. Used to save all times t_s, t_e.
10
16
1.012195508947183 0.9526146252431065 0 0
2.51284744370145 2.401056649877164 0 0
3.127883618357821 2.890650666930435 0 0
4.258074776316033 4.00994935608187 0 0
4.475395842654708 4.46082031709897 0 0
8.745864889245437 8.464618488518658 0 0
8.917498773842915 8.887864042972236 0 0
9.894711882076917 9.714525471924985 0 0
10.70539221733348 10.65147885451597 0 0
12.11656605078475 12.11213603506054 0 0
15.01253756701 14.88920776270065 0 0
16.6446404949858 16.63171576568308 0 0
17.77769883109777 17.75110244573235 0 0
19.14269818338257 19.0803578352199 0 0
22.35721172953869 22.24873867249253 0 0
29.49090214469113 29.43470757682665 0 0
11
6.037298616779704 3.56021342896064 0 0
7.593811514154705 7.567622282982253 0 0
12.61046383956901 12.42067528751961 0 0
13.07309702710067 13.01255727965131 0 0
13.72752697013751 13.71088227803769 0 0
16.38208192214435 16.37476297140044 0 0
22.50763566609942 22.4659139978272 0 0
22.75995463514811 22.73412683559184 0 0
26.81080837053763 26.7504620361682 0 0
27.03475354708148 27.02626350720253 0 0
27.79737317542376 27.70809100421064 0 0
12
6.019518249344041 5.999469485180137 0 0
10.07807548130506 9.961412181266006 0 0
14.21213722107961 14.16791367126099 0 0
14.32830368691448 14.32548951146924 0 0
15.75275559952484 15.74675430834108 0 0
18.47709607249995 18.46929734044888 0 0
19.83086958467735 19.79022506001766 0 0
20.09055116388187 20.05545228471748 0 0
22.97931238274031 22.95527079348844 0 0
23.75669833201814 23.71025520491431 0 0
28.19087906666565 28.15565688120067 0 0
29.05570241444194 29.00219463076259 0 0
21
1.43136771556938 1.388378502163867 0 0
2.152583861465546 1.988382980453323 0 0
3.219318743457282 3.214190338165999 0 0
4.700589519126055 4.466115909104087 0 0
6.583614428202093 6.578280570604696 0 0
8.578038332965253 8.574497788597004 0 0
10.78617436304232 9.254808409091645 0 0
11.07474326626597 10.79838199077663 0 0
14.40554734017142 13.63501742644968 0 0
15.5959972623781 15.58601695434729 0 0
17.90229394868658 17.90153796158879 0 0
20.48655614180548 20.47407095336757 0 0
22.11212429826423 21.85180133123557 0 0
22.67786760823159 22.66037039914564 0 0
23.32137276922277 23.32113752382422 0 0
24.69647780803578 24.64831874868974 0 0
25.86488801988208 25.60891987419618 0 0
26.00425762519931 25.9033612597713 0 0
26.3113784312328 26.18643766963047 0 0
26.93148109743047 26.65268137129803 0 0
27.60639971892698 27.59600285021519 0 0
15
2.057015431047171 2.055937236073994 0 0
5.040317057182807 4.97664600961425 0 0
5.998804928051049 5.958347173767824 0 0
6.984011670846955 6.88655620236016 0 0
8.88182931474517 8.772190435859383 0 0
12.9218075193877 12.45420676419501 0 0
15.88751105552841 15.84793943246443 0 0
16.55960267136843 16.45779442559014 0 0
17.66579883883408 17.49678168914598 0 0
18.12812317478187 18.07103200103994 0 0
19.46114737740192 19.40121749870179 0 0
22.1767314184698 22.17305728125077 0 0
26.07085815655649 26.04939782861545 0 0
27.75591280917556 27.75439336014575 0 0
29.82373443630447 29.81548746171773 0 0
25
0.4821637402708774 0.4776093105072761 0 0
1.44942409869336 1.373328246263457 0 0
3.856226327827408 1.745888570406367 0 0
7.595442229202557 6.796999648824915 0 0
7.911122165061835 7.765677910772716 0 0
9.632007087915142 7.982462020911298 0 0
11.65697281773588 10.78905699527924 0 0
12.08044122676054 11.7860553736317 0 0
13.0237618170462 12.78341833532856 0 0
13.97263242953476 13.78310862803855 0 0
14.59441709206849 14.01333945390801 0 0
15.72686205532311 15.60972958492015 0 0
15.95413409776553 15.91587838932563 0 0
17.10889737542015 16.49807899936784 0 0
17.89184786432776 17.79958655796534 0 0
18.94056831114757 18.88605988780473 0 0
22.11383089252721 20.26330105486915 0 0
23.11235788433767 22.52103030446079 0 0
23.19934509630308 23.170421974204 0 0
23.87987960296564 23.81130939231505 0 0
24.15932150879105 23.88478497961907 0 0
26.23403638590491 24.71677443177926 0 0
26.91951965982206 26.50865234938304 0 0
27.07256956876868 26.92544254625206 0 0
28.64401976246137 27.73991885086981 0 0
25
0.174485290796742 0.04095113557322705 0 0
4.45370079009199 4.450517337711577 0 0
6.244334766777336 5.724793477448687 0 0
7.667863638076452 7.638942896372956 0 0
8.266791499273157 8.022574488891646 0 0
9.027770454145037 8.922102107003468 0 0
11.03866664978419 10.93423445863143 0 0
11.77139454865012 11.7628426948983 0 0
12.45504131680594 12.1490196527376 0 0
13.83923781663511 13.81895892657659 0 0
15.0899814267998 14.68849565441127 0 0
17.16205055735094 15.6067549909144 0 0
17.45915812851606 17.42118766130085 0 0
17.87238530224758 17.71785827185515 0 0
19.33760920497307 19.3142397567218 0 0
21.35840506039575 20.16347844053144 0 0
22.88101607683785 22.17346798549263 0 0
23.24049204122347 23.09806832786314 0 0
24.60674951467294 23.72638705990445 0 0
25.353215376982 25.09449555516172 0 0
25.84331082774213 25.82156498016852 0 0
26.79638108611414 26.73602707167916 0 0
27.78669687730802 27.64458518811091 0 0
29.09200887161403 28.2462680008651 0 0
29.26586249896453 29.24480415342654 0 0
22
0.9782272952463413 0.2390872735491567 0 0
3.024513987128003 3.019259728118557 0 0
3.514188919749726 3.468268182811129 0 0
4.168570759928502 3.990698252516035 0 0
4.394357048151 4.385273482793957 0 0
5.713454062855695 5.558941608726843 0 0
6.587932787801193 6.009926990021112 0 0
9.174099383606618 9.17174593499972 0 0
11.34533980414836 11.07057745744497 0 0
11.52538566430325 11.44016328866318 0 0
13.13440328873543 13.12789766021448 0 0
14.71847928105888 14.6338949216596 0 0
15.59935749255482 15.57114940179089 0 0
15.64319828473164 15.63512092606014 0 0
20.13751692586908 19.95555496042441 0 0
23.49633063836681 23.27227548600932 0 0
24.80234889953297 24.75700728858574 0 0
26.84079114239566 26.44113558126699 0 0
27.52753909778144 26.97660663086063 0 0
28.19653761444334 28.16368053408962 0 0
28.30895655613478 28.29792529850787 0 0
29.75445252022077 29.23900665384346 0 0
20
3.047664705121885 4.540117429853254 0 0
5.086660640646973 5.147776267259384 0 0
5.397594370057564 6.947952771458085 0 0
7.129544610405954 7.222041566954323 0 0
7.619770600795758 7.624093789888158 0 0
8.434486157511854 8.758881531099043 0 0
9.193498273213489 9.672035234036832 0 0
9.785467149636766 11.96376509369959 0 0
12.35510201770012 13.63250047490009 0 0
13.65481209390047 14.46768717411004 0 0
14.69832152384843 15.09010859309209 0 0
15.34147199008356 16.80592416872045 0 0
16.89018542198392 18.15678879144078 0 0
20.02308634251047 20.6586820291858 0 0
20.66611006661725 23.03375387931423 0 0
23.09147970754771 24.53806012938794 0 0
24.62678370269947 24.95547219105525 0 0
25.15924336469027 25.60686385990212 0 0
25.65253993497458 26.78828678289962 0 0
26.80257350954419 29.18243902998791 0 0
14
2.138976494176466 2.129439930621085 0 0
2.281882765069201 2.192447531017845 0 0
6.243437310427184 6.199620896499443 0 0
8.075175885447596 7.808632338377875 0 0
10.09600337771443 10.08129032990959 0 0
15.86916845128729 15.74251330617568 0 0
17.46133484027427 17.00182633391344 0 0
17.78450926573808 17.75903411350162 0 0
18.39607648375491 18.30996462039761 0 0
19.43326209413087 19.24227211720379 0 0
20.50794719027917 20.35778002396504 0 0
23.47675917628301 23.39227547554221 0 0
23.99954084288148 23.95603159663608 0 0
28.58189396675915 28.54553137760167 0 0
