# Status file for ctqmc. Used to save all times t_s, t_e.
10
23
0.6109182291566265 0.5560981851353786 0 0
1.445630219399727 1.292906382730699 0 0
2.188895218039115 2.141910430523374 0 0
2.615005810275381 2.60544326352294 0 0
3.049648840284006 3.003019290310229 0 0
3.481073059960813 3.38432619835325 0 0
6.777476308618681 6.699672085945299 0 0
12.4701731869342 12.27539576808347 0 0
14.07633496707828 13.85055934828875 0 0
16.7800932402786 16.73529921238642 0 0
18.28385925833021 18.20188950183743 0 0
20.0081656380387 19.9601381875457 0 0
20.35752394976586 20.26349249269693 0 0
21.12925738044227 21.0301638422964 0 0
24.00930441859283 23.88829259836392 0 0
24.18481361504621 24.13235983387326 0 0
24.98832986629489 24.33055964737181 0 0
25.33693672279526 25.25642237779267 0 0
26.00833129809242 25.93840846980066 0 0
26.16673445935505 26.11789029752708 0 0
26.60566427839792 26.2462074480566 0 0
28.35731878164594 28.30840492364407 0 0
29.84626636812156 29.83360633976579 0 0
21
0.2113441370257536 1.095741812784818 0 0
1.207693066245691 3.397087853179546 0 0
3.410476331938669 4.332659003042844 0 0
4.798460594044234 5.261786986280788 0 0
5.342939105284754 5.716202366687539 0 0
5.750126289534208 7.53784062289197 0 0
7.56241421865424 8.123779596522047 0 0
8.200568652425357 10.17136530351601 0 0
10.33671135576332 13.21437156800368 0 0
13.2219301138739 14.26274049624345 0 0
14.5705425174396 16.32965196211871 0 0
16.48992995588068 16.59277872459369 0 0
16.73123592849102 17.0970611418082 0 0
17.39449611720438 19.73479333869807 0 0
19.77001617774544 19.78359178125612 0 0
19.78851950214622 21.90236865152232 0 0
21.96919634542277 22.98371146288098 0 0
23.07988523816936 23.73254950301515 0 0
23.74869984250216 24.25103810473079 0 0
24.32384118125399 27.13845943162249 0 0
27.24240303531604 29.78491155606938 0 0
18
0.4574632256377272 0.4435455916790652 0 0
2.304737888640669 2.214102428630552 0 0
3.690748642186139 3.674120055519456 0 0
5.779536307289391 5.752371774491138 0 0
8.380469569139674 8.360056528688142 0 0
11.05062053689069 10.86856657678665 0 0
11.27018995093167 11.24251918205731 0 0
13.43323428444863 13.4058824994734 0 0
14.6136232828271 14.54862338724005 0 0
16.50917898882517 16.44515552621175 0 0
17.66109349712159 17.61137497994996 0 0
21.04234728827192 21.01039742981501 0 0
23.35331334652479 22.25764731434915 0 0
24.15132509057946 23.78393294405866 0 0
24.64985043733082 24.58178528244051 0 0
25.10857343325003 25.06960844006642 0 0
28.01021670818842 27.57237009383866 0 0
29.05469248161276 28.79467163723785 0 0
10
4.159857525488167 3.542305160219119 0 0
5.582043007053104 5.415782721939795 0 0
13.22946362512186 11.68672624939367 0 0
15.39736042204614 15.04421531091196 0 0
16.42185650887632 16.22831506709734 0 0
16.74667113097164 16.67855191332442 0 0
19.47989243871386 19.36358677385894 0 0
23.66868779900904 23.59942274818565 0 0
27.91058823311274 27.87795927109056 0 0
29.95705860057211 29.68091306738247 0 0
18
1.858004112728603 1.631207579579919 0 0
2.691555117105154 2.661814427158829 0 0
3.502653083456849 3.490220261581921 0 0
5.820081320320254 5.816535854464791 0 0
6.681304988538005 6.648908016046855 0 0
6.797163543597783 6.784758284852986 0 0
8.194247687524067 8.160001905021 0 0
9.719441986405212 8.892815083712335 0 0
11.62689394470936 11.5904499861105 0 0
13.62964329170595 13.57205480997782 0 0
15.30089475585565 15.29264503847031 0 0
16.48180525794255 16.2402858604152 0 0
16.81725038120393 16.79281117132739 0 0
19.67278792901547 19.67076196191559 0 0
20.80801286262649 20.55460389503609 0 0
20.89561552205302 20.87023675412015 0 0
23.61597552198249 23.58772989831195 0 0
25.64244515210613 25.55142475744956 0 0
27
0.5853574522782665 0.1987399983044007 0 0
2.190089987373489 1.563760476159823 0 0
3.426484820624767 3.405677231991801 0 0
4.143083202050833 3.979115861537136 0 0
5.017866968155899 4.191124390463256 0 0
5.392623627171236 5.301763968507228 0 0
7.363389026876185 5.788094335418451 0 0
7.725739027944171 7.586736809898548 0 0
9.631779125565011 9.587863110811879 0 0
10.91606489503531 10.8807591609899 0 0
15.16559335636293 14.75410531167127 0 0
16.68686349724918 16.5659522324579 0 0
17.20883377945578 17.18257073981838 0 0
18.70308632983161 18.45018443397545 0 0
20.43902938858928 20.40851594730289 0 0
21.82857057483464 21.76029532163392 0 0
22.24517277382002 21.87171515282272 0 0
23.660463002139 23.41016066652829 0 0
24.29242985318543 24.23444263314726 0 0
25.49741715004086 25.48138607863578 0 0
26.30325554495887 26.01357829161284 0 0
26.78883250914998 26.76807108327724 0 0
28.52899083009365 27.85335615272514 0 0
28.65212635123007 28.59377499330179 0 0
28.68634823603659 28.68448627810102 0 0
29.23575695852343 28.87745187162737 0 0
29.46004503388425 29.25487666732647 0 0
23
0.8432342602142651 0.6737698178442848 0 0
2.862166508047873 2.855003057754731 0 0
3.109975109043535 3.092497274040333 0 0
4.277883433719837 3.774718481449242 0 0
5.888352885819936 4.728385813420321 0 0
6.258789321917082 6.126756501884959 0 0
7.502288622630215 6.546240309924398 0 0
8.470207042271731 7.90655723492054 0 0
8.717957847025527 8.708866052049085 0 0
9.168389769545593 8.909195867598497 0 0
9.348611332566902 9.254363346255673 0 0
11.00301802124942 9.471465151444113 0 0
11.43309746754616 11.27439418693403 0 0
13.85558858785176 13.57147897682073 0 0
14.51767422313238 13.99960185752028 0 0
15.72375850981001 15.17156885627813 0 0
16.26101417666225 16.17524800521265 0 0
19.4642308454098 19.22672150928868 0 0
21.6747225456457 20.65181646895054 0 0
23.69793243557912 23.42124068817134 0 0
27.58328806501575 27.47031482920638 0 0
28.18211996193152 28.13790831916384 0 0
29.66638291092391 29.34187157001616 0 0
18
0.4067353946446918 0.3881299773021516 0 0
3.394658241606128 3.376690614917267 0 0
3.565855990325562 3.565464776966293 0 0
4.837613632949064 4.760619946216275 0 0
9.127170100340201 8.722271403556084 0 0
10.44501093733706 9.716455341105128 0 0
12.74442002570991 12.39371882530771 0 0
15.86793516326511 14.27086221373544 0 0
16.52052297736032 16.02882884162045 0 0
18.26589443764142 16.61003137867258 0 0
19.10524641637423 19.04394217356777 0 0
19.24785250252204 19.1866327300345 0 0
20.40390235431246 20.00668888902806 0 0
22.15678774599739 22.12843529216296 0 0
24.0604693295649 24.04371714507904 0 0
24.65568029306449 24.65497429090816 0 0
28.81371041834879 28.77548822353184 0 0
28.89469831737371 28.83139049016354 0 0
17
0.4776539434972946 0.5624560018266784 0 0
2.433911245104219 2.600860161532121 0 0
3.529078689938997 11.39959163004925 0 0
11.51404659337187 11.53889400922981 0 0
11.59661422894228 13.45321807682277 0 0
13.5527527110421 15.16280458436631 0 0
15.19435975684769 17.0156231568477 0 0
19.3244233920443 19.50310907192339 0 0
19.75902137002843 20.72635313161512 0 0
22.0349819444816 22.37917760302257 0 0
23.12086876824975 23.59343744564262 0 0
24.19174616151135 25.21543986558203 0 0
25.50349204257843 25.57562305262496 0 0
25.85744381145533 28.32146776401577 0 0
28.42749471249773 28.44326263120696 0 0
28.46896221033576 28.99345471933773 0 0
29.47984285068918 30.03840940809529 0 0
19
3.775934257552109 3.331684890181759 0 0
4.017430883292317 3.821892054123101 0 0
7.842980090553559 7.838375884043035 0 0
8.318942392707115 8.253758584251081 0 0
10.2689402821322 10.25311776009516 0 0
10.97311791849952 10.94140522548981 0 0
12.67986175282027 12.55610283998331 0 0
13.55731703519043 12.99470199655198 0 0
16.44827876680301 15.77510846691204 0 0
16.66900202603188 16.49322768347952 0 0
21.39860491512397 17.41616491452737 0 0
23.50899491358037 23.50218688246791 0 0
25.08803045466266 24.36973385849017 0 0
25.68053764102288 25.44921882238937 0 0
26.61733039792631 26.11875053118393 0 0
27.54794587004055 26.69214621829148 0 0
27.73297561083079 27.61689127837339 0 0
28.11948905676773 28.04301603118321 0 0
29.06704822007577 28.76844867758804 0 0
