# Status file for ctqmc. Used to save all times t_s, t_e.
10
19
4.028523882111705 3.982541194927965 0 0
5.815515265878501 5.477213713801097 0 0
6.993517286450784 6.985947206446822 0 0
8.142275051807232 8.110087575949516 0 0
8.425505459932777 8.4012043260723 0 0
9.028442103174246 8.998782552806031 0 0
9.239320491793512 9.239259186018637 0 0
13.04453444502734 13.03952754430522 0 0
15.36456097926932 13.97143096026976 0 0
15.62937210660627 15.60457430538316 0 0
17.36042623320654 17.09078416635596 0 0
17.3715090974577 17.36939384876842 0 0
18.82921796744082 18.77053620666217 0 0
19.45734230871664 19.42524606405772 0 0
19.65343930987928 19.63563411401798 0 0
20.3209745152116 20.21803438983823 0 0
22.82032910901316 22.71495256551765 0 0
25.38821876032729 24.80201019793556 0 0
26.78920612862171 26.70326739212997 0 0
13
4.388433845268558 4.374566967404388 0 0
6.194066260124399 6.073358485053969 0 0
8.600120059711513 8.59653014601051 0 0
10.37324198764207 10.36000409024019 0 0
11.20764077736982 11.144951846615 0 0
11.65810467730767 11.5999464426153 0 0
12.43179762597989 12.31473132093288 0 0
12.80185059483155 12.74956006629366 0 0
16.28999084898313 16.1778197417981 0 0
17.42800601489453 17.10850589875231 0 0
17.55963894228373 17.51266401919101 0 0
19.11130947611111 19.07921335589667 0 0
22.71436715533739 22.69429268423186 0 0
17
0.1424641279158728 0.03406703081200746 0 0
1.271926341203555 1.22238243202072 0 0
1.387359448773798 1.348166526593038 0 0
2.260066553495455 2.182995991846454 0 0
4.767698235996196 4.76687928216923 0 0
6.564950167841926 6.442262765521271 0 0
12.1035050280549 12.06536392631638 0 0
17.95045454908134 17.58797028161863 0 0
19.88210258050248 19.7557854125604 0 0
21.46122176013773 21.44329073163098 0 0
24.09901255840015 24.06396621307933 0 0
24.50514008268796 24.36752641126567 0 0
25.76879797724185 25.69883176601017 0 0
26.18414580279043 26.11856335816732 0 0
27.74010937685631 27.70055778998021 0 0
28.37879544091513 28.35445194538422 0 0
28.50559613389591 28.48984386361023 0 0
21
7.259896456769616 7.230779104430293 0 0
9.276708758508011 9.119779436089962 0 0
9.858656213213365 9.297670610756256 0 0
11.00964135190309 10.85607896638724 0 0
12.05473971841733 11.6346279313633 0 0
13.55409347789084 13.48070064127002 0 0
14.72653465986954 14.70273283894683 0 0
15.34490662707524 15.31335910792862 0 0
16.02230458068331 15.96250491647677 0 0
16.08829577145485 16.05512706122985 0 0
16.7756348816745 16.7519554155712 0 0
17.52591470764304 17.43206802837268 0 0
18.87069485285338 18.73253681508933 0 0
19.16553499559315 19.13495236445149 0 0
22.20652399430218 22.14817143563245 0 0
22.54548790257472 22.51791081157214 0 0
24.12093286231652 23.77134090396519 0 0
24.57431529913963 24.14120492047261 0 0
27.36467075078764 27.3635393018474 0 0
27.71039216077445 27.69560056636344 0 0
29.00929237010292 28.22451665251102 0 0
15
1.318813645777266 1.198238920729422 0 0
1.73466580323341 1.717375409719091 0 0
3.756097870990593 3.755384093076473 0 0
7.393566877620016 7.383835130831398 0 0
9.823848259030838 9.631070321004085 0 0
11.41837360718803 10.91865739273075 0 0
15.34064133289494 15.32463059207177 0 0
15.71397990430516 15.69842217744808 0 0
18.66950138193493 18.64974984418091 0 0
20.62567631139165 20.56715806764925 0 0
21.66841987091483 20.99473216394637 0 0
22.76023769166375 22.18752070242052 0 0
22.90467541272405 22.84112572896988 0 0
26.03726758596795 25.99312636981504 0 0
27.78174898872328 27.77819464255018 0 0
27
1.410934420101931 1.39873755260269 0 0
2.953166997324813 2.930014723876436 0 0
5.218007799458273 5.150616180831739 0 0
6.560386963920575 6.53326137691083 0 0
7.802171053172614 7.331195487939007 0 0
8.045217656202132 7.897114647005407 0 0
8.926508795189587 8.505824199842607 0 0
9.425363850902377 8.938820716908547 0 0
11.0164250727761 9.796091348176942 0 0
11.30868645904325 11.25496479950005 0 0
13.00964221340902 12.94025436471427 0 0
13.61137252181248 13.47293942109756 0 0
14.5915048432167 14.41444860972005 0 0
15.22477786969465 15.11646306353906 0 0
15.6715879596125 15.45443317789342 0 0
17.58334516614545 15.80768594040255 0 0
18.13112861932607 17.95589629393587 0 0
18.93757691831545 18.61625574691631 0 0
19.09972709627947 18.99744516443344 0 0
20.12722280758003 19.70809010409254 0 0
20.68791237746444 20.6263760643695 0 0
20.89610486326983 20.81538814862522 0 0
25.3694089514499 25.35860555829494 0 0
25.49719022030957 25.47683399227588 0 0
26.59856530500378 26.47674382650813 0 0
28.42153477824857 27.6066702125959 0 0
29.75124778836763 29.56913923386333 0 0
28
1.060735763880111 1.400953313446733 0 0
1.467053893287414 1.557231902754376 0 0
1.730185920174404 1.904205510170516 0 0
2.02657157787526 2.167884050406061 0 0
3.04911028219368 3.365117043771911 0 0
3.377801027385329 3.857099889388685 0 0
4.154885106604 4.242194985430142 0 0
4.369113830086666 4.384509846957233 0 0
4.433261228898795 4.546630994771183 0 0
4.636058966450959 5.02123027880844 0 0
5.173889602086719 5.446339731624548 0 0
5.566620550127977 6.308237681611507 0 0
6.381791137183811 8.145095825463065 0 0
8.486929129212632 8.747458461055794 0 0
8.763459886332605 11.0386261040325 0 0
12.59850018017469 13.29087708523119 0 0
13.34058265751384 14.0156285701429 0 0
14.56684886088494 15.22271712017606 0 0
15.46465356209992 18.20413598348142 0 0
18.29721702355253 19.60179135712763 0 0
19.60213310821092 20.99152830213516 0 0
20.99180601517109 25.62237716571267 0 0
25.68561384193923 26.42101204670996 0 0
26.42655008052347 26.8947652626878 0 0
27.36048732975431 27.68127561775552 0 0
27.8350697093815 28.32016889508792 0 0
29.04090539694809 29.21615127549542 0 0
29.23793714007676 29.35319355320407 0 0
11
0.8395322793805218 0.8384481729714586 0 0
1.716590202017091 1.668736794329136 0 0
2.845272201352446 2.836415644924307 0 0
3.54771539536674 3.482835067852096 0 0
8.188499685094747 8.176703787394219 0 0
10.30276279015195 10.28556220059218 0 0
10.82010503582831 10.74984097663695 0 0
12.74551523663393 12.44158577392705 0 0
22.8722029154858 22.79693333350708 0 0
29.46140497313848 29.35674904016686 0 0
29.61443741231997 29.52609134320329 0 0
25
0.7368151022923684 1.491452439104079 0 0
1.589192612341386 2.017396736877235 0 0
2.623483456167159 3.309614986336878 0 0
3.426782974431272 4.470268698171257 0 0
4.487831006926668 6.68347528626712 0 0
6.757546200336947 6.915116187993356 0 0
7.060969782689024 11.99796406692145 0 0
12.11442677648366 13.79917059862672 0 0
14.16875049377403 14.32230190127898 0 0
14.34375103628238 14.52905512339379 0 0
15.08566058448085 15.23457593863136 0 0
15.53756088663126 15.79062955527552 0 0
15.84906577311588 16.35878953893436 0 0
16.39627246764422 16.61253426108915 0 0
16.74774806028758 18.13210009131561 0 0
18.14726706071813 19.25973850672932 0 0
19.45597401643748 19.54273672703562 0 0
19.58188447765572 22.69444103569168 0 0
22.75095620378963 22.85777849651326 0 0
23.32498606961036 23.33433467885126 0 0
23.51433915026469 24.62128858498226 0 0
25.1319168515662 26.35535312721318 0 0
26.93704681962798 27.36391401614253 0 0
27.3770534342515 28.93086743579383 0 0
29.6069236805566 29.83676772112083 0 0
19
2.138819999593925 1.994723280554663 0 0
2.573245752815651 2.422470878687897 0 0
2.86950907664895 2.77286432367476 0 0
4.203618818757086 3.09775284672767 0 0
4.356695610538427 4.296732617637236 0 0
4.923527743229458 4.849114178140312 0 0
5.506917283808259 5.485608886952863 0 0
6.227875884926961 5.593193959197437 0 0
6.618478579354838 6.285652794991053 0 0
7.375830821385991 6.826967135262056 0 0
12.21321120172051 11.510371737114 0 0
13.14444729408018 12.21705517535282 0 0
15.06036973946402 15.03703550611013 0 0
15.81166008489216 15.63447271181838 0 0
16.97013967697671 16.85936349427017 0 0
17.16498997605644 17.13707258875067 0 0
19.19253811492569 19.08326766968073 0 0
22.87324062273198 22.56735317038225 0 0
25.81141611159811 25.75524934515946 0 0
