# Status file for ctqmc. Used to save all times t_s, t_e.
10
23
0.9043992989879254 0.7435941574476905 0 0
2.397850928467522 2.167579057482826 0 0
2.459568046885358 2.437271788778739 0 0
3.596340263393371 3.130224751068557 0 0
6.221672374330139 6.019047693293403 0 0
7.006673277167499 6.9066359302465 0 0
8.604785123723177 8.552071444760378 0 0
9.516264596648885 9.476546486591506 0 0
11.47606608328339 11.43457357472211 0 0
15.47522002406524 15.44714356074867 0 0
15.56901360108566 15.54547610453955 0 0
16.48710450834869 16.47177949936937 0 0
18.46749719355368 18.40143748593667 0 0
19.33233378722704 19.31419773698512 0 0
19.85068575800617 19.6523280173642 0 0
20.1445247413188 19.95573300200013 0 0
22.00010086286224 21.61151682291842 0 0
22.31351782738367 22.00955559879512 0 0
22.94597231703778 22.93865856003872 0 0
24.76197755748639 24.19044675230336 0 0
26.3849206522021 26.35958175099207 0 0
27.34102761146911 27.10910400220507 0 0
29.21038147165521 28.56774951888012 0 0
21
0.6220736510360936 0.6220333923592243 0 0
0.9208287645941935 0.9143030613644962 0 0
1.045765210244792 1.037908706723012 0 0
3.280965691331818 3.274960603694826 0 0
4.44475757512209 4.360306628221078 0 0
5.041449600213345 5.039883085498028 0 0
7.367166640960687 7.212950693088812 0 0
8.725041192449165 8.717296229860546 0 0
10.13897391313437 10.00343350231144 0 0
10.37905835875732 10.37267308171006 0 0
11.15961905939162 10.92710663872986 0 0
11.58026777216204 11.5726001723252 0 0
12.06380062848554 11.81805541659763 0 0
15.34296753363209 15.34266585244054 0 0
18.27206801085232 18.17737444471899 0 0
20.1322787349169 20.13117787173298 0 0
22.90495677006237 22.82938644787896 0 0
24.69210903701046 24.65139240582331 0 0
25.80565959057019 25.55830132562351 0 0
28.16962758933732 28.09631007580212 0 0
28.31728551523537 28.26753077689222 0 0
14
0.6157166749113387 0.5140552404837671 0 0
2.025592334458965 1.959565923377406 0 0
5.028545995357257 4.932689293661122 0 0
5.441680795345561 5.413876857408322 0 0
15.5464066475829 15.48305275357261 0 0
16.88087523184973 16.82612572393493 0 0
18.06740183774593 17.96250111569984 0 0
18.16802040771024 18.09075759601246 0 0
20.39541818483385 20.35439331986821 0 0
23.48986938822054 23.45023078627712 0 0
23.53130136782804 23.52770933831685 0 0
25.57034069474724 25.51658050264999 0 0
25.95649376713607 25.91901427571666 0 0
29.48206462872477 28.77678018074219 0 0
23
4.49235647945653 4.284351946082444 0 0
5.190891482134547 5.165831370637946 0 0
6.605050943308992 6.543935218996962 0 0
8.16805963491028 8.132544404428712 0 0
9.675201201877588 9.585053650464626 0 0
12.00752643175031 12.0055952106244 0 0
12.78638692986327 12.75698392028136 0 0
14.95154723905599 14.85642540365071 0 0
16.89680317604057 16.41543374082037 0 0
17.37784868084529 17.28276231931595 0 0
18.30963122080858 18.06410040695283 0 0
18.9615576089751 18.93879179367337 0 0
19.82367601467767 19.71000638089183 0 0
20.82174684885116 20.51894483755092 0 0
20.91234689559564 20.8282696475565 0 0
21.57856706249153 20.9899162835122 0 0
22.30814865702083 22.29179332810297 0 0
22.91071496550355 22.85333951941021 0 0
24.17540274699244 24.07598342989257 0 0
25.64637821159294 25.47980558820533 0 0
26.19330412322304 26.16302468428541 0 0
26.97405152466363 26.87234077968904 0 0
29.16290525356044 29.09654459851438 0 0
10
1.293373402157563 1.290917051537376 0 0
3.297880854331749 3.097244535439367 0 0
4.516894588627311 4.490130194492324 0 0
12.51279383485433 12.50924382756023 0 0
13.24527110001771 13.23872751508249 0 0
16.15878767252637 16.00401866793087 0 0
21.19573599102444 21.10139561521388 0 0
23.80057222834984 23.75509394991044 0 0
27.04600366277175 27.0010539335116 0 0
29.4269306374694 29.38234618589556 0 0
24
1.333934084202607 0.8005323007515575 0 0
2.529627837251513 1.870032058303836 0 0
3.990931466406385 3.379832913012641 0 0
4.342712828179567 4.290691020933213 0 0
7.189944833833747 4.866265312056838 0 0
7.545624198972533 7.226222749938024 0 0
8.23695966486504 8.188827913105877 0 0
10.14497736530184 10.05865017554588 0 0
10.61798972525453 10.46146000999696 0 0
11.4807375252338 11.09703250725841 0 0
12.70032772583087 12.51202971645293 0 0
13.71015341125114 13.22146762874094 0 0
14.28351931655027 13.81814247902523 0 0
14.88238409381665 14.4056241979051 0 0
16.43838882324787 16.22940576161432 0 0
17.01761576394767 16.87726421222758 0 0
18.11232830047486 17.74987710339642 0 0
19.23897357814544 18.45858821818725 0 0
21.83053172808966 21.1844296952878 0 0
22.97964895300501 22.92645348196835 0 0
25.14359068193154 24.99666814053053 0 0
25.79982662373121 25.7897114666714 0 0
27.51301051947329 27.4948254248306 0 0
28.8156849212084 28.18133559977867 0 0
24
0.5736423195020599 1.045541155618835 0 0
1.056590497337628 2.838402867587944 0 0
4.286354615258626 5.027861512974408 0 0
5.485049798080822 6.40440347284792 0 0
7.291337137458929 7.305131870251839 0 0
7.407805742908182 7.455483158957483 0 0
7.511709400607875 10.90096177826789 0 0
10.93038716850351 12.58377306552327 0 0
12.61895821345129 12.7886091832016 0 0
12.81233807732408 12.99849785410189 0 0
13.487493513413 17.17631861452103 0 0
17.40632171731239 18.4317921053543 0 0
18.47618207615792 18.88189422130974 0 0
18.97030445004695 19.90426928381383 0 0
19.91367914944855 20.7965764148129 0 0
20.90440450819803 21.74961592252754 0 0
21.8118774016818 21.89150520932229 0 0
21.89348643260974 22.63356888000076 0 0
22.67372879333417 23.43725137453513 0 0
23.440434728231 24.73238155599889 0 0
24.77702584028897 24.82279039169573 0 0
24.98920560764443 25.10267875265993 0 0
25.21754686778297 26.24893726710573 0 0
27.55681587145272 30.04005609631415 0 0
10
1.495655931021983 1.445346437681845 0 0
7.669069107927061 7.581193083326875 0 0
7.728275047632566 7.713607814803254 0 0
13.73292642394749 13.70985200791991 0 0
16.07756124224236 14.9353561874897 0 0
17.69850462155692 17.42164624814796 0 0
25.70291779093147 25.66058761137324 0 0
26.49636739703666 26.42695837116852 0 0
27.87584594868741 27.73585409141015 0 0
27.90646981218389 27.89577099057863 0 0
24
1.789102857737234 3.649519920139364 0 0
3.671647784015142 4.326033544183735 0 0
4.335520397719666 4.478316465791764 0 0
4.497639229174783 4.830999623024061 0 0
4.866513841436945 5.484729842434235 0 0
5.973931051436319 6.041446512737254 0 0
6.047600501704149 6.792224952485793 0 0
6.841737130140737 7.368421274726241 0 0
7.40670823866195 8.048183366029811 0 0
9.10589153945706 9.136494278087127 0 0
9.285510527648535 9.441604124500703 0 0
10.76858601623132 10.9635233566776 0 0
13.5042511865843 14.04179005678749 0 0
15.76494404739653 16.3399047570488 0 0
16.49691714026711 16.61567735908906 0 0
16.64474171524224 18.51205534248191 0 0
19.3624666866977 20.42817760632382 0 0
20.44596270788753 21.8358236081311 0 0
21.83823701250163 23.46497332168185 0 0
23.5646051357674 23.90304476182225 0 0
23.93522227622316 23.97641501946919 0 0
24.07777619624628 26.73802559635733 0 0
27.07485956355949 27.23801724448322 0 0
28.83572594898462 29.97159514125163 0 0
13
0.2045138545696332 0.4688843629572106 0 0
0.4734243341761619 3.849743498157917 0 0
3.948947944554529 7.288938808086631 0 0
10.38653581106499 12.37085130734567 0 0
12.42465017107304 15.70222595365894 0 0
15.80848992506152 16.77320404520763 0 0
16.9297867848133 19.54420273642879 0 0
19.57664194967 21.67395588742454 0 0
21.75237462916178 22.33800396023958 0 0
24.50588683913282 24.83628447812673 0 0
26.52619028693247 29.58685903439964 0 0
29.61299416563449 29.75412867528706 0 0
29.87473305709177 29.94037860622498 0 0
