# Status file for ctqmc. Used to save all times t_s, t_e.
10
17
2.638969732803549 2.598466894366096 0 0
5.50101647320279 5.367644745998984 0 0
8.382723664716961 8.220116976649701 0 0
10.23490305671791 10.18335245535149 0 0
10.69749657429285 10.64069489131885 0 0
11.32414244693845 11.22050756974915 0 0
13.07300179322487 12.63861017732075 0 0
14.63856400946972 14.50920915696231 0 0
14.90644892264861 14.82466231603974 0 0
15.74656465893733 15.20833121758409 0 0
22.0867806743566 21.91375348133404 0 0
24.23229661875072 24.2231278185912 0 0
24.79673602905438 24.73670864247683 0 0
25.05220637864418 24.89301740784735 0 0
25.53568220539198 25.47333376420834 0 0
27.8596517822654 27.75538997830319 0 0
28.69849940915951 28.6480205806611 0 0
17
0.9000441281536733 0.8901365284358453 0 0
2.209622571996617 1.878061990856251 0 0
2.477466309085892 2.381393290700125 0 0
2.966030211894748 2.763859448629707 0 0
6.306560346498011 6.151208556018306 0 0
8.837922059283247 8.758503244290958 0 0
9.068892886515131 9.061516370481575 0 0
14.06212044595546 13.94673008407809 0 0
14.13359113057062 14.10719060085336 0 0
15.33746478129222 15.28540911832336 0 0
15.60823297827512 15.54274623620268 0 0
18.73964205005596 18.59142310009313 0 0
20.40930862832067 20.36768063227696 0 0
21.6174623400924 21.56741667507009 0 0
23.02622630788685 23.0007175421807 0 0
27.75276645556355 27.20346029833497 0 0
28.52205825514447 28.34087068425727 0 0
19
0.06247775697850244 0.118550033285036 0 0
0.2683702365545315 3.027017683698968 0 0
3.095416683599893 4.082316507374662 0 0
4.277311636240629 5.757616235278482 0 0
5.798000399282929 8.878904006696301 0 0
8.897122660804634 10.01042293586826 0 0
10.03286181149073 14.41302766833329 0 0
14.41375232402428 14.45444501673925 0 0
14.46826365675097 14.54804339149188 0 0
14.60602216434488 14.87102156322911 0 0
14.91703666648002 20.63288096427002 0 0
20.63969905595198 25.29011963167126 0 0
25.35928360972939 26.42088220476288 0 0
27.02173142637879 27.32534010067591 0 0
27.33477307163773 27.8034705945404 0 0
27.81006307994343 28.06248067931569 0 0
28.08609268606308 28.13416537718592 0 0
28.18921589383297 29.78363683598239 0 0
30.01693284646152 30.03680198764622 0 0
26
1.253128293261287 1.247318731942692 0 0
2.039198270519155 1.920321478417298 0 0
2.244139030719376 2.236874386144969 0 0
5.961475426472051 5.862865305069858 0 0
10.51564073566049 10.45523479551882 0 0
12.65736263983246 12.58372011065295 0 0
12.95894355429563 12.84579920743423 0 0
14.14068287073426 14.10614479655447 0 0
14.75294617996405 14.64372087989325 0 0
15.54859963985835 15.31513150660746 0 0
16.30212354081421 16.25861174404951 0 0
17.88083638885392 17.80348256439025 0 0
18.28844741923269 18.04870272473023 0 0
18.56526918134417 18.55638702909585 0 0
19.16501292175574 19.14332876447706 0 0
20.37880729950278 20.20810112357829 0 0
22.09231715628603 22.08933127107906 0 0
22.27417811552879 22.24240288175024 0 0
22.29440133638387 22.27912274010543 0 0
22.93245020720762 22.79286602671719 0 0
25.943745183973 25.93219138047851 0 0
26.00666847796621 25.98574602386326 0 0
26.32286058779262 26.25981338099859 0 0
27.42438889307969 27.26406869407285 0 0
28.62258565321871 28.00308026651008 0 0
29.13680362633988 29.09903099080866 0 0
9
0.3074841552804521 0.1486075974101837 0 0
4.819556882803417 4.677952075083613 0 0
5.116676391927191 5.099406454840591 0 0
6.152445253691558 6.030378634293832 0 0
7.929335183956119 7.917905523237279 0 0
8.427391882927472 8.422999523930693 0 0
9.830063116056689 9.444505673686486 0 0
27.42519098426487 27.41940651949538 0 0
28.75346018160522 28.74924806967018 0 0
24
0.9960332347337011 0.3415726092959801 0 0
1.789189256142819 1.47451384775451 0 0
2.841394998925956 1.894084027351286 0 0
3.335988682010951 3.197044642097932 0 0
3.5591466717954 3.44358230740037 0 0
3.791960497714937 3.7594678024709 0 0
4.507881823031684 3.864212402760672 0 0
4.626705086553578 4.601296740910708 0 0
5.122020072431769 4.752071129603862 0 0
7.677436582924943 7.611281177943114 0 0
8.798029211480834 8.114075959904643 0 0
10.24407739958994 9.892274234910733 0 0
15.21676809289664 14.929528987428 0 0
18.44462076066275 17.81886287927594 0 0
19.70656734247784 19.27273101199804 0 0
20.74818467016797 20.68844457586346 0 0
21.56941752203369 21.27117315514829 0 0
21.99505275214947 21.65105615040381 0 0
22.4665598511062 22.45175266123488 0 0
25.54674236720152 25.2850921020259 0 0
25.84917878637698 25.72002853239422 0 0
28.28985643259055 28.21370112776876 0 0
29.06285199188459 28.48225999113593 0 0
29.68420558793913 29.63293845849968 0 0
21
2.041717149134474 1.974846016698919 0 0
2.479043655402342 2.277591323312478 0 0
3.80397053531567 3.740959128398222 0 0
4.769126949177101 4.653535458241431 0 0
5.713223086275907 5.704447098232709 0 0
7.370570554408099 6.69368104789965 0 0
7.982212968550485 7.393611070224281 0 0
9.393991337783394 8.216702830603733 0 0
9.98297943457772 9.857011513415298 0 0
13.67801268374333 12.89815542398689 0 0
13.94260600651081 13.87378976160149 0 0
16.26539497259997 15.93391952785152 0 0
17.60060370766134 17.50082104478778 0 0
18.49092913968963 17.74454533588738 0 0
18.76843823266298 18.72797657774408 0 0
18.89201053490642 18.78915044513666 0 0
19.41877756788039 19.39748284471996 0 0
21.46363927576597 20.9352607319607 0 0
21.94947336485725 21.83348740247 0 0
23.4542791503178 22.87642225496705 0 0
27.10024133607792 26.93645961096611 0 0
16
1.232792686769294 0.1893622905793997 0 0
2.656162324359826 2.574203601101516 0 0
3.995718849241846 3.85979899714851 0 0
6.098935476229729 4.441084593800873 0 0
7.488022015443722 6.362957576251035 0 0
8.409162869051871 8.407701265321661 0 0
9.900807153006657 9.857282383815665 0 0
13.70237902740247 13.39980953077255 0 0
14.80832097246037 14.62457558645849 0 0
15.49159034814401 15.1534026820815 0 0
16.11754161648338 16.02102566526643 0 0
17.15604175654082 17.06779462707117 0 0
17.66679160223985 17.59197042120265 0 0
18.33415731056218 18.32992021542894 0 0
24.55629896565043 24.49676894430121 0 0
29.92955064494247 29.49072721151549 0 0
21
0.4178787274460359 0.3164844375024565 0 0
1.064040971649729 0.9969408317712142 0 0
1.562547780359646 1.090910668630608 0 0
2.161817837048691 2.017899920909584 0 0
2.458427607697039 2.330840542286476 0 0
3.045361139225432 2.884207458822964 0 0
6.799324426783874 6.757342656513211 0 0
7.742862134629649 7.674721741773437 0 0
9.374431504010893 8.101800715472784 0 0
10.91754182570813 10.55564208305158 0 0
11.81909448960556 11.56527308604687 0 0
13.47499319931776 13.19018047803276 0 0
14.06910005267452 13.53801467101999 0 0
14.76491025321266 14.68960128792154 0 0
18.6040777802789 16.56093747565243 0 0
21.26957660632153 19.70525394629574 0 0
24.23851029936387 23.25445751720513 0 0
26.91489369433117 24.83758259294988 0 0
28.03043786225749 27.9415793227339 0 0
28.37033244753244 28.35062512629024 0 0
29.88870231101584 28.75322033700636 0 0
13
8.821457551619401 8.744144200476814 0 0
9.523797919380012 9.408534796918888 0 0
9.844084276361706 9.801877637039983 0 0
10.33691553991534 10.30748455716563 0 0
10.73114978008319 10.42152731735098 0 0
12.64684605940809 10.97572074528269 0 0
16.31964264255523 15.63056685039288 0 0
21.33306950536269 20.94741423805107 0 0
23.13207731230752 23.08237027819872 0 0
24.7816492226362 23.5798674239093 0 0
25.18010673274025 25.14127035852309 0 0
28.82148983392656 26.38459230445876 0 0
29.56261562527543 28.886779096903 0 0
