# Status file for ctqmc. Used to save all times t_s, t_e.
10
15
2.661686347226288 2.657099133548757 0 0
5.381486384627694 5.159181232283729 0 0
6.769616960256531 5.874331748771941 0 0
8.12715215123781 7.859081540411964 0 0
10.17365000059622 10.16272857402932 0 0
10.51347285644944 10.42787804966131 0 0
10.91831871110971 10.64698922147618 0 0
14.10822601976348 14.06443375876922 0 0
20.08758278580529 20.04282073230165 0 0
21.28379953492676 20.98088599088699 0 0
21.48628713994188 21.42543964844107 0 0
22.31467333476329 22.17480754731627 0 0
22.47469995514862 22.32197487102333 0 0
23.32780978845296 23.04656621304174 0 0
27.27516617143745 27.2734523137989 0 0
19
1.586062945296241 1.559261359222882 0 0
3.994005757020553 3.882227432456131 0 0
5.139030806877381 5.093560369534329 0 0
6.754313154372384 6.643660103361901 0 0
8.310256755445822 8.18282407317683 0 0
9.220502873109012 9.056892428618108 0 0
11.5555880206891 11.446119656843 0 0
11.69975578507102 11.56156902132676 0 0
14.95036789758153 14.86140190817648 0 0
15.53010181321306 15.39435717736755 0 0
15.58435357388869 15.5465205224761 0 0
19.46610527032054 19.37132460563137 0 0
19.6751520021305 19.60600812737264 0 0
20.29822177116286 20.28625540025348 0 0
21.1688431905372 21.00924305680511 0 0
21.42933157843957 21.42919836975137 0 0
23.66146052704152 23.49273585592096 0 0
26.69630270504641 26.50551427332054 0 0
29.08756975587457 28.28249582381076 0 0
15
0.512729200533645 0.2914027040863374 0 0
1.957993694391374 1.81116685531855 0 0
2.501548651468751 2.461695574967637 0 0
6.652882866028731 6.566035170911499 0 0
6.913442311086206 6.852062341937349 0 0
8.35737767974066 8.135066011961136 0 0
10.6161788556488 10.48112616776679 0 0
13.2249686363628 12.98298962299152 0 0
19.04489556224945 18.98445588327917 0 0
20.09626983846116 20.08908411299075 0 0
21.38498099847319 21.36698149739847 0 0
23.39928867073255 23.31392494402443 0 0
25.38317853240525 25.37237403694878 0 0
27.15480185811571 26.70705109943193 0 0
27.68032728884464 27.62843313546975 0 0
12
2.565965105492173 2.517342663218188 0 0
4.766406812645421 4.434892681992147 0 0
8.344565786663253 8.287917185284968 0 0
11.76396912718719 11.7260996291581 0 0
14.53871342317692 14.38953803652588 0 0
16.45032742919414 16.31913198426649 0 0
17.60971016716867 17.6037431735454 0 0
21.58332930205277 21.54352685487024 0 0
25.94643967848581 25.72064768347381 0 0
26.36745152652721 26.31083503740819 0 0
27.72238914319621 27.21590295937934 0 0
27.95909293390655 27.9511421256363 0 0
9
1.307714406025385 1.032679707466901 0 0
5.748872174048065 5.700858205128457 0 0
11.65159476057925 11.53766993642083 0 0
14.31014972880421 14.30783583911326 0 0
18.18338734894316 17.88375150492969 0 0
19.26521977366764 19.26111774430515 0 0
20.68318203726426 20.34785986114492 0 0
26.90213671149853 26.4980655987277 0 0
28.7590905380531 28.37101014500688 0 0
25
2.827652969598954 2.805169408739193 0 0
3.041945708895108 3.039169413811209 0 0
3.29610463902182 3.191971405589352 0 0
3.323450174387661 3.322588637760204 0 0
3.717339186448166 3.559186392932094 0 0
3.81318811418488 3.736076120351539 0 0
6.253989715796969 5.893219858398346 0 0
8.905275157438963 8.842874241149424 0 0
10.21619454132076 9.094564177026777 0 0
11.17929771380569 11.16433521365609 0 0
13.12712956855008 12.95119968634454 0 0
13.28270747991798 13.13818968756486 0 0
13.9676753389961 13.83279556523939 0 0
15.16614682232963 14.70425565425445 0 0
15.42952352473764 15.42548973040023 0 0
15.99063715458293 15.90207467087551 0 0
17.60748064723979 17.52971732707977 0 0
20.37346618068597 20.18571368033214 0 0
21.08434046398954 20.99765878635008 0 0
23.06791198306847 23.03310990208678 0 0
26.08310547740587 24.61451476171288 0 0
28.20340396344338 27.15875148796312 0 0
28.43373730233608 28.34731699817223 0 0
28.79944666745486 28.77441243534629 0 0
29.24648493291049 29.09361783306181 0 0
26
0.07584499429020042 0.5792587800986779 0 0
0.8633549130159789 3.775670667707396 0 0
3.845341647426432 4.257914706276937 0 0
4.465154680164477 7.067447335369506 0 0
7.130789612025472 7.290679166190554 0 0
7.322931925007222 7.750642126292334 0 0
7.792016551719983 8.456461878411025 0 0
8.897953124871126 9.168547347768937 0 0
9.180214467191252 11.56837249292733 0 0
12.84115282335173 13.35788067548646 0 0
13.71259016269102 13.88980407458206 0 0
14.30614047054241 14.56463479854516 0 0
14.57241161140352 14.94116384240916 0 0
14.97619393296903 15.56637254959442 0 0
15.72005281893421 15.93348365194371 0 0
16.59849526223238 16.70882855855855 0 0
16.71008324967956 17.44290233633798 0 0
17.52815962452613 19.16509893872322 0 0
19.29839076309831 19.65166160775922 0 0
19.73766691101848 20.26400605330637 0 0
20.33431948314043 22.04666031883342 0 0
22.53017835738321 22.63008094726013 0 0
23.23564528552877 26.87082167486159 0 0
26.88288327351129 27.0981160052424 0 0
27.60949848106969 29.06550942899663 0 0
29.12690425924412 29.18967559956942 0 0
15
1.121743489435203 1.079673894056129 0 0
4.405500212881376 1.964352294714323 0 0
4.771791944581883 4.416719780954194 0 0
5.021520657001068 4.970188739681027 0 0
6.632390198017251 5.318799947384524 0 0
8.108133336770763 7.893739740115269 0 0
11.05369559220167 10.9517137521951 0 0
12.98578481413738 12.78244803683411 0 0
15.85807004670771 15.83573011779251 0 0
17.48159528066377 16.20956900741898 0 0
22.98842654409164 22.89841261920259 0 0
23.5508247620261 23.55037143916317 0 0
23.81666867532791 23.79623276705335 0 0
26.42617497977998 26.33687319122047 0 0
28.88387133231916 28.84363591996293 0 0
25
2.451870649322764 0.6421336606270316 0 0
4.657505546743788 4.657050462841453 0 0
4.790021870820238 4.773976680159615 0 0
5.771766653861173 4.823455097280649 0 0
7.19460002499567 6.622267872281157 0 0
7.66725226641743 7.546734536814856 0 0
9.464010115241294 9.110978753083483 0 0
10.46813633647915 9.682014500829213 0 0
12.75564409799678 11.88333088142886 0 0
15.03348492673606 13.22156601786209 0 0
16.27154383370569 15.49903528968309 0 0
16.96646761335565 16.4201364406102 0 0
19.29868033329423 18.10695387227961 0 0
20.32691275929851 19.35847621676029 0 0
21.41701810867205 21.11662787556583 0 0
22.15677439402335 21.85322119049672 0 0
22.95963097039962 22.88553953183844 0 0
24.38853787042526 23.85377634967251 0 0
24.63351103819334 24.56824499555055 0 0
25.68564075188464 24.81694175281695 0 0
26.62013715160032 26.54569884915219 0 0
28.06555888918943 26.97537879226965 0 0
28.31197644891776 28.27567951086835 0 0
28.49458594126178 28.45472746479979 0 0
28.58668036237259 28.56278997642247 0 0
21
1.019026032685537 0.8765900871629617 0 0
1.691487336301428 1.433389084644911 0 0
3.214087888130444 1.946000378551457 0 0
5.491990405730308 5.484255959547054 0 0
7.985850651252075 7.816922962877767 0 0
8.814254391981375 8.797264089577096 0 0
10.88138233093644 10.33355894925226 0 0
11.89673708310954 11.56716950055626 0 0
15.44759116582841 14.92282943926995 0 0
16.53838118907042 16.44735177359878 0 0
18.08771584708639 17.25273753497815 0 0
19.47374788304499 18.20120017003091 0 0
19.65227264423527 19.60974466141461 0 0
21.30419831328206 21.26512661828567 0 0
23.32257335602659 21.54965341953519 0 0
24.65200827184261 24.30339414546134 0 0
25.45340548118167 25.1757017679506 0 0
26.52476559777566 26.47608999548414 0 0
26.89253102152205 26.87565199077397 0 0
26.97711155463822 26.90487751286085 0 0
29.82414942076086 29.64043502960322 0 0
