# Status file for ctqmc. Used to save all times t_s, t_e.
10
17
5.348210709307025 5.346328848994903 0 0
9.074846446733941 8.518636027861772 0 0
9.30228679875008 9.099917069240385 0 0
10.30614071960121 10.01133882224594 0 0
16.90934368803673 16.80004279039723 0 0
17.82614068560829 17.72449489623259 0 0
18.22494052057945 18.21953468139286 0 0
18.50084609542297 18.35103914029123 0 0
19.30061579703756 19.19547237675942 0 0
20.11356163412291 20.05166268921073 0 0
20.22498881616027 20.19112695872906 0 0
20.51106371019039 20.39933023676543 0 0
22.63272723407849 22.63211825627326 0 0
23.44118561824719 23.25233375093905 0 0
24.15508504310291 23.8539348749818 0 0
24.69649088377457 24.68983310582647 0 0
26.65079639092065 26.6467440815822 0 0
14
0.5336183224955933 0.4831019106710622 0 0
1.732005468411521 1.166074097717638 0 0
2.131769753843589 2.004723050444706 0 0
2.884959966053183 2.880697092072196 0 0
6.569137240094509 6.500652398523423 0 0
9.206730395762232 8.478758407232027 0 0
11.95249717962892 11.91056644075666 0 0
13.99958349773076 13.65338145447161 0 0
17.72013104399833 17.0498856392145 0 0
19.62821645489351 18.48617882478919 0 0
20.91302734267578 20.33150598393791 0 0
22.59515717041493 22.1375685480591 0 0
24.45675222968123 24.38655332555069 0 0
28.45032829089631 28.41751046895221 0 0
15
1.585617570506865 1.540792136608029 0 0
4.079096661690926 3.829217836312825 0 0
6.991877899629197 6.896114659162707 0 0
12.05626113753831 11.97235816852026 0 0
14.21869857576907 14.21036063727636 0 0
18.21762797749899 17.34491882104774 0 0
18.48666041894673 18.47558835758944 0 0
18.91071587599592 18.78476978215848 0 0
20.11039531778813 20.06609292173627 0 0
20.78090301146275 20.75343663788384 0 0
20.87953447610673 20.79002094462983 0 0
22.7235957629044 22.63376812991622 0 0
24.87047722593364 24.87012893070561 0 0
26.32355526763097 26.30301441206007 0 0
28.07124188898067 28.05598974247302 0 0
16
2.720886822187773 2.719285870232397 0 0
2.810335388234013 2.794071669209785 0 0
3.411668624054228 3.354448025462895 0 0
5.345126723730137 5.042478501312892 0 0
6.00058397597404 5.973169641783229 0 0
7.321006753325437 7.310605339074361 0 0
9.424480955356479 9.207844862574756 0 0
9.996744170573992 9.732085433126613 0 0
12.08881263384116 11.21669448502693 0 0
15.87337616746293 15.15643448152727 0 0
16.98838825010315 16.40471462394532 0 0
17.19380870896232 17.16570063365879 0 0
19.2412880186295 19.05829988300909 0 0
21.26732977677191 21.21642420812878 0 0
23.06788027553908 22.95051080384919 0 0
24.09642369241293 24.09070618727894 0 0
6
1.375157262319544 1.362209851617495 0 0
9.59817431418316 9.356314434235909 0 0
13.11810809494977 13.11177522748476 0 0
17.58380191994079 17.55583056372206 0 0
23.53845233810554 23.51564356537999 0 0
24.31666443556397 24.23431918001851 0 0
21
0.04584476605399246 1.174185442896102 0 0
1.408095522814774 2.64607490487042 0 0
2.777393967998644 2.862201844651 0 0
2.966783302642023 3.500797542460354 0 0
4.160214595836729 5.518907477738744 0 0
5.690771455635838 5.795357052178904 0 0
7.644904491370775 8.639892727400939 0 0
8.70068776929144 9.528489937315632 0 0
9.530445057628347 10.33067920369069 0 0
10.64837188162326 11.04437722982498 0 0
11.10208598230287 12.49858182697727 0 0
13.01198361882998 13.23289667581183 0 0
13.29652271437805 13.83043155647137 0 0
14.11946082309558 14.29408090772769 0 0
16.24317936601022 16.4765289282892 0 0
17.52949928474854 20.52245917329649 0 0
20.63397017191039 21.5942839258465 0 0
21.62015686866624 22.87560039167491 0 0
22.9738895429454 25.80376378908074 0 0
26.11225474059231 29.23832623360553 0 0
29.29248024088675 29.9637003282612 0 0
24
1.057137723167934 1.381987382686763 0 0
1.713686417354094 1.791579497119548 0 0
2.435864245153688 2.87077557384622 0 0
2.892432512813196 2.961154535826703 0 0
3.849905541334927 3.990033462644877 0 0
4.604705363498752 5.019046265241722 0 0
5.448591638208192 5.484103364775807 0 0
5.494634982411426 8.495342570201338 0 0
8.504536075596292 9.080599768239132 0 0
9.191187554790913 9.513025979550514 0 0
9.514341551576857 10.04801388763181 0 0
10.05865131450337 11.13153968170159 0 0
11.16518507724194 11.99665344674889 0 0
12.03080658595119 15.25083650913116 0 0
15.3210570098909 17.86396518107554 0 0
17.92444466649768 17.9397290215461 0 0
18.56128200278193 19.20859288140917 0 0
19.28960483288294 20.59709473070772 0 0
20.60531526939352 20.72718393840718 0 0
20.88337866756618 21.90164457524758 0 0
22.28688788934094 25.72903117466744 0 0
28.22816510403506 28.25880765709394 0 0
29.08312822333281 29.34453559513477 0 0
29.46920077118726 29.8972917956918 0 0
18
3.03842208341638 2.546727230612407 0 0
3.707744053058757 3.59647734632129 0 0
4.523478272011236 4.513091420604068 0 0
4.577309693873029 4.570180349721032 0 0
7.12568407889868 6.210970623287357 0 0
7.381703332676547 7.279481934800192 0 0
7.623819087518389 7.623636176795595 0 0
7.764708192694778 7.7059135413152 0 0
9.089040262535926 9.04695744301616 0 0
9.57166188905472 9.347214091389173 0 0
13.5618340460714 13.14045661099729 0 0
23.31323503566137 22.99361280753551 0 0
23.95066012824052 23.81256374035688 0 0
24.59302274021092 24.57494076560308 0 0
24.82097871786857 24.76924419251431 0 0
25.30988192649056 25.27190995808532 0 0
27.12276001002742 26.98896828787018 0 0
27.75586054044294 27.56230867623352 0 0
18
0.2374911084507723 0.04745285956083123 0 0
0.9377676664427486 0.2645571681888632 0 0
1.172241630911132 1.158195375374712 0 0
5.47129925327562 5.36470606039515 0 0
8.434014283523645 8.123870380964988 0 0
9.231944135765843 9.188343114186631 0 0
9.655908622992547 9.63236893503854 0 0
11.10676700268601 10.81476184471237 0 0
11.31277717811584 11.27308426115419 0 0
12.63320814194291 12.60180695353312 0 0
14.72088354352776 14.68025797600615 0 0
16.85813297621758 16.84584864152907 0 0
18.68330540732041 18.62139473602763 0 0
19.10028983668904 18.77654008050457 0 0
23.49811183743146 22.2144062512943 0 0
26.38917370497465 23.97677286019267 0 0
26.88941550205332 26.80799171780892 0 0
29.81598962027246 27.66591469881755 0 0
21
1.785752895827105 1.774717872910764 0 0
2.349170311196684 2.080963396790962 0 0
5.681040826701452 5.663994648611522 0 0
7.15983713115699 7.108392056846996 0 0
8.444577693244296 8.433964004357836 0 0
10.57451512882361 10.00722999105409 0 0
10.80264398808056 10.78057907017063 0 0
12.04801859586075 11.95712760306595 0 0
13.73151061007072 13.72824647101201 0 0
15.70429486533906 15.61791576477413 0 0
18.40294829237367 18.33071729517656 0 0
18.50528442436111 18.47800003525801 0 0
19.36680577656471 19.27959017032698 0 0
21.44174514539439 20.57978543689422 0 0
22.12850609606503 21.96518816893132 0 0
22.85154107838208 22.39750939601925 0 0
23.56849874474601 23.52328727640026 0 0
26.04105276252629 25.19126422254109 0 0
28.30855868994532 28.27715049667432 0 0
29.39871811820144 29.38110881090319 0 0
29.91788986161338 29.72697155690721 0 0
