# Status file for ctqmc. Used to save all times t_s, t_e.
10
16
0.9808121506203165 0.9277775012777418 0 0
2.396398549162681 2.355846847601106 0 0
3.616406194979632 3.610762059584154 0 0
4.984701359573814 4.68802185302003 0 0
5.083675624832326 5.011597087010499 0 0
8.498897257859314 8.220185974858108 0 0
8.769663102724801 8.550910948313957 0 0
10.34110043333233 10.31484625327083 0 0
15.42022013911219 15.36865205596043 0 0
19.44047993689237 19.34504424939984 0 0
20.10550347205619 19.99785431278738 0 0
22.43393386645805 22.30716165471307 0 0
26.22859723617751 26.02562183065783 0 0
26.87997664321092 26.85697121304669 0 0
27.11326834057282 27.02459632845795 0 0
29.58271584901138 29.27724322216234 0 0
24
0.278274476505626 0.143807701983107 0 0
1.201939043958074 1.152884447049937 0 0
3.26908112866926 3.257491765121192 0 0
3.503187859817978 3.481052957903664 0 0
5.574730549774959 5.538057636534916 0 0
6.239282408136609 6.19734679747531 0 0
6.977005277907558 6.669253758885992 0 0
7.08082114628679 7.042596161266082 0 0
7.377324016811227 7.352388267199141 0 0
10.7401298916494 10.70582519416953 0 0
12.19740895140831 10.764159386612 0 0
15.39075364931351 15.38252912686491 0 0
16.4573735174458 16.13418213157042 0 0
16.69868869886697 16.6619540709335 0 0
18.15173924844453 18.14914895710983 0 0
19.23542126812788 19.23124106685965 0 0
23.07512845067507 23.05770059970238 0 0
23.66892651441633 23.50581894270131 0 0
25.18431679609411 25.08908169063904 0 0
25.70710335322496 25.70270807345068 0 0
25.7319955725638 25.70783247077755 0 0
26.09029571101284 26.06649350715143 0 0
26.75084212756209 26.72774680491342 0 0
27.5486114302409 27.17547963985154 0 0
8
9.220226926566371 9.102086758454956 0 0
9.684281939983187 9.605113749401147 0 0
12.17115704312946 12.14008871659614 0 0
15.16875236973366 15.10477491538922 0 0
21.3453224654935 21.29460743211523 0 0
23.66444094806825 23.6478134581655 0 0
24.19501701973012 24.16025741931088 0 0
25.68424067737375 25.6601130836655 0 0
23
3.697494514093327 3.679332015986598 0 0
4.008454582894386 3.984136981545679 0 0
5.024518078891313 4.741154621139564 0 0
8.615859441765696 8.42374325904624 0 0
9.214730671403805 9.104351773706115 0 0
10.49766549615009 10.22462635589638 0 0
10.57247937749391 10.51533681398724 0 0
10.86216831639326 10.74591947610644 0 0
14.11934934877279 13.84184303345673 0 0
14.43897088959005 14.35927709862249 0 0
14.63370604790446 14.62340844705856 0 0
15.41777560510054 14.7585306407987 0 0
17.6951282881089 17.58583625807535 0 0
17.9303981331234 17.84003569076928 0 0
18.1163611024111 18.09319891039206 0 0
18.23870957100662 18.17889446721149 0 0
22.28524755590683 22.11448806725763 0 0
23.49237638156231 23.41279450125745 0 0
25.18009925410736 25.17337468482287 0 0
25.57943259826775 25.3432811687524 0 0
26.77204443211611 26.65615432155972 0 0
28.67511603117666 28.668552018467 0 0
29.3447973029371 29.30400105055338 0 0
14
1.184714802539172 1.110152006724185 0 0
3.420937558242133 3.376448859613337 0 0
4.170473290462457 4.135671676333214 0 0
13.01776946178416 12.38553570113362 0 0
14.90731590554197 14.8945090937159 0 0
17.296756732056 17.2708363975034 0 0
18.5746120574058 18.42093437125128 0 0
19.93798544356468 19.89332964488313 0 0
22.7170279205836 22.69927757295686 0 0
22.95938999916956 22.875983233583 0 0
26.90920413910363 26.87494305255555 0 0
27.744561786134 27.74245679396511 0 0
28.50529795674683 28.5038129794034 0 0
29.69345674518533 29.68791480063493 0 0
25
0.1863921208350128 1.678820816925974 0 0
2.056152511185761 2.427458398220167 0 0
3.708932463630384 3.985381683708834 0 0
4.459030058095664 5.633531492820619 0 0
5.811868164802283 7.315050309461574 0 0
7.566435040579754 8.501459590093718 0 0
9.108639706053584 9.469893860257484 0 0
9.54947462428375 9.712668706819141 0 0
10.02567361066584 10.4349158528083 0 0
10.5614855011175 11.81265843768331 0 0
12.98492826449727 13.42626081604353 0 0
13.77100696040827 14.21740600632874 0 0
14.26116925359415 14.27424441022546 0 0
14.87644393535639 17.22130800424355 0 0
17.62849498516301 18.90158405715595 0 0
19.14122871208983 19.67073694035313 0 0
19.7198833990381 20.20629727314609 0 0
20.45359816191023 21.17033473344294 0 0
21.198844841282 21.89061141223144 0 0
22.53812221973574 24.37791982213557 0 0
25.94745197504604 27.23972351621782 0 0
27.32398561176414 27.96598877604444 0 0
28.01783304444455 28.28556562675745 0 0
28.89602009347158 29.08334135388492 0 0
29.14418647213652 29.8620143105495 0 0
21
2.558372881659484 1.301204196676977 0 0
3.047537702597718 2.956576088438856 0 0
4.238290871660544 4.094763172573112 0 0
5.20261218141689 4.428990328801108 0 0
6.478005981031488 5.636158545705531 0 0
7.325961672469859 6.486098465165874 0 0
9.054231877341479 7.554209211926381 0 0
10.84797551250023 9.369675280852231 0 0
13.62308466246405 12.76866029655443 0 0
13.73299499794639 13.67478407952397 0 0
14.38781610767337 14.34207801034101 0 0
14.59322734848764 14.55824965580101 0 0
15.04398056627088 14.64829747291341 0 0
19.49943955679195 19.38784337620108 0 0
19.98776577786936 19.97062403034035 0 0
20.35537780036225 20.33702758161139 0 0
21.41714516543106 20.70508155272455 0 0
23.28732602649777 23.21505992359054 0 0
24.41757579130461 23.62516744017066 0 0
26.72791444098583 26.52299544585877 0 0
27.66094320789057 27.53777700914792 0 0
17
0.2672659289763644 0.5690489964916345 0 0
1.091736585443766 2.915434965414963 0 0
4.679366378497427 6.157458225316608 0 0
6.214157180312559 6.343840872397609 0 0
6.454495231167208 8.779418930392657 0 0
8.787541801957456 10.01300061011527 0 0
10.02235604104445 14.04141236091782 0 0
14.09897529095182 16.87677111588398 0 0
17.25669540033193 17.66909959879645 0 0
18.28902320912828 19.23572728909936 0 0
19.27862717823083 19.83869776755249 0 0
20.56274003896538 20.95347314711534 0 0
21.03079564880134 21.10201373569249 0 0
22.41148805292455 27.80368337170135 0 0
28.09148944980598 28.80948020258206 0 0
29.0942054667206 29.59122251139284 0 0
29.72471479551644 29.82433163187116 0 0
30
0.4126486222066035 0.2250838365952283 0 0
0.5824265165805009 0.4230006128492363 0 0
0.8279470960318243 0.6879615128648879 0 0
1.905284340367676 1.643623782933733 0 0
3.273600307158834 2.254146745988556 0 0
3.460785851249775 3.450176531595542 0 0
4.604431750735332 4.493657211707399 0 0
4.936950868441143 4.914632102932025 0 0
5.989871066874646 5.892313830256574 0 0
6.821953190099239 6.742140492090134 0 0
7.812765282526398 7.743791296664716 0 0
8.046062536522603 7.864626143460754 0 0
9.886004336451347 9.60169662812233 0 0
11.02016375722453 11.01205945831271 0 0
11.24377314764279 11.15299115016234 0 0
11.73073181179175 11.44776156420527 0 0
12.60156871378936 11.93620915582227 0 0
13.51199873469171 13.28912389726382 0 0
14.07411708665434 13.73646295582012 0 0
14.66415444682572 14.64926565392906 0 0
17.47103445370906 15.46160993191586 0 0
18.34979718318655 18.31100399249732 0 0
18.79500217346203 18.47589902573853 0 0
19.4415224387376 19.07918568097085 0 0
20.94683437793194 20.57772281550301 0 0
21.45795405196836 21.43811466028825 0 0
26.20645740901426 26.03746237079047 0 0
27.86715747554688 26.97321239932928 0 0
28.56799973039814 27.94862924562499 0 0
29.79622385880845 28.63426354524446 0 0
12
2.918417573838216 2.105321870468853 0 0
3.250913625416102 3.206891277345389 0 0
9.934357171757828 9.917665548878277 0 0
10.18824635909782 10.01582702475282 0 0
14.82264797879632 14.78852815443289 0 0
19.14048056050849 19.06286984819377 0 0
20.05152917635746 19.35068007305656 0 0
24.67993056682747 23.01668027617492 0 0
26.40412505257989 26.37379359387537 0 0
27.72949284245523 27.45055175848902 0 0
28.71625978379917 28.65535138840252 0 0
29.66644784907694 29.62476150452309 0 0
