# Status file for ctqmc. Used to save all times t_s, t_e.
10
22
0.06789478336794019 0.06622357806496382 0 0
1.666943472387847 1.659839266744121 0 0
6.652442418177843 6.568461162935073 0 0
7.658380905073086 7.637440666909241 0 0
8.913841049023031 8.901658194749301 0 0
10.07916491383538 9.828022179253395 0 0
10.86434500420457 10.79960431866145 0 0
12.4159960657453 12.33609220874617 0 0
14.65303656063616 14.6215201233098 0 0
17.50750504896392 17.4894668142574 0 0
19.02936360084668 18.96911360792879 0 0
19.89220960678283 19.86686411871641 0 0
20.72160043159064 20.390207275462 0 0
20.83325185235427 20.76972765166004 0 0
24.13554661092929 24.07958648154004 0 0
24.49729457414458 24.3301124412475 0 0
24.59512311923805 24.57734970410107 0 0
25.85359047227783 25.71551490843219 0 0
27.54425978172118 27.52464920298893 0 0
28.55677520983932 28.45645519103475 0 0
29.46800625571942 29.15490719811972 0 0
29.65366106490461 29.62224882411854 0 0
14
0.8586789436954511 0.8084256672950154 0 0
1.066442445339526 1.018887614135601 0 0
2.906593607676926 2.750682733811847 0 0
4.203842476173094 3.752619121357879 0 0
4.256891417784905 4.229771113303885 0 0
9.938782303619805 9.697209982569619 0 0
15.03807389425726 15.0333503151002 0 0
15.37363813348503 15.30910869695455 0 0
19.54786314948185 19.4885257914371 0 0
23.15478002735374 23.14280415419849 0 0
23.81890537407154 23.67500565788255 0 0
26.04064758987317 26.03179271036202 0 0
29.01024477577716 28.65360600395389 0 0
29.68677386704102 29.63172434741192 0 0
18
2.356657728425512 2.278092034174794 0 0
3.322525922928606 2.436093891253976 0 0
3.612149635889888 3.589885181694808 0 0
7.012470256246083 6.144613636449364 0 0
7.352151964097728 7.106911462425456 0 0
8.941737480248001 8.930124860486824 0 0
13.32082915557974 12.90636776643491 0 0
13.74774100217081 13.65109562242629 0 0
14.08891185636475 13.87675037519395 0 0
14.89738893476437 14.88645096888548 0 0
16.03521674478736 15.73056645246635 0 0
17.83459107383117 17.80971764581743 0 0
20.26096942460229 20.13969958106322 0 0
24.94108663032811 24.93254419659558 0 0
26.09630726961294 26.07651110478097 0 0
26.69814393922627 26.69313093079342 0 0
27.63791536694289 27.37798546592492 0 0
28.31025077124066 28.245817604724 0 0
17
1.963223496955584 1.863112832612571 0 0
2.136584594705698 2.112072503542209 0 0
4.780591937675263 4.706945893326822 0 0
4.874828848917659 4.796350415263515 0 0
6.786281926279347 6.750115797473097 0 0
8.902336943208576 8.841110816345143 0 0
10.1119886708548 9.850514939272665 0 0
10.53040478338915 10.4598312796561 0 0
14.14418910585449 14.11901772622582 0 0
14.55925029146505 14.48793662400457 0 0
15.71668606534448 15.29458857477745 0 0
16.10565750300566 16.08346737129465 0 0
20.48538810366335 20.46192073367218 0 0
23.73472554015937 23.72922791139965 0 0
26.46140693061894 26.41153410388639 0 0
27.88326890643531 27.77528426176092 0 0
29.11814900235886 28.91172409103176 0 0
9
2.023119959192849 1.933910123745068 0 0
8.812744320863629 8.596541352371602 0 0
9.786033588244051 9.247688801450403 0 0
12.11793598457675 12.00423772115505 0 0
14.02840992319245 14.00236630190604 0 0
15.41559693351439 15.35735723111627 0 0
21.63710765101727 21.51025756739139 0 0
23.34125760506426 23.32860946987993 0 0
26.71397905058461 26.70459125034637 0 0
25
3.341693509794426 3.503436856023266 0 0
4.267578276319768 4.848361484995129 0 0
4.896456032803915 5.26231998838803 0 0
6.924771952465286 7.00279204668858 0 0
7.761654175855771 7.802668605303436 0 0
8.868504050558904 9.989220734196358 0 0
11.82678209012705 12.13063685769353 0 0
13.29430075051769 14.68171246827417 0 0
15.83009720155738 15.89826554708053 0 0
16.06633043662292 16.12849826359967 0 0
16.83198530759212 18.87193987399531 0 0
18.95750204657813 20.32911256075955 0 0
20.4400199936508 21.16026677355629 0 0
21.22540691791228 21.27415836943442 0 0
21.32369267479757 21.67602552716327 0 0
21.75263997788002 22.10217121827508 0 0
22.11922111472347 22.21964557310528 0 0
22.34227459205709 22.4679642751138 0 0
22.61931154985586 23.76993736034751 0 0
23.82741630945625 23.97244357668642 0 0
24.27565312286489 25.63929677895538 0 0
25.6542549998392 26.40904619196917 0 0
26.53292250471804 27.80985363968706 0 0
28.13338275725062 28.53867714197858 0 0
28.77799645289322 29.34765865449101 0 0
22
0.3993095356639529 0.7542094473766181 0 0
0.8319112127291607 1.029640837526326 0 0
1.044119955978992 1.102798543892387 0 0
1.26173884666186 3.872651829638436 0 0
3.893852652840756 11.57825406066863 0 0
11.61868359125646 11.99680890962547 0 0
12.12712787576293 15.0565744957875 0 0
15.06624480988649 15.13093699157792 0 0
15.18691374091577 15.95018175099075 0 0
15.96593141272134 16.97529183648926 0 0
18.19172072084548 18.31988754865669 0 0
18.33539747479642 20.55983237066331 0 0
20.92113306113641 21.23321673171419 0 0
21.92185550739521 22.81988469449607 0 0
23.34628200553862 23.44882077146018 0 0
23.51615535838115 24.12409431184458 0 0
24.38515627658359 24.5101027749288 0 0
24.6353334983245 24.68225019422668 0 0
25.13103929709864 25.28517001308783 0 0
25.55794604609581 26.98477006355642 0 0
27.79664737949239 28.56216907521398 0 0
28.64375015317079 30.05684549400387 0 0
23
1.768012776908864 1.521250295801621 0 0
4.333534128979994 4.301816529844428 0 0
4.951655754388004 4.938093671387252 0 0
5.598536100182805 5.472199170509165 0 0
7.252781982730799 7.238913194937373 0 0
9.641829690011514 9.635772922397447 0 0
9.867897483126347 9.853620548587376 0 0
10.80074182504865 10.78972735699209 0 0
11.39982494955143 11.36650633608474 0 0
16.98778785670218 15.98464012982091 0 0
18.87738637042492 17.16770557408105 0 0
20.54293474184103 20.51457907664562 0 0
22.71174281169951 22.36859958491654 0 0
22.8585315404794 22.84835740037281 0 0
23.62060256182401 23.53152194574684 0 0
25.09853211066997 24.31626597613216 0 0
25.43754732153806 25.23426718435348 0 0
26.22005743751025 25.702976085836 0 0
27.0917095978429 26.4268440240177 0 0
27.22006169408353 27.18108947370162 0 0
28.59259976094591 28.44166818796211 0 0
29.77340182327361 29.62995643961276 0 0
29.87391488338085 29.78313038617565 0 0
25
3.255136144819905 2.126202850462236 0 0
4.077325396319418 3.986215087577913 0 0
5.229791068144712 4.097605500768057 0 0
6.062340125202118 5.980386315839059 0 0
6.462121753729972 6.433917522005718 0 0
6.838645658120169 6.655337046996182 0 0
7.903282412062493 7.509871143600882 0 0
9.176020197176747 8.32767459407898 0 0
10.33738729515719 10.32058713421563 0 0
11.56297328491037 11.43864745961898 0 0
12.39597758017484 12.30379250991426 0 0
12.5965593760077 12.44656613777789 0 0
13.82562636266598 13.44566227724791 0 0
14.755457885564 13.88518093029991 0 0
14.89284929929771 14.85210325153072 0 0
16.73141292016176 16.71948189346387 0 0
16.80068183862132 16.74620183077827 0 0
18.39154056058552 17.30013714264344 0 0
18.76265632286198 18.59189247355571 0 0
19.62705300037345 19.58181896856131 0 0
24.34979075165569 23.72355213233713 0 0
24.81575465051155 24.57973699555232 0 0
25.66579254502926 25.35655505638247 0 0
25.79485703504167 25.78980044284668 0 0
26.11568758135933 26.0222621178045 0 0
21
2.302325139294048 2.275258714003308 0 0
2.427373438186678 2.42122875157542 0 0
2.513963240546045 2.467556355737226 0 0
4.104840918114905 4.102778322723513 0 0
4.290163501782477 4.188159514292738 0 0
4.992119536239104 4.932856895016549 0 0
6.442467102310227 6.413321344104418 0 0
7.605831660884244 7.603170982786573 0 0
8.355549130947585 8.343742845512281 0 0
9.707809638516837 9.684873791133933 0 0
11.32229213140057 11.28737844535001 0 0
11.64212551078375 11.59217547496465 0 0
14.10829309516449 14.08456312012666 0 0
15.09630487081254 14.60058541716886 0 0
15.83767498593667 15.79500991832285 0 0
17.78543828108047 17.71641842646729 0 0
19.59003352642728 19.20563953570286 0 0
19.94972163261457 19.93833760900493 0 0
21.00316197857553 20.13011923090913 0 0
23.66890501816076 21.03170048727378 0 0
24.96464797921023 24.96297836973951 0 0
