# Status file for ctqmc. Used to save all times t_s, t_e.
10
23
0.7077741033721728 0.6899365284455925 0 0
1.116317125110801 0.8534645852764485 0 0
1.54437298645388 1.466988604372819 0 0
1.58389960973163 1.556294989001571 0 0
2.260913231205935 2.220197472941353 0 0
4.043360983166817 3.977979991490602 0 0
7.735175853560217 7.704289440977468 0 0
8.589829638743407 8.454619520399081 0 0
10.25643213324219 10.25263091959436 0 0
10.64281448041429 10.6398807522906 0 0
14.18073762660187 14.17787184250596 0 0
16.19095353608578 16.04877311696369 0 0
20.37230288967786 20.27862100752844 0 0
21.33447808498925 21.19394496495615 0 0
23.03021702109851 23.00262232822856 0 0
23.25211609076912 23.19180028913367 0 0
24.12742674401602 24.07380397137896 0 0
24.27173355798997 24.23455950497311 0 0
25.25473276986934 25.23811349394796 0 0
27.78935208692766 27.48448881262982 0 0
28.56786978090934 28.56462077884746 0 0
28.70380866989026 28.5918767682343 0 0
28.91873605256113 28.86348499624057 0 0
25
1.638397296595636 1.617852646452359 0 0
3.517157112985687 2.421480412402436 0 0
5.559710492236199 5.368415414180262 0 0
6.882015301219211 6.849453027786506 0 0
7.087250721925077 7.084173211202349 0 0
8.566163149314786 7.940887642307732 0 0
8.995733971293161 8.935117732929889 0 0
9.165380530815234 9.085081114618262 0 0
9.625478811435119 9.62328948327408 0 0
9.707224346707857 9.707052411568757 0 0
9.7754174152819 9.774621327960237 0 0
11.99142299270779 11.78268042838142 0 0
12.33635856318208 12.29235997874923 0 0
12.7155902861005 12.53906725154706 0 0
17.09325839018102 17.0565765600963 0 0
17.82350650579983 17.75648732256015 0 0
18.55956930942986 18.47351182517998 0 0
18.61709678817175 18.57174668689262 0 0
19.34265236717956 18.95627805457532 0 0
21.53830379129482 21.53162628978641 0 0
23.21335337657036 23.20272467373064 0 0
23.37407980347963 23.36364245015165 0 0
23.43753849554033 23.40216864145449 0 0
27.76033285998523 27.7445027340556 0 0
28.29547996338644 28.14971138747627 0 0
13
4.916775594623574 4.424298385795819 0 0
7.246549061204229 7.240938189741539 0 0
10.75544595528224 10.70992210653663 0 0
11.02451208759627 10.87276524382369 0 0
12.2812051057939 11.92659349853762 0 0
12.66030436002822 12.6287384321626 0 0
21.1500257722684 21.14433585241903 0 0
22.46642233343408 22.4077625938887 0 0
23.97070158232906 23.85196482233446 0 0
24.6813366994277 24.64079062971037 0 0
25.14221029411896 25.11868882005352 0 0
26.85258607570216 26.79159056563703 0 0
27.43822191452666 27.33920449274033 0 0
21
0.3937716868017828 0.2421803559586593 0 0
1.580440743856956 1.150738601788649 0 0
3.164833278050549 3.151690386650202 0 0
3.204156773056434 3.200133777962238 0 0
5.182713869370177 4.940934642263905 0 0
5.344259889055748 5.304050776418642 0 0
5.712400138794523 5.709155606705682 0 0
8.199754761356038 8.086536345633839 0 0
11.24925942006763 10.67658484509174 0 0
12.39573199135388 11.43720437759478 0 0
13.41297527525846 13.25231452845828 0 0
14.41764130846171 14.32390766786254 0 0
16.43408674212405 16.28716781704208 0 0
19.84860589545081 19.81536541792707 0 0
20.16098215341086 19.92588158478025 0 0
21.3182198094694 21.15159589700458 0 0
24.9018129468523 24.57769127345701 0 0
26.50928181072552 26.39773358090714 0 0
26.60530298040551 26.52134822119407 0 0
27.43277493065028 27.33712860789704 0 0
28.24877374065086 28.06635358065188 0 0
18
0.1059032889300298 0.06168896673915114 0 0
0.2286878242932389 0.2137443706400894 0 0
0.9631720327610104 0.9434521637128067 0 0
3.311531874028328 1.501333431317488 0 0
3.817223107754009 3.769539635729847 0 0
5.478027951734137 5.470945778509707 0 0
6.149768826983331 5.847312525032241 0 0
12.44470715397745 12.39707156206978 0 0
13.1536576951554 12.87201833769354 0 0
16.84293621175818 16.83954206529141 0 0
17.89433433645853 17.80881119039762 0 0
21.24522353677032 21.11630610031441 0 0
21.75196218464366 21.67712137063837 0 0
21.98794292635413 21.8881911053227 0 0
23.22946368436695 23.21956054382082 0 0
24.08353573598373 24.0740828493544 0 0
25.18884063070086 25.13885638354459 0 0
29.41895716976011 29.4162533674621 0 0
21
0.08887262447455588 0.3493690730616792 0 0
0.5271278958612614 0.7468742262932818 0 0
1.272500158883403 1.964604118077138 0 0
1.972956605287647 4.845396220853531 0 0
4.886719319433378 5.12769183139477 0 0
5.478828489580379 5.81006275033787 0 0
5.941432612961011 9.568175732280322 0 0
10.66713908047186 11.25457166648133 0 0
11.33148205253387 11.48525693630519 0 0
11.58134521787102 11.62301777707524 0 0
11.86102340236926 12.16804432286474 0 0
13.15783432777309 13.25363124860866 0 0
14.14985195505279 15.41106557302939 0 0
15.51310341208568 18.97698337797997 0 0
20.20716966974071 22.31312231057049 0 0
22.66398513011003 25.28777412921619 0 0
25.36218868816357 25.53625473383509 0 0
25.91898291964408 26.77113973443404 0 0
27.5989219485746 28.28053369496723 0 0
28.61769605379278 29.5655044695424 0 0
29.66326258147321 30.01389197734774 0 0
19
0.03389878236421495 0.09336694774013821 0 0
0.1986200188440391 0.9018425622052724 0 0
1.479555227596609 3.078055513485756 0 0
3.085381063459298 10.14762138590684 0 0
10.31679993019868 11.28195736768183 0 0
11.61165312545394 13.25174853828709 0 0
15.61599015794342 15.72393115427558 0 0
15.83506485193953 18.03791944336707 0 0
18.71184143755243 19.05287797667307 0 0
19.1124315903872 20.59870052538031 0 0
20.87375939180675 21.25241151090624 0 0
21.57622484289424 21.59020333367882 0 0
21.63065576794613 22.1881463807045 0 0
22.6065112204942 23.08179242461555 0 0
23.91784759682723 24.45055184503318 0 0
24.54899025231655 24.81242749756575 0 0
25.01408984541051 25.86853932145657 0 0
26.94926624543822 26.97170442831659 0 0
27.99633892537067 28.95880140653202 0 0
19
0.1851297971435493 0.1159562867363668 0 0
2.509259345860051 1.559247381504663 0 0
8.106651235207639 5.075766951405167 0 0
8.437793504330845 8.109457593471422 0 0
8.936388669476203 8.687733198478689 0 0
10.24159471697095 9.548314053284505 0 0
10.64838679787539 10.59400013638363 0 0
13.07719780902856 12.91328163246608 0 0
15.99339369207762 15.94497576541966 0 0
18.05465903451326 18.04177308156926 0 0
18.2547943484646 18.17759764522679 0 0
18.51103794771941 18.4452386994875 0 0
18.81052597380131 18.73570605918604 0 0
19.49285274910034 19.47164773602551 0 0
20.70329973225626 20.50221702461137 0 0
21.79951482929815 21.61039014274722 0 0
23.52405682555005 23.4982588446279 0 0
24.77389024918976 24.69927245229257 0 0
27.66190997182864 27.47905982380133 0 0
23
0.9132027385657937 0.3661209609884069 0 0
2.027975178899361 1.91090276135883 0 0
6.853468346603221 6.700071510380152 0 0
8.63106999452231 8.434723629178571 0 0
9.934141324194298 9.876660162307541 0 0
10.57559510318892 10.26374855477715 0 0
10.58863441723887 10.58846439628475 0 0
13.31634413697669 13.22635159691493 0 0
14.68624193945805 14.3917193882361 0 0
15.95014575659937 15.41419138082235 0 0
16.22137089169983 16.05720649328612 0 0
16.92873161286492 16.42830554768067 0 0
17.59429409571142 17.43016632413264 0 0
19.5702279233836 19.42587390531188 0 0
20.73657734005576 20.59298416377901 0 0
22.26990175646959 22.24025647074384 0 0
22.98065552411905 22.96838572259214 0 0
25.16939348499574 24.997354978831 0 0
25.81947195279201 25.59337205954761 0 0
28.08868425085555 27.88430442606723 0 0
29.09761974602792 28.4416073625434 0 0
29.27498655366691 29.21655474291595 0 0
29.35510289012597 29.3477635025893 0 0
13
4.189723230799069 4.149707421098394 0 0
7.646043381165457 6.865554376851646 0 0
8.297097570769049 8.290587443875909 0 0
9.725184606340813 9.623574959660813 0 0
9.741820890519358 9.736486183764308 0 0
9.934465534005302 9.886824080160778 0 0
10.762410922386 10.76151300509123 0 0
14.196086297547 14.07305112304551 0 0
15.71491623614949 15.67265102556653 0 0
16.24881939945152 16.23712592587742 0 0
18.76051600583176 18.22632773355517 0 0
23.03024929471539 22.96099001579905 0 0
24.44847451406023 24.25147226916561 0 0
