# Status file for ctqmc. Used to save all times t_s, t_e.
10
18
3.699288906576508 3.687599810020845 0 0
4.490486865537679 4.48100209357664 0 0
4.582754689150303 4.526908156902437 0 0
5.407581578934566 5.214428190309512 0 0
5.682384718446381 5.629723499108438 0 0
8.289421688979532 8.17079372896572 0 0
8.521113388347834 8.519969419476066 0 0
11.80278824401882 11.67846964301192 0 0
12.87459863920757 12.84811789831126 0 0
14.61169463379323 14.5910874282818 0 0
15.28660278254385 15.27191267602116 0 0
16.40817158411938 16.40353199104837 0 0
17.30185341992504 17.19481878318928 0 0
21.31989328394268 21.20804948876124 0 0
23.66037402466107 23.62316566360782 0 0
23.93336475187066 23.88502481141329 0 0
26.148755679928 26.01101626474855 0 0
27.13691937708569 27.11687153461621 0 0
19
1.153035402695946 1.105959727266526 0 0
2.692715460164994 2.575886535240134 0 0
4.318599225517507 4.259703798077391 0 0
5.254423722252773 5.136668544828905 0 0
6.569859465000569 6.173651599538367 0 0
6.871054423724384 6.830403060547614 0 0
8.192076581721874 7.92458881339853 0 0
10.6383208899248 10.62107401459627 0 0
11.66472220312054 11.45925128667426 0 0
12.31203143812089 12.29036516148668 0 0
12.70799299350399 12.4947573980198 0 0
13.59566524916656 13.49145039571608 0 0
16.43277030169369 16.34682640154998 0 0
18.22808474815061 17.52067258084256 0 0
19.21827756637239 18.89700282939413 0 0
25.72066536189473 25.69836573443196 0 0
26.31606973341692 26.01682013746735 0 0
28.59244033186613 28.24368016211407 0 0
29.77440546958495 29.73001842528873 0 0
11
0.07334385899139306 0.3297542224476295 0 0
0.3655922767784894 7.399680984911011 0 0
7.47646945016681 7.888860143600605 0 0
7.909449899849874 11.38073020594837 0 0
11.44110450376337 14.83582964141555 0 0
15.00031972197696 22.60030993580284 0 0
22.6428133745605 24.59017279899836 0 0
24.69190238428576 25.60210503037437 0 0
25.6150228674499 29.25238478963806 0 0
29.34499848489568 29.63466313318505 0 0
29.68003766693771 30.04601240341935 0 0
13
1.210375227171895 1.098739768401862 0 0
1.673605299487243 1.669198832650416 0 0
6.30898922785365 6.283565747793911 0 0
7.046500509718689 7.032836522685408 0 0
8.448474138548731 8.269992445369541 0 0
9.204007973316221 8.980702013656602 0 0
10.28808933715893 10.25512694879242 0 0
12.75742000246639 12.73406381768376 0 0
20.26882435970039 19.99510719928108 0 0
21.14839927641484 21.05545436543358 0 0
24.99576106148159 24.98780848705437 0 0
29.31810799672116 29.27378481875169 0 0
29.82295575528137 29.50557652738693 0 0
14
1.291019547041579 1.2786881513879 0 0
1.525942051692273 1.495014745540965 0 0
2.479225342181909 2.457839300235604 0 0
2.751964433772909 2.718679078857191 0 0
3.018141038436918 3.01176715087547 0 0
8.412825236025061 7.77171928510557 0 0
8.914458061872935 8.528236325595751 0 0
12.64605994275811 12.31043261329175 0 0
13.13800701518715 12.6805395896545 0 0
13.34010218414669 13.28987377991661 0 0
20.37978897553167 20.31648681558055 0 0
20.70971070045126 20.69582945893542 0 0
24.04063612433884 24.03924965893625 0 0
27.91016006212867 27.90022754601951 0 0
16
1.109573656739542 1.082921135841652 0 0
3.12931039683718 1.85930180578746 0 0
4.166019439863023 3.235320285731674 0 0
4.93265760777294 4.375002967844321 0 0
7.35625012764446 6.955077698027996 0 0
7.415821891828403 7.387634936161183 0 0
10.30375347459436 8.441225020426735 0 0
10.56520564340503 10.42847764540178 0 0
12.12204407485666 11.80246034637625 0 0
17.61805344253486 17.46705878671212 0 0
17.88973070031375 17.63687233792205 0 0
20.60553504127128 20.60230207659494 0 0
23.30935652636984 22.97839010628644 0 0
24.87607210186477 24.51307062217578 0 0
25.87905843918779 25.78736753480707 0 0
29.07802774958777 26.87051542402054 0 0
18
1.23811876397906 2.05703170114566 0 0
2.183128019334887 5.355995546928617 0 0
5.553956476043072 5.77751251117368 0 0
5.785448907378447 6.74388510201438 0 0
6.773988409478695 9.70608003607607 0 0
10.84223876002606 11.39302071183019 0 0
11.39455097788606 11.42741635498958 0 0
11.50651592888335 11.65287056475057 0 0
11.75071157791103 13.79222345491831 0 0
14.12701965851935 15.84708273268307 0 0
15.85531381895909 15.95912833618009 0 0
17.19933506193154 18.367801828439 0 0
20.08790276435062 22.8087288186351 0 0
22.85873877268804 23.03676200147233 0 0
23.95838401685043 26.8834032342491 0 0
28.0556303833532 29.04168905633068 0 0
29.20791588677874 29.37122980416157 0 0
29.44091941044272 30.02554100874522 0 0
10
1.238886423027825 1.087061286212958 0 0
1.989834518967189 1.898457336534257 0 0
14.19958435679675 12.71502030344305 0 0
16.21965782154759 15.84879016993053 0 0
16.82196487138339 16.22237833852905 0 0
18.08798452375648 18.05063908878475 0 0
20.31401567998354 19.61731697179191 0 0
26.38355126204803 26.37415645931394 0 0
26.94370736021955 26.91741824504545 0 0
29.75098672378812 29.29570692868091 0 0
20
0.03041408227265308 0.3982185588184459 0 0
0.5327530099066048 0.8333217883102777 0 0
1.453971100014122 1.62409951218647 0 0
2.139979462114591 2.603001459265487 0 0
3.564178143998507 3.656572195278937 0 0
4.623967842911203 5.308968578915711 0 0
7.07710558691298 7.371261497875939 0 0
7.597263318438518 12.6550937924264 0 0
12.65630080485094 14.14581470214218 0 0
14.34605363732049 14.60563906963132 0 0
15.44627540062519 15.87416722199301 0 0
15.88184491043118 16.67348369799038 0 0
18.87134726734666 19.26385535780541 0 0
20.02782170475922 20.45236952073521 0 0
21.06041879098726 21.78034959798141 0 0
21.85829737589103 22.95018600152857 0 0
23.03661975445796 24.22044076771664 0 0
25.73297655610841 26.4276738711904 0 0
26.47939907869504 27.54637780986646 0 0
27.56801277735933 30.02934707522915 0 0
13
0.2360643466016168 0.2256837349219876 0 0
1.051451529300688 0.9843258913200275 0 0
2.176573523705753 2.078220517718302 0 0
3.295656749243731 2.792811093905595 0 0
11.31485598708283 11.19899150289453 0 0
12.22464141881578 12.18875126789792 0 0
12.47485896069836 12.44264713154726 0 0
19.82908834263808 18.36763222217632 0 0
21.24209968658197 20.59340872625862 0 0
22.04134640352849 21.33848217909152 0 0
23.70090557922632 22.18519229693581 0 0
24.46013321725384 24.34615556787928 0 0
27.66619438453265 27.64830688304922 0 0
